300.1 36
300.1 35
300.2 44
300.3 40
300.3 38
300.4 41
300.5 58
300.5 81
300.6 81
300.7 53
300.7 54
300.8 79
300.9 109
300.9 151
301.0 193
301.1 245
301.1 245
301.2 219
301.3 199
301.3 155
301.4 106
301.5 94
301.5 75
301.6 44
301.7 27
301.7 16
301.8 22
301.9 27
301.9 58
302.0 98
302.1 110
302.1 97
302.2 98
302.3 127
302.3 124
302.4 63
302.5 35
302.5 26
302.6 45
302.7 97
302.7 186
302.8 235
302.9 240
302.9 255
303.0 212
303.1 148
303.1 121
303.2 129
303.3 171
303.3 182
303.4 122
303.5 83
303.5 85
303.6 58
303.7 51
303.7 65
303.8 57
303.9 37
303.9 49
304.0 74
304.1 107
304.1 135
304.2 105
304.3 84
304.3 89
304.4 87
304.5 71
304.5 90
304.6 72
304.7 51
304.7 90
304.8 86
304.9 50
304.9 45
305.0 54
305.1 88
305.1 111
305.2 110
305.3 119
305.3 93
305.4 59
305.5 35
305.5 41
305.6 32
305.7 22
305.7 23
305.8 39
305.9 35
305.9 40
306.0 65
306.1 82
306.1 91
306.2 68
306.3 31
306.3 33
306.4 25
306.5 26
306.5 41
306.6 46
306.7 60
306.7 87
306.8 92
306.9 112
306.9 129
307.0 207
307.1 270
307.1 183
307.2 117
307.3 74
307.3 41
307.4 57
307.5 81
307.5 66
307.6 27
307.7 36
307.7 49
307.8 100
307.9 147
307.9 137
308.0 147
308.1 160
308.1 140
308.2 110
308.3 96
308.3 46
308.4 27
308.5 38
308.5 66
308.6 76
308.7 99
308.7 164
308.8 257
308.9 252
308.9 264
309.0 336
309.1 414
309.1 557
309.2 593
309.3 525
309.3 440
309.4 340
309.5 234
309.5 156
309.6 84
309.7 70
309.7 107
309.8 200
309.9 281
309.9 278
310.0 324
310.1 511
310.1 593
310.2 569
310.3 481
310.3 426
310.4 349
310.5 218
310.5 181
310.6 175
310.7 209
310.7 326
310.8 448
310.9 575
310.9 822
311.0 1259
311.1 1911
311.1 2573
311.2 2825
311.3 3039
311.3 2897
311.4 2275
311.5 1578
311.5 1044
311.6 643
311.7 418
311.7 311
311.8 336
311.9 354
311.9 338
312.0 371
312.1 402
312.1 350
312.2 352
312.3 401
312.3 453
312.4 387
312.5 314
312.5 221
312.6 171
312.7 222
312.7 235
312.8 254
312.9 374
312.9 485
313.0 486
313.1 393
313.1 377
313.2 331
313.3 232
313.3 130
313.4 73
313.5 67
313.5 64
313.6 54
313.7 70
313.7 99
313.8 146
313.9 211
313.9 234
314.0 238
314.1 216
314.1 241
314.2 200
314.3 143
314.3 75
314.4 60
314.5 62
314.5 78
314.6 103
314.7 98
314.7 70
314.8 105
314.9 159
314.9 176
315.0 174
315.1 121
315.1 79
315.2 50
315.3 62
315.3 45
315.4 46
315.5 74
315.5 77
315.6 44
315.7 28
315.7 44
315.8 108
315.9 164
315.9 119
316.0 91
316.1 141
316.1 140
316.2 113
316.3 99
316.3 115
316.4 65
316.5 16
316.5 18
316.6 17
316.7 41
316.7 77
316.8 78
316.9 101
316.9 127
317.0 154
317.1 121
317.1 99
317.2 85
317.3 68
317.3 82
317.4 80
317.5 60
317.5 43
317.6 60
317.7 67
317.7 28
317.8 29
317.9 59
317.9 90
318.0 107
318.1 110
318.1 139
318.2 158
318.3 155
318.3 91
318.4 53
318.5 48
318.5 43
318.6 65
318.7 76
318.7 82
318.8 69
318.9 44
318.9 55
319.0 82
319.1 109
319.1 93
319.2 82
319.3 77
319.3 40
319.4 31
319.5 28
319.5 18
319.6 14
319.7 20
319.7 22
319.8 25
319.9 38
319.9 61
320.0 59
320.1 47
320.1 24
320.2 20
320.3 27
320.3 44
320.4 23
320.5 32
320.5 37
320.6 35
320.7 32
320.7 30
320.8 43
320.9 71
320.9 77
321.0 80
321.1 97
321.1 75
321.2 68
321.3 56
321.3 74
321.4 79
321.5 39
321.5 34
321.6 38
321.7 58
321.7 76
321.8 38
321.9 71
321.9 147
322.0 117
322.1 85
322.1 60
322.2 46
322.3 36
322.3 11
322.4 7
322.5 16
322.5 22
322.6 46
322.7 72
322.7 71
322.8 82
322.9 84
322.9 85
323.0 98
323.1 84
323.1 82
323.2 104
323.3 103
323.3 57
323.4 33
323.5 61
323.5 76
323.6 56
323.7 66
323.7 60
323.8 97
323.9 135
323.9 166
324.0 102
324.1 56
324.1 33
324.2 31
324.3 30
324.3 39
324.4 48
324.5 77
324.5 100
324.6 83
324.7 78
324.7 122
324.8 151
324.9 161
324.9 170
325.0 215
325.1 214
325.1 185
325.2 159
325.3 145
325.3 137
325.4 97
325.5 67
325.5 69
325.6 65
325.7 58
325.7 52
325.8 31
325.9 61
325.9 112
326.0 119
326.1 84
326.1 62
326.2 58
326.3 62
326.3 78
326.4 71
326.5 91
326.5 87
326.6 87
326.7 55
326.7 57
326.8 110
326.9 177
326.9 160
327.0 189
327.1 263
327.1 236
327.2 125
327.3 56
327.3 21
327.4 19
327.5 24
327.5 35
327.6 43
327.7 52
327.7 44
327.8 34
327.9 42
327.9 67
328.0 62
328.1 37
328.1 45
328.2 74
328.3 88
328.3 56
328.4 44
328.5 40
328.5 58
328.6 67
328.7 81
328.7 114
328.8 152
328.9 183
328.9 154
329.0 136
329.1 111
329.1 73
329.2 38
329.3 25
329.3 39
329.4 39
329.5 36
329.5 31
329.6 23
329.7 24
329.7 44
329.8 64
329.9 61
329.9 37
330.0 37
330.1 30
330.1 38
330.2 44
330.3 37
330.3 38
330.4 33
330.5 23
330.5 31
330.6 45
330.7 71
330.7 120
330.8 172
330.9 187
330.9 205
331.0 175
331.1 176
331.1 210
331.2 195
331.3 185
331.3 150
331.4 107
331.5 83
331.5 59
331.6 36
331.7 49
331.7 49
331.8 61
331.9 95
331.9 102
332.0 121
332.1 123
332.1 105
332.2 89
332.3 50
332.3 52
332.4 62
332.5 52
332.5 49
332.6 52
332.7 57
332.7 46
332.8 56
332.9 71
332.9 82
333.0 95
333.1 148
333.1 123
333.2 84
333.3 61
333.3 49
333.4 77
333.5 47
333.5 53
333.6 57
333.7 60
333.7 68
333.8 82
333.9 58
333.9 59
334.0 94
334.1 108
334.1 67
334.2 59
334.3 77
334.3 62
334.4 68
334.5 59
334.5 26
334.6 33
334.7 43
334.7 52
334.8 49
334.9 54
334.9 52
335.0 67
335.1 100
335.1 81
335.2 64
335.3 57
335.3 39
335.4 33
335.5 68
335.5 76
335.6 49
335.7 53
335.7 63
335.8 66
335.9 87
335.9 88
336.0 43
336.1 53
336.1 79
336.2 94
336.3 99
336.3 75
336.4 36
336.5 26
336.5 40
336.6 45
336.7 58
336.7 38
336.8 48
336.9 95
336.9 115
337.0 83
337.1 57
337.1 48
337.2 72
337.3 89
337.3 76
337.4 77
337.5 68
337.5 34
337.6 33
337.7 66
337.7 115
337.8 145
337.9 120
337.9 93
338.0 73
338.1 74
338.1 116
338.2 105
338.3 63
338.3 37
338.4 44
338.5 74
338.5 103
338.6 98
338.7 61
338.7 60
338.8 117
338.9 142
338.9 105
339.0 98
339.1 99
339.1 97
339.2 79
339.3 51
339.3 42
339.4 22
339.5 10
339.5 13
339.6 21
339.7 41
339.7 25
339.8 15
339.9 29
339.9 54
340.0 67
340.1 53
340.1 36
340.2 53
340.3 61
340.3 57
340.4 32
340.5 15
340.5 13
340.6 39
340.7 33
340.7 51
340.8 93
340.9 118
340.9 166
341.0 251
341.1 289
341.1 240
341.2 168
341.3 209
341.3 236
341.4 160
341.5 89
341.5 51
341.6 71
341.7 102
341.7 120
341.8 87
341.9 48
341.9 40
342.0 42
342.1 74
342.1 93
342.2 108
342.3 132
342.3 113
342.4 64
342.5 47
342.5 67
342.6 106
342.7 103
342.7 115
342.8 96
342.9 92
342.9 100
343.0 121
343.1 148
343.1 128
343.2 100
343.3 68
343.3 43
343.4 31
343.5 36
343.5 32
343.6 32
343.7 43
343.7 27
343.8 34
343.9 49
343.9 44
344.0 53
344.1 70
344.1 73
344.2 53
344.3 60
344.3 46
344.4 40
344.5 43
344.5 67
344.6 88
344.7 55
344.7 69
344.8 123
344.9 189
344.9 221
345.0 246
345.1 276
345.1 273
345.2 228
345.3 196
345.3 152
345.4 79
345.5 41
345.5 88
345.6 145
345.7 100
345.7 67
345.8 105
345.9 141
345.9 150
346.0 138
346.1 133
346.1 94
346.2 32
346.3 38
346.3 42
346.4 45
346.5 48
346.5 56
346.6 69
346.7 68
346.7 66
346.8 128
346.9 120
346.9 112
347.0 126
347.1 137
347.1 131
347.2 148
347.3 150
347.3 92
347.4 64
347.5 62
347.5 68
347.6 84
347.7 102
347.7 84
347.8 76
347.9 61
347.9 43
348.0 70
348.1 59
348.1 45
348.2 31
348.3 36
348.3 35
348.4 26
348.5 31
348.5 32
348.6 23
348.7 21
348.7 15
348.8 25
348.9 25
348.9 58
349.0 96
349.1 111
349.1 125
349.2 131
349.3 103
349.3 64
349.4 56
349.5 73
349.5 106
349.6 98
349.7 80
349.7 111
349.8 173
349.9 140
349.9 96
350.0 58
350.1 59
350.1 55
350.2 63
350.3 67
350.3 76
350.4 47
350.5 22
350.5 34
350.6 35
350.7 28
350.7 38
350.8 62
350.9 121
350.9 147
351.0 123
351.1 151
351.1 141
351.2 125
351.3 130
351.3 101
351.4 63
351.5 68
351.5 75
351.6 91
351.7 109
351.7 120
351.8 167
351.9 209
351.9 196
352.0 138
352.1 124
352.1 108
352.2 108
352.3 84
352.3 50
352.4 23
352.5 30
352.5 54
352.6 71
352.7 83
352.7 77
352.8 110
352.9 131
352.9 116
353.0 133
353.1 110
353.1 96
353.2 90
353.3 93
353.3 99
353.4 127
353.5 118
353.5 128
353.6 169
353.7 225
353.7 227
353.8 198
353.9 169
353.9 177
354.0 182
354.1 140
354.1 137
354.2 142
354.3 168
354.3 141
354.4 146
354.5 209
354.5 284
354.6 343
354.7 308
354.7 319
354.8 360
354.9 355
354.9 402
355.0 473
355.1 513
355.1 416
355.2 267
355.3 191
355.3 147
355.4 80
355.5 81
355.5 99
355.6 85
355.7 53
355.7 52
355.8 85
355.9 86
355.9 72
356.0 71
356.1 60
356.1 73
356.2 90
356.3 72
356.3 81
356.4 67
356.5 67
356.5 58
356.6 76
356.7 89
356.7 133
356.8 173
356.9 167
356.9 171
357.0 175
357.1 129
357.1 100
357.2 72
357.3 62
357.3 53
357.4 45
357.5 50
357.5 67
357.6 96
357.7 65
357.7 34
357.8 52
357.9 44
357.9 41
358.0 60
358.1 81
358.1 79
358.2 60
358.3 49
358.3 50
358.4 42
358.5 45
358.5 53
358.6 65
358.7 77
358.7 81
358.8 106
358.9 150
358.9 112
359.0 105
359.1 200
359.1 291
359.2 287
359.3 250
359.3 223
359.4 241
359.5 269
359.5 220
359.6 142
359.7 96
359.7 175
359.8 249
359.9 240
359.9 169
360.0 122
360.1 115
360.1 87
360.2 67
360.3 59
360.3 58
360.4 63
360.5 57
360.5 59
360.6 55
360.7 60
360.7 75
360.8 55
360.9 59
360.9 105
361.0 184
361.1 195
361.1 119
361.2 141
361.3 158
361.3 126
361.4 91
361.5 81
361.5 77
361.6 92
361.7 100
361.7 61
361.8 68
361.9 81
361.9 51
362.0 23
362.1 47
362.1 72
362.2 82
362.3 69
362.3 81
362.4 86
362.5 75
362.5 60
362.6 57
362.7 115
362.7 160
362.8 182
362.9 218
362.9 318
363.0 428
363.1 366
363.1 229
363.2 205
363.3 234
363.3 203
363.4 140
363.5 85
363.5 58
363.6 52
363.7 80
363.7 86
363.8 127
363.9 126
363.9 116
364.0 75
364.1 72
364.1 100
364.2 114
364.3 87
364.3 150
364.4 208
364.5 142
364.5 115
364.6 133
364.7 173
364.7 212
364.8 316
364.9 458
364.9 468
365.0 458
365.1 487
365.1 428
365.2 354
365.3 339
365.3 351
365.4 345
365.5 237
365.5 156
365.6 148
365.7 206
365.7 301
365.8 331
365.9 321
365.9 318
366.0 320
366.1 286
366.1 193
366.2 173
366.3 150
366.3 90
366.4 58
366.5 44
366.5 64
366.6 81
366.7 131
366.7 180
366.8 293
366.9 319
366.9 269
367.0 205
367.1 252
367.1 262
367.2 164
367.3 95
367.3 46
367.4 58
367.5 55
367.5 73
367.6 127
367.7 164
367.7 199
367.8 248
367.9 268
367.9 272
368.0 336
368.1 395
368.1 413
368.2 355
368.3 257
368.3 171
368.4 91
368.5 60
368.5 40
368.6 51
368.7 68
368.7 51
368.8 49
368.9 37
368.9 86
369.0 136
369.1 126
369.1 102
369.2 97
369.3 78
369.3 54
369.4 28
369.5 21
369.5 32
369.6 70
369.7 77
369.7 62
369.8 50
369.9 53
369.9 113
370.0 187
370.1 222
370.1 180
370.2 120
370.3 59
370.3 30
370.4 29
370.5 48
370.5 64
370.6 87
370.7 105
370.7 101
370.8 119
370.9 123
370.9 183
371.0 182
371.1 202
371.1 192
371.2 183
371.3 165
371.3 123
371.4 120
371.5 80
371.5 80
371.6 80
371.7 67
371.7 60
371.8 51
371.9 74
371.9 100
372.0 120
372.1 185
372.1 153
372.2 128
372.3 136
372.3 121
372.4 90
372.5 120
372.5 117
372.6 158
372.7 201
372.7 168
372.8 191
372.9 288
372.9 323
373.0 291
373.1 277
373.1 254
373.2 214
373.3 180
373.3 133
373.4 54
373.5 26
373.5 42
373.6 39
373.7 24
373.7 21
373.8 36
373.9 71
373.9 81
374.0 65
374.1 51
374.1 76
374.2 110
374.3 110
374.3 111
374.4 116
374.5 108
374.5 126
374.6 115
374.7 112
374.7 62
374.8 41
374.9 91
374.9 144
375.0 115
375.1 116
375.1 102
375.2 55
375.3 33
375.3 49
375.4 36
375.5 40
375.5 18
375.6 13
375.7 20
375.7 25
375.8 34
375.9 26
375.9 30
376.0 44
376.1 31
376.1 36
376.2 80
376.3 70
376.3 42
376.4 35
376.5 53
376.5 65
376.6 69
376.7 54
376.7 51
376.8 50
376.9 105
376.9 112
377.0 83
377.1 100
377.1 109
377.2 110
377.3 79
377.3 44
377.4 20
377.5 28
377.5 34
377.6 35
377.7 27
377.7 34
377.8 46
377.9 43
377.9 46
378.0 84
378.1 96
378.1 101
378.2 64
378.3 24
378.3 26
378.4 39
378.5 48
378.5 30
378.6 41
378.7 75
378.7 80
378.8 72
378.9 61
378.9 74
379.0 145
379.1 164
379.1 155
379.2 121
379.3 82
379.3 48
379.4 25
379.5 47
379.5 95
379.6 125
379.7 125
379.7 134
379.8 248
379.9 484
379.9 702
380.0 689
380.1 550
380.1 432
380.2 349
380.3 254
380.3 166
380.4 198
380.5 207
380.5 136
380.6 161
380.7 231
380.7 252
380.8 288
380.9 282
380.9 288
381.0 345
381.1 337
381.1 303
381.2 259
381.3 220
381.3 211
381.4 163
381.5 159
381.5 132
381.6 156
381.7 277
381.7 460
381.8 673
381.9 866
381.9 1012
382.0 1167
382.1 1270
382.1 1067
382.2 715
382.3 502
382.3 290
382.4 222
382.5 237
382.5 179
382.6 82
382.7 85
382.7 92
382.8 121
382.9 149
382.9 153
383.0 163
383.1 193
383.1 232
383.2 182
383.3 110
383.3 117
383.4 97
383.5 72
383.5 53
383.6 43
383.7 50
383.7 84
383.8 93
383.9 73
383.9 78
384.0 86
384.1 122
384.1 124
384.2 123
384.3 122
384.3 110
384.4 74
384.5 45
384.5 67
384.6 72
384.7 78
384.7 97
384.8 95
384.9 60
384.9 54
385.0 75
385.1 104
385.1 114
385.2 91
385.3 75
385.3 83
385.4 63
385.5 50
385.5 45
385.6 53
385.7 53
385.7 43
385.8 43
385.9 45
385.9 52
386.0 81
386.1 134
386.1 95
386.2 76
386.3 78
386.3 67
386.4 52
386.5 55
386.5 51
386.6 40
386.7 32
386.7 52
386.8 91
386.9 114
386.9 123
387.0 103
387.1 57
387.1 68
387.2 58
387.3 67
387.3 62
387.4 48
387.5 51
387.5 46
387.6 22
387.7 7
387.7 14
387.8 15
387.9 47
387.9 94
388.0 149
388.1 166
388.1 123
388.2 65
388.3 34
388.3 28
388.4 50
388.5 48
388.5 36
388.6 42
388.7 81
388.7 145
388.8 125
388.9 161
388.9 213
389.0 189
389.1 144
389.1 154
389.2 150
389.3 124
389.3 124
389.4 84
389.5 88
389.5 107
389.6 92
389.7 78
389.7 113
389.8 118
389.9 137
389.9 211
390.0 167
390.1 106
390.1 122
390.2 120
390.3 111
390.3 81
390.4 71
390.5 76
390.5 83
390.6 96
390.7 100
390.7 89
390.8 86
390.9 116
390.9 168
391.0 176
391.1 173
391.1 240
391.2 290
391.3 212
391.3 154
391.4 146
391.5 124
391.5 108
391.6 85
391.7 81
391.7 72
391.8 117
391.9 160
391.9 166
392.0 151
392.1 164
392.1 179
392.2 164
392.3 147
392.3 136
392.4 114
392.5 75
392.5 37
392.6 24
392.7 54
392.7 87
392.8 96
392.9 104
392.9 133
393.0 96
393.1 134
393.1 159
393.2 138
393.3 94
393.3 68
393.4 66
393.5 69
393.5 65
393.6 92
393.7 133
393.7 156
393.8 246
393.9 368
393.9 414
394.0 441
394.1 345
394.1 315
394.2 294
394.3 258
394.3 212
394.4 154
394.5 127
394.5 80
394.6 160
394.7 217
394.7 323
394.8 431
394.9 427
394.9 418
395.0 450
395.1 485
395.1 480
395.2 438
395.3 365
395.3 291
395.4 211
395.5 197
395.5 239
395.6 276
395.7 322
395.7 394
395.8 516
395.9 673
395.9 774
396.0 721
396.1 665
396.1 576
396.2 469
396.3 304
396.3 238
396.4 236
396.5 233
396.5 209
396.6 184
396.7 201
396.7 218
396.8 225
396.9 258
396.9 328
397.0 449
397.1 504
397.1 482
397.2 370
397.3 255
397.3 163
397.4 121
397.5 154
397.5 148
397.6 175
397.7 170
397.7 193
397.8 223
397.9 264
397.9 203
398.0 156
398.1 99
398.1 118
398.2 163
398.3 172
398.3 143
398.4 143
398.5 198
398.5 257
398.6 349
398.7 508
398.7 724
398.8 929
398.9 1101
398.9 1262
399.0 1283
399.1 1088
399.1 804
399.2 563
399.3 419
399.3 283
399.4 192
399.5 138
399.5 91
399.6 61
399.7 71
399.7 117
399.8 117
399.9 116
399.9 88
400.0 88
400.1 164
400.1 146
400.2 119
400.3 143
400.3 142
400.4 67
400.5 39
400.5 59
400.6 48
400.7 38
400.7 62
400.8 77
400.9 65
400.9 66
401.0 52
401.1 62
401.1 53
401.2 47
401.3 50
401.3 47
401.4 88
401.5 95
401.5 59
401.6 49
401.7 65
401.7 45
401.8 61
401.9 112
401.9 127
402.0 99
402.1 64
402.1 46
402.2 65
402.3 58
402.3 102
402.4 109
402.5 64
402.5 14
402.6 35
402.7 48
402.7 44
402.8 74
402.9 125
402.9 136
403.0 102
403.1 72
403.1 100
403.2 133
403.3 116
403.3 80
403.4 79
403.5 101
403.5 144
403.6 149
403.7 169
403.7 196
403.8 176
403.9 113
403.9 116
404.0 143
404.1 106
404.1 88
404.2 73
404.3 30
404.3 44
404.4 87
404.5 120
404.5 133
404.6 111
404.7 156
404.7 202
404.8 188
404.9 176
404.9 184
405.0 156
405.1 134
405.1 102
405.2 63
405.3 73
405.3 120
405.4 176
405.5 196
405.5 241
405.6 284
405.7 290
405.7 320
405.8 303
405.9 240
405.9 232
406.0 172
406.1 147
406.1 148
406.2 165
406.3 194
406.3 193
406.4 148
406.5 94
406.5 70
406.6 60
406.7 97
406.7 151
406.8 189
406.9 147
406.9 142
407.0 137
407.1 104
407.1 82
407.2 95
407.3 85
407.3 98
407.4 72
407.5 30
407.5 50
407.6 87
407.7 75
407.7 102
407.8 108
407.9 83
407.9 118
408.0 178
408.1 234
408.1 200
408.2 158
408.3 133
408.3 144
408.4 169
408.5 178
408.5 112
408.6 134
408.7 164
408.7 177
408.8 154
408.9 120
408.9 111
409.0 159
409.1 161
409.1 107
409.2 87
409.3 96
409.3 89
409.4 40
409.5 30
409.5 28
409.6 38
409.7 25
409.7 44
409.8 75
409.9 81
409.9 58
410.0 44
410.1 88
410.1 125
410.2 118
410.3 95
410.3 128
410.4 192
410.5 122
410.5 41
410.6 22
410.7 23
410.7 15
410.8 17
410.9 52
410.9 80
411.0 105
411.1 113
411.1 90
411.2 66
411.3 60
411.3 113
411.4 111
411.5 67
411.5 50
411.6 37
411.7 37
411.7 23
411.8 26
411.9 80
411.9 77
412.0 63
412.1 91
412.1 119
412.2 100
412.3 63
412.3 59
412.4 45
412.5 15
412.5 13
412.6 30
412.7 32
412.7 50
412.8 74
412.9 56
412.9 47
413.0 46
413.1 46
413.1 65
413.2 98
413.3 142
413.3 73
413.4 35
413.5 64
413.5 71
413.6 46
413.7 38
413.7 60
413.8 82
413.9 82
413.9 72
414.0 62
414.1 51
414.1 87
414.2 131
414.3 124
414.3 150
414.4 129
414.5 81
414.5 34
414.6 82
414.7 145
414.7 144
414.8 166
414.9 228
414.9 324
415.0 389
415.1 452
415.1 425
415.2 390
415.3 386
415.3 343
415.4 205
415.5 110
415.5 48
415.6 48
415.7 103
415.7 156
415.8 156
415.9 152
415.9 235
416.0 271
416.1 309
416.1 341
416.2 279
416.3 250
416.3 218
416.4 155
416.5 117
416.5 134
416.6 114
416.7 88
416.7 86
416.8 124
416.9 165
416.9 179
417.0 143
417.1 185
417.1 229
417.2 204
417.3 144
417.3 137
417.4 115
417.5 58
417.5 59
417.6 94
417.7 127
417.7 98
417.8 60
417.9 95
417.9 103
418.0 111
418.1 139
418.1 115
418.2 74
418.3 62
418.3 55
418.4 81
418.5 96
418.5 63
418.6 30
418.7 21
418.7 31
418.8 34
418.9 84
418.9 171
419.0 204
419.1 227
419.1 265
419.2 311
419.3 373
419.3 391
419.4 305
419.5 226
419.5 156
419.6 99
419.7 96
419.7 91
419.8 127
419.9 143
419.9 150
420.0 171
420.1 180
420.1 201
420.2 245
420.3 171
420.3 111
420.4 111
420.5 143
420.5 197
420.6 229
420.7 288
420.7 264
420.8 214
420.9 164
420.9 111
421.0 160
421.1 254
421.1 243
421.2 250
421.3 217
421.3 214
421.4 202
421.5 178
421.5 101
421.6 121
421.7 176
421.7 265
421.8 290
421.9 279
421.9 256
422.0 198
422.1 201
422.1 252
422.2 232
422.3 183
422.3 161
422.4 228
422.5 202
422.5 153
422.6 179
422.7 232
422.7 212
422.8 173
422.9 171
422.9 131
423.0 96
423.1 93
423.1 99
423.2 99
423.3 116
423.3 75
423.4 36
423.5 56
423.5 88
423.6 84
423.7 52
423.7 48
423.8 38
423.9 48
423.9 61
424.0 78
424.1 43
424.1 37
424.2 38
424.3 46
424.3 64
424.4 52
424.5 38
424.5 27
424.6 23
424.7 36
424.7 46
424.8 65
424.9 75
424.9 38
425.0 47
425.1 58
425.1 101
425.2 117
425.3 106
425.3 99
425.4 113
425.5 94
425.5 44
425.6 32
425.7 62
425.7 76
425.8 108
425.9 159
425.9 143
426.0 95
426.1 70
426.1 97
426.2 108
426.3 122
426.3 106
426.4 89
426.5 70
426.5 48
426.6 18
426.7 24
426.7 22
426.8 45
426.9 73
426.9 124
427.0 108
427.1 100
427.1 103
427.2 118
427.3 138
427.3 146
427.4 119
427.5 67
427.5 59
427.6 59
427.7 49
427.7 48
427.8 55
427.9 79
427.9 112
428.0 140
428.1 134
428.1 150
428.2 140
428.3 103
428.3 64
428.4 71
428.5 74
428.5 109
428.6 172
428.7 255
428.7 281
428.8 255
428.9 230
428.9 195
429.0 232
429.1 243
429.1 247
429.2 344
429.3 394
429.3 262
429.4 188
429.5 178
429.5 168
429.6 137
429.7 112
429.7 103
429.8 84
429.9 93
429.9 130
430.0 145
430.1 126
430.1 173
430.2 218
430.3 220
430.3 171
430.4 154
430.5 129
430.5 118
430.6 190
430.7 318
430.7 386
430.8 388
430.9 367
430.9 403
431.0 402
431.1 306
431.1 305
431.2 249
431.3 213
431.3 153
431.4 128
431.5 132
431.5 120
431.6 98
431.7 91
431.7 94
431.8 142
431.9 198
431.9 203
432.0 152
432.1 148
432.1 138
432.2 100
432.3 77
432.3 78
432.4 115
432.5 235
432.5 300
432.6 356
432.7 457
432.7 550
432.8 837
432.9 1288
432.9 1474
433.0 1389
433.1 1321
433.1 1203
433.2 868
433.3 591
433.3 477
433.4 331
433.5 213
433.5 178
433.6 181
433.7 126
433.7 77
433.8 174
433.9 202
433.9 189
434.0 231
434.1 275
434.1 267
434.2 208
434.3 213
434.3 222
434.4 271
434.5 307
434.5 319
434.6 311
434.7 261
434.7 258
434.8 361
434.9 432
434.9 434
435.0 444
435.1 407
435.1 364
435.2 346
435.3 352
435.3 371
435.4 283
435.5 204
435.5 200
435.6 198
435.7 189
435.7 154
435.8 224
435.9 337
435.9 411
436.0 469
436.1 470
436.1 384
436.2 441
436.3 410
436.3 375
436.4 301
436.5 272
436.5 222
436.6 194
436.7 254
436.7 314
436.8 289
436.9 322
436.9 332
437.0 308
437.1 344
437.1 377
437.2 333
437.3 236
437.3 228
437.4 251
437.5 263
437.5 224
437.6 212
437.7 178
437.7 140
437.8 117
437.9 117
437.9 109
438.0 159
438.1 202
438.1 255
438.2 229
438.3 158
438.3 115
438.4 118
438.5 150
438.5 160
438.6 149
438.7 120
438.7 133
438.8 158
438.9 185
438.9 213
439.0 250
439.1 235
439.1 247
439.2 284
439.3 331
439.3 360
439.4 393
439.5 392
439.5 449
439.6 521
439.7 509
439.7 393
439.8 318
439.9 272
439.9 240
440.0 165
440.1 104
440.1 96
440.2 107
440.3 86
440.3 42
440.4 53
440.5 57
440.5 55
440.6 79
440.7 120
440.7 114
440.8 123
440.9 150
440.9 133
441.0 125
441.1 115
441.1 124
441.2 117
441.3 113
441.3 76
441.4 57
441.5 36
441.5 26
441.6 42
441.7 57
441.7 47
441.8 48
441.9 59
441.9 88
442.0 141
442.1 167
442.1 119
442.2 165
442.3 210
442.3 142
442.4 120
442.5 127
442.5 112
442.6 143
442.7 206
442.7 260
442.8 292
442.9 340
442.9 320
443.0 336
443.1 327
443.1 306
443.2 311
443.3 334
443.3 277
443.4 251
443.5 227
443.5 149
443.6 92
443.7 58
443.7 53
443.8 126
443.9 135
443.9 80
444.0 66
444.1 119
444.1 135
444.2 143
444.3 130
444.3 114
444.4 117
444.5 107
444.5 109
444.6 120
444.7 138
444.7 136
444.8 115
444.9 106
444.9 140
445.0 188
445.1 202
445.1 194
445.2 155
445.3 143
445.3 189
445.4 167
445.5 119
445.5 132
445.6 152
445.7 96
445.7 85
445.8 69
445.9 74
445.9 113
446.0 172
446.1 194
446.1 205
446.2 218
446.3 207
446.3 151
446.4 129
446.5 138
446.5 135
446.6 120
446.7 163
446.7 165
446.8 156
446.9 159
446.9 278
447.0 330
447.1 278
447.1 284
447.2 382
447.3 373
447.3 245
447.4 168
447.5 172
447.5 137
447.6 79
447.7 96
447.7 172
447.8 333
447.9 535
447.9 571
448.0 512
448.1 517
448.1 594
448.2 554
448.3 527
448.3 478
448.4 401
448.5 310
448.5 152
448.6 114
448.7 140
448.7 118
448.8 126
448.9 134
448.9 177
449.0 181
449.1 148
449.1 123
449.2 148
449.3 112
449.3 83
449.4 87
449.5 98
449.5 102
449.6 111
449.7 134
449.7 173
449.8 264
449.9 309
449.9 294
450.0 365
450.1 426
450.1 392
450.2 344
450.3 298
450.3 224
450.4 139
450.5 110
450.5 106
450.6 66
450.7 86
450.7 85
450.8 120
450.9 163
450.9 193
451.0 228
451.1 311
451.1 333
451.2 253
451.3 167
451.3 93
451.4 83
451.5 61
451.5 6
451.6 20
451.7 61
451.7 85
451.8 85
451.9 78
451.9 116
452.0 130
452.1 137
452.1 125
452.2 108
452.3 77
452.3 73
452.4 84
452.5 78
452.5 44
452.6 59
452.7 123
452.7 180
452.8 224
452.9 242
452.9 202
453.0 159
453.1 221
453.1 178
453.2 110
453.3 73
453.3 99
453.4 89
453.5 61
453.5 45
453.6 55
453.7 89
453.7 52
453.8 58
453.9 88
453.9 72
454.0 60
454.1 73
454.1 78
454.2 57
454.3 48
454.3 43
454.4 52
454.5 40
454.5 51
454.6 83
454.7 62
454.7 36
454.8 44
454.9 48
454.9 48
455.0 71
455.1 87
455.1 68
455.2 79
455.3 84
455.3 96
455.4 89
455.5 59
455.5 48
455.6 34
455.7 21
455.7 23
455.8 30
455.9 47
455.9 87
456.0 96
456.1 120
456.1 93
456.2 102
456.3 88
456.3 92
456.4 134
456.5 110
456.5 104
456.6 106
456.7 83
456.7 65
456.8 64
456.9 77
456.9 99
457.0 69
457.1 63
457.1 72
457.2 115
457.3 75
457.3 35
457.4 33
457.5 50
457.5 104
457.6 101
457.7 76
457.7 77
457.8 66
457.9 88
457.9 79
458.0 65
458.1 61
458.1 59
458.2 84
458.3 81
458.3 112
458.4 123
458.5 163
458.5 229
458.6 267
458.7 290
458.7 333
458.8 436
458.9 361
458.9 289
459.0 201
459.1 103
459.1 55
459.2 93
459.3 113
459.3 101
459.4 83
459.5 60
459.5 42
459.6 80
459.7 74
459.7 28
459.8 34
459.9 38
459.9 53
460.0 50
460.1 24
460.1 34
460.2 56
460.3 84
460.3 131
460.4 105
460.5 34
460.5 33
460.6 68
460.7 72
460.7 78
460.8 101
460.9 188
460.9 255
461.0 225
461.1 258
461.1 440
461.2 443
461.3 404
461.3 316
461.4 240
461.5 169
461.5 187
461.6 163
461.7 104
461.7 93
461.8 87
461.9 132
461.9 142
462.0 79
462.1 79
462.1 117
462.2 83
462.3 67
462.3 68
462.4 62
462.5 50
462.5 52
462.6 76
462.7 69
462.7 80
462.8 93
462.9 85
462.9 70
463.0 82
463.1 114
463.1 157
463.2 172
463.3 149
463.3 143
463.4 133
463.5 103
463.5 73
463.6 74
463.7 101
463.7 210
463.8 333
463.9 408
463.9 404
464.0 400
464.1 477
464.1 624
464.2 603
464.3 415
464.3 228
464.4 94
464.5 112
464.5 158
464.6 116
464.7 92
464.7 87
464.8 127
464.9 115
464.9 78
465.0 110
465.1 135
465.1 194
465.2 176
465.3 120
465.3 87
465.4 70
465.5 61
465.5 48
465.6 31
465.7 34
465.7 35
465.8 47
465.9 49
465.9 36
466.0 24
466.1 25
466.1 66
466.2 65
466.3 61
466.3 94
466.4 79
466.5 43
466.5 38
466.6 48
466.7 65
466.7 40
466.8 58
466.9 119
466.9 101
467.0 60
467.1 66
467.1 78
467.2 59
467.3 52
467.3 76
467.4 52
467.5 52
467.5 59
467.6 69
467.7 43
467.7 36
467.8 32
467.9 56
467.9 147
468.0 158
468.1 94
468.1 134
468.2 159
468.3 177
468.3 171
468.4 155
468.5 98
468.5 50
468.6 38
468.7 41
468.7 48
468.8 75
468.9 91
468.9 151
469.0 194
469.1 153
469.1 119
469.2 179
469.3 190
469.3 138
469.4 111
469.5 89
469.5 54
469.6 74
469.7 80
469.7 72
469.8 115
469.9 170
469.9 181
470.0 144
470.1 140
470.1 205
470.2 188
470.3 134
470.3 110
470.4 137
470.5 152
470.5 134
470.6 91
470.7 63
470.7 47
470.8 49
470.9 50
470.9 52
471.0 60
471.1 84
471.1 131
471.2 123
471.3 124
471.3 106
471.4 118
471.5 90
471.5 45
471.6 42
471.7 81
471.7 102
471.8 113
471.9 148
471.9 161
472.0 177
472.1 189
472.1 213
472.2 234
472.3 210
472.3 132
472.4 84
472.5 64
472.5 34
472.6 46
472.7 59
472.7 50
472.8 50
472.9 82
472.9 109
473.0 142
473.1 135
473.1 126
473.2 145
473.3 183
473.3 170
473.4 136
473.5 106
473.5 70
473.6 72
473.7 116
473.7 170
473.8 172
473.9 130
473.9 115
474.0 143
474.1 154
474.1 125
474.2 111
474.3 126
474.3 128
474.4 116
474.5 212
474.5 235
474.6 177
474.7 151
474.7 181
474.8 269
474.9 457
474.9 499
475.0 456
475.1 493
475.1 490
475.2 359
475.3 266
475.3 215
475.4 115
475.5 62
475.5 37
475.6 55
475.7 97
475.7 124
475.8 76
475.9 60
475.9 136
476.0 234
476.1 214
476.1 165
476.2 140
476.3 176
476.3 208
476.4 187
476.5 120
476.5 95
476.6 94
476.7 138
476.7 213
476.8 176
476.9 137
476.9 166
477.0 235
477.1 229
477.1 252
477.2 291
477.3 241
477.3 255
477.4 239
477.5 172
477.5 89
477.6 95
477.7 125
477.7 161
477.8 182
477.9 248
477.9 261
478.0 195
478.1 151
478.1 125
478.2 124
478.3 217
478.3 219
478.4 189
478.5 118
478.5 96
478.6 47
478.7 63
478.7 110
478.8 132
478.9 204
478.9 234
479.0 196
479.1 267
479.1 288
479.2 268
479.3 244
479.3 223
479.4 185
479.5 125
479.5 109
479.6 246
479.7 256
479.7 184
479.8 235
479.9 353
479.9 409
480.0 366
480.1 371
480.1 487
480.2 492
480.3 346
480.3 255
480.4 207
480.5 123
480.5 60
480.6 66
480.7 65
480.7 65
480.8 77
480.9 55
480.9 85
481.0 113
481.1 104
481.1 108
481.2 82
481.3 85
481.3 50
481.4 33
481.5 50
481.5 55
481.6 58
481.7 46
481.7 46
481.8 54
481.9 34
481.9 47
482.0 58
482.1 67
482.1 90
482.2 96
482.3 84
482.3 69
482.4 31
482.5 28
482.5 42
482.6 86
482.7 141
482.7 204
482.8 179
482.9 128
482.9 146
483.0 194
483.1 193
483.1 121
483.2 95
483.3 88
483.3 69
483.4 29
483.5 25
483.5 28
483.6 35
483.7 46
483.7 44
483.8 39
483.9 28
483.9 28
484.0 74
484.1 97
484.1 97
484.2 91
484.3 71
484.3 42
484.4 51
484.5 48
484.5 10
484.6 15
484.7 36
484.7 27
484.8 39
484.9 46
484.9 65
485.0 78
485.1 31
485.1 19
485.2 36
485.3 49
485.3 38
485.4 47
485.5 42
485.5 38
485.6 27
485.7 17
485.7 14
485.8 36
485.9 57
485.9 78
486.0 129
486.1 95
486.1 52
486.2 49
486.3 66
486.3 67
486.4 45
486.5 73
486.5 137
486.6 125
486.7 71
486.7 112
486.8 117
486.9 122
486.9 171
487.0 212
487.1 180
487.1 218
487.2 236
487.3 130
487.3 90
487.4 58
487.5 35
487.5 25
487.6 28
487.7 37
487.7 42
487.8 69
487.9 68
487.9 43
488.0 73
488.1 178
488.1 203
488.2 123
488.3 97
488.3 116
488.4 84
488.5 48
488.5 72
488.6 98
488.7 81
488.7 54
488.8 80
488.9 142
488.9 202
489.0 226
489.1 219
489.1 105
489.2 47
489.3 59
489.3 100
489.4 115
489.5 57
489.5 45
489.6 49
489.7 81
489.7 147
489.8 155
489.9 199
489.9 210
490.0 192
490.1 147
490.1 121
490.2 154
490.3 125
490.3 137
490.4 145
490.5 185
490.5 219
490.6 241
490.7 292
490.7 228
490.8 169
490.9 180
490.9 167
491.0 142
491.1 147
491.1 143
491.2 143
491.3 136
491.3 137
491.4 75
491.5 43
491.5 44
491.6 55
491.7 111
491.7 131
491.8 135
491.9 166
491.9 210
492.0 199
492.1 177
492.1 170
492.2 137
492.3 79
492.3 57
492.4 41
492.5 60
492.5 94
492.6 74
492.7 63
492.7 57
492.8 95
492.9 93
492.9 104
493.0 93
493.1 57
493.1 35
493.2 16
493.3 29
493.3 63
493.4 65
493.5 56
493.5 54
493.6 65
493.7 56
493.7 59
493.8 67
493.9 61
493.9 53
494.0 94
494.1 144
494.1 108
494.2 94
494.3 92
494.3 76
494.4 48
494.5 37
494.5 41
494.6 66
494.7 76
494.7 51
494.8 44
494.9 53
494.9 56
495.0 58
495.1 75
495.1 89
495.2 95
495.3 71
495.3 63
495.4 51
495.5 23
495.5 28
495.6 45
495.7 56
495.7 54
495.8 61
495.9 47
495.9 23
496.0 52
496.1 77
496.1 90
496.2 124
496.3 129
496.3 97
496.4 102
496.5 81
496.5 41
496.6 12
496.7 16
496.7 34
496.8 37
496.9 54
496.9 45
497.0 30
497.1 50
497.1 70
497.2 65
497.3 95
497.3 68
497.4 55
497.5 65
497.5 79
497.6 86
497.7 124
497.7 99
497.8 83
497.9 89
497.9 95
498.0 112
498.1 144
498.1 125
498.2 132
498.3 124
498.3 79
498.4 40
498.5 22
498.5 27
498.6 32
498.7 54
498.7 111
498.8 96
498.9 68
498.9 100
499.0 157
499.1 164
499.1 209
499.2 235
499.3 112
499.3 59
499.4 57
499.5 44
499.5 74
499.6 137
499.7 155
499.7 119
499.8 96
499.9 146
499.9 229
500.0 271
500.1 259
500.1 239
500.2 190
500.3 170
500.3 155
500.4 88
500.5 65
500.5 56
500.6 100
500.7 102
500.7 94
500.8 90
500.9 111
500.9 119
501.0 104
501.1 88
501.1 76
501.2 67
501.3 65
501.3 58
501.4 39
501.5 35
501.5 50
501.6 62
501.7 74
501.7 58
501.8 43
501.9 40
501.9 50
502.0 64
502.1 44
502.1 86
502.2 84
502.3 81
502.3 85
502.4 70
502.5 35
502.5 29
502.6 38
502.7 11
502.7 13
502.8 17
502.9 42
502.9 73
503.0 63
503.1 41
503.1 73
503.2 81
503.3 48
503.3 27
503.4 41
503.5 84
503.5 124
503.6 120
503.7 75
503.7 94
503.8 111
503.9 113
503.9 104
504.0 85
504.1 107
504.1 111
504.2 95
504.3 99
504.3 96
504.4 161
504.5 177
504.5 173
504.6 183
504.7 177
504.7 176
504.8 170
504.9 147
504.9 239
505.0 226
505.1 198
505.1 130
505.2 107
505.3 102
505.3 95
505.4 80
505.5 80
505.5 65
505.6 47
505.7 71
505.7 91
505.8 69
505.9 59
505.9 63
506.0 45
506.1 26
506.1 62
506.2 54
506.3 46
506.3 46
506.4 26
506.5 16
506.5 22
506.6 55
506.7 78
506.7 61
506.8 51
506.9 53
506.9 92
507.0 128
507.1 133
507.1 113
507.2 79
507.3 56
507.3 66
507.4 60
507.5 103
507.5 98
507.6 52
507.7 33
507.7 18
507.8 29
507.9 40
507.9 47
508.0 88
508.1 116
508.1 124
508.2 99
508.3 44
508.3 32
508.4 42
508.5 61
508.5 68
508.6 48
508.7 38
508.7 73
508.8 82
508.9 69
508.9 80
509.0 96
509.1 70
509.1 58
509.2 34
509.3 32
509.3 66
509.4 79
509.5 78
509.5 54
509.6 39
509.7 25
509.7 18
509.8 29
509.9 30
509.9 50
510.0 47
510.1 35
510.1 81
510.2 129
510.3 131
510.3 85
510.4 51
510.5 48
510.5 37
510.6 22
510.7 31
510.7 48
510.8 52
510.9 82
510.9 135
511.0 121
511.1 141
511.1 162
511.2 130
511.3 90
511.3 89
511.4 98
511.5 64
511.5 53
511.6 29
511.7 28
511.7 58
511.8 85
511.9 92
511.9 99
512.0 94
512.1 101
512.1 109
512.2 102
512.3 119
512.3 107
512.4 87
512.5 52
512.5 32
512.6 34
512.7 41
512.7 61
512.8 80
512.9 70
512.9 55
513.0 108
513.1 166
513.1 141
513.2 86
513.3 83
513.3 74
513.4 48
513.5 29
513.5 34
513.6 34
513.7 67
513.7 114
513.8 154
513.9 187
513.9 194
514.0 153
514.1 126
514.1 147
514.2 206
514.3 216
514.3 209
514.4 183
514.5 140
514.5 67
514.6 31
514.7 46
514.7 64
514.8 80
514.9 85
514.9 107
515.0 99
515.1 85
515.1 119
515.2 116
515.3 123
515.3 128
515.4 128
515.5 153
515.5 100
515.6 103
515.7 127
515.7 112
515.8 69
515.9 125
515.9 141
516.0 126
516.1 152
516.1 218
516.2 198
516.3 170
516.3 142
516.4 114
516.5 94
516.5 101
516.6 95
516.7 44
516.7 36
516.8 26
516.9 55
516.9 125
517.0 192
517.1 230
517.1 208
517.2 291
517.3 326
517.3 269
517.4 177
517.5 108
517.5 91
517.6 74
517.7 73
517.7 84
517.8 131
517.9 175
517.9 207
518.0 183
518.1 147
518.1 141
518.2 209
518.3 270
518.3 298
518.4 349
518.5 446
518.5 627
518.6 909
518.7 1165
518.7 1610
518.8 2312
518.9 2738
518.9 2676
519.0 2119
519.1 1657
519.1 1172
519.2 639
519.3 340
519.3 260
519.4 199
519.5 163
519.5 110
519.6 62
519.7 55
519.7 59
519.8 85
519.9 99
519.9 81
520.0 139
520.1 205
520.1 171
520.2 109
520.3 146
520.3 182
520.4 134
520.5 133
520.5 210
520.6 248
520.7 240
520.7 224
520.8 212
520.9 195
520.9 163
521.0 128
521.1 107
521.1 125
521.2 162
521.3 136
521.3 98
521.4 93
521.5 60
521.5 45
521.6 82
521.7 101
521.7 56
521.8 33
521.9 60
521.9 80
522.0 68
522.1 66
522.1 60
522.2 44
522.3 52
522.3 62
522.4 50
522.5 23
522.5 24
522.6 51
522.7 91
522.7 75
522.8 57
522.9 97
522.9 151
523.0 154
523.1 154
523.1 153
523.2 157
523.3 177
523.3 187
523.4 138
523.5 92
523.5 79
523.6 85
523.7 59
523.7 75
523.8 88
523.9 73
523.9 102
524.0 128
524.1 142
524.1 149
524.2 112
524.3 113
524.3 124
524.4 161
524.5 149
524.5 105
524.6 85
524.7 96
524.7 86
524.8 60
524.9 105
524.9 174
525.0 223
525.1 197
525.1 172
525.2 187
525.3 142
525.3 92
525.4 61
525.5 95
525.5 134
525.6 160
525.7 144
525.7 116
525.8 83
525.9 67
525.9 53
526.0 32
526.1 18
526.1 29
526.2 73
526.3 66
526.3 80
526.4 75
526.5 74
526.5 68
526.6 84
526.7 79
526.7 48
526.8 80
526.9 93
526.9 77
527.0 79
527.1 64
527.1 58
527.2 70
527.3 49
527.3 39
527.4 33
527.5 57
527.5 57
527.6 28
527.7 16
527.7 25
527.8 34
527.9 36
527.9 15
528.0 21
528.1 58
528.1 62
528.2 56
528.3 75
528.3 70
528.4 38
528.5 8
528.5 5
528.6 18
528.7 35
528.7 57
528.8 105
528.9 132
528.9 160
529.0 179
529.1 181
529.1 177
529.2 176
529.3 182
529.3 161
529.4 126
529.5 107
529.5 109
529.6 85
529.7 86
529.7 135
529.8 233
529.9 323
529.9 391
530.0 430
530.1 414
530.1 434
530.2 392
530.3 440
530.3 464
530.4 346
530.5 250
530.5 209
530.6 173
530.7 190
530.7 207
530.8 210
530.9 250
530.9 396
531.0 472
531.1 446
531.1 425
531.2 481
531.3 533
531.3 498
531.4 395
531.5 337
531.5 305
531.6 425
531.7 688
531.7 1158
531.8 1252
531.9 1135
531.9 1333
532.0 1428
532.1 1529
532.1 1444
532.2 1370
532.3 1175
532.3 945
532.4 855
532.5 749
532.5 531
532.6 251
532.7 231
532.7 306
532.8 347
532.9 475
532.9 597
533.0 687
533.1 665
533.1 638
533.2 594
533.3 569
533.3 652
533.4 704
533.5 558
533.5 358
533.6 341
533.7 356
533.7 354
533.8 465
533.9 632
533.9 926
534.1 1549
534.1 2141
534.1 2901
534.2 3747
534.3 4650
534.3 5459
534.4 6147
534.0 6233
534.5 5551
534.6 4329
534.7 3170
534.7 2082
534.8 1455
534.9 1353
534.9 1552
535.0 1854
535.1 2289
535.1 2437
535.2 2483
535.3 2681
535.3 2794
535.4 2562
535.5 2227
535.5 1807
535.6 1535
535.7 1178
535.7 680
535.8 346
535.9 245
535.9 250
536.0 233
536.1 248
536.1 210
536.2 174
536.3 162
536.3 219
536.4 242
536.5 200
536.5 145
536.6 116
536.7 102
536.7 139
536.8 236
536.9 292
536.9 233
537.0 207
537.1 183
537.1 155
537.2 184
537.3 147
537.3 137
537.4 111
537.5 90
537.5 77
537.6 68
537.7 72
537.7 71
537.8 80
537.9 56
537.9 35
538.0 50
538.1 44
538.1 27
538.2 16
538.3 27
538.3 29
538.4 28
538.5 50
538.5 79
538.6 67
538.7 53
538.7 49
538.8 67
538.9 51
538.9 111
539.0 154
539.1 116
539.1 79
539.2 100
539.3 94
539.3 58
539.4 55
539.5 63
539.5 37
539.6 14
539.7 9
539.7 14
539.8 25
539.9 28
539.9 37
540.0 46
540.1 39
540.1 42
540.2 69
540.3 74
540.3 88
540.4 55
540.5 47
540.5 45
540.6 33
540.7 29
540.7 34
540.8 64
540.9 64
540.9 51
541.0 77
541.1 84
541.1 66
541.2 38
541.3 55
541.3 64
541.4 64
541.5 58
541.5 31
541.6 12
541.7 38
541.7 82
541.8 108
541.9 81
541.9 51
542.0 44
542.1 45
542.1 58
542.2 77
542.3 77
542.3 36
542.4 73
542.5 106
542.5 117
542.6 129
542.7 127
542.7 159
542.8 151
542.9 111
542.9 118
543.0 194
543.1 205
543.1 157
543.2 152
543.3 122
543.3 113
543.4 111
543.5 76
543.5 28
543.6 41
543.7 47
543.7 55
543.8 51
543.9 86
543.9 129
544.0 120
544.1 149
544.1 90
544.2 56
544.3 53
544.3 57
544.4 41
544.5 57
544.5 50
544.6 68
544.7 93
544.7 88
544.8 101
544.9 109
544.9 121
545.0 142
545.1 138
545.1 108
545.2 73
545.3 62
545.3 46
545.4 41
545.5 100
545.5 122
545.6 68
545.7 90
545.7 140
545.8 157
545.9 200
545.9 194
546.0 187
546.1 253
546.1 246
546.2 179
546.3 154
546.3 127
546.4 93
546.5 102
546.5 69
546.6 45
546.7 30
546.7 38
546.8 63
546.9 134
546.9 142
547.0 102
547.1 57
547.1 52
547.2 68
547.3 77
547.3 101
547.4 59
547.5 35
547.5 32
547.6 56
547.7 67
547.7 38
547.8 21
547.9 34
547.9 47
548.0 101
548.1 106
548.1 62
548.2 46
548.3 35
548.3 40
548.4 56
548.5 49
548.5 59
548.6 91
548.7 71
548.7 55
548.8 64
548.9 105
548.9 97
549.0 78
549.1 98
549.1 106
549.2 118
549.3 85
549.3 69
549.4 88
549.5 78
549.5 50
549.6 29
549.7 49
549.7 43
549.8 30
549.9 22
549.9 21
550.0 38
550.1 74
550.1 59
550.2 34
550.3 39
550.3 43
550.4 34
550.5 58
550.5 53
550.6 51
550.7 71
550.7 78
550.8 32
550.9 9
550.9 26
551.0 74
551.1 102
551.1 101
551.2 118
551.3 126
551.3 97
551.4 78
551.5 42
551.5 32
551.6 61
551.7 84
551.7 82
551.8 59
551.9 75
551.9 83
552.0 108
552.1 147
552.1 125
552.2 94
552.3 75
552.3 63
552.4 32
552.5 17
552.5 41
552.6 73
552.7 95
552.7 87
552.8 71
552.9 51
552.9 49
553.0 59
553.1 80
553.1 84
553.2 86
553.3 72
553.3 81
553.4 85
553.5 52
553.5 18
553.6 11
553.7 17
553.7 34
553.8 60
553.9 47
553.9 53
554.0 68
554.1 62
554.1 42
554.2 67
554.3 79
554.3 87
554.4 54
554.5 35
554.5 30
554.6 19
554.7 24
554.7 31
554.8 50
554.9 57
554.9 70
555.0 112
555.1 123
555.1 116
555.2 145
555.3 189
555.3 164
555.4 64
555.5 59
555.5 29
555.6 26
555.7 31
555.7 33
555.8 28
555.9 38
555.9 50
556.0 67
556.1 58
556.1 61
556.2 78
556.3 73
556.3 43
556.4 33
556.5 48
556.5 56
556.6 53
556.7 44
556.7 31
556.8 22
556.9 39
556.9 46
557.0 61
557.1 141
557.1 176
557.2 139
557.3 108
557.3 88
557.4 63
557.5 21
557.5 37
557.6 57
557.7 98
557.7 107
557.8 82
557.9 68
557.9 67
558.0 47
558.1 43
558.1 53
558.2 59
558.3 100
558.3 141
558.4 118
558.5 70
558.5 83
558.6 145
558.7 187
558.7 248
558.8 184
558.9 143
558.9 222
559.1 266
559.1 308
559.1 453
559.2 581
559.3 755
559.3 1002
559.4 1237
559.5 1458
559.5 1808
559.0 2007
559.7 1970
559.7 1864
559.8 1745
559.9 1499
559.9 992
560.0 584
560.1 397
560.1 183
560.2 100
560.3 66
560.3 78
560.4 97
560.5 78
560.5 72
560.6 70
560.7 89
560.7 137
560.8 134
560.9 90
560.9 79
561.0 71
561.1 62
561.1 53
561.2 76
561.3 56
561.3 42
561.4 43
561.5 50
561.5 50
561.6 34
561.7 43
561.7 41
561.8 36
561.9 21
561.9 32
562.0 40
562.1 25
562.1 43
562.2 78
562.3 44
562.3 37
562.4 52
562.5 70
562.5 61
562.6 58
562.7 93
562.7 80
562.8 21
562.9 39
562.9 75
563.0 98
563.1 72
563.1 37
563.2 32
563.3 84
563.3 140
563.4 138
563.5 132
563.5 118
563.6 88
563.7 134
563.7 170
563.8 242
563.9 220
563.9 243
564.0 252
564.1 249
564.1 233
564.2 207
564.3 205
564.3 214
564.4 259
564.5 194
564.5 127
564.6 146
564.7 146
564.7 117
564.8 76
564.9 83
564.9 93
565.0 133
565.1 167
565.1 126
565.2 69
565.3 49
565.3 58
565.4 85
565.5 82
565.5 51
565.6 30
565.7 41
565.7 76
565.8 77
565.9 77
565.9 81
566.0 68
566.1 74
566.1 131
566.2 240
566.3 290
566.3 152
566.4 118
566.5 116
566.5 128
566.6 147
566.7 119
566.7 104
566.8 111
566.9 143
566.9 190
567.0 210
567.1 228
567.1 192
567.2 230
567.3 306
567.3 239
567.4 163
567.5 135
567.5 131
567.6 121
567.7 83
567.7 61
567.8 33
567.9 47
567.9 76
568.0 88
568.1 86
568.1 101
568.2 92
568.3 79
568.3 43
568.4 48
568.5 77
568.5 67
568.6 65
568.7 46
568.7 40
568.8 39
568.9 64
568.9 76
569.0 90
569.1 185
569.1 199
569.2 154
569.3 145
569.3 94
569.4 49
569.5 30
569.5 34
569.6 72
569.7 75
569.7 56
569.8 80
569.9 103
569.9 61
570.0 36
570.1 46
570.1 73
570.2 99
570.3 116
570.3 105
570.4 79
570.5 52
570.5 31
570.6 47
570.7 76
570.7 94
570.8 114
570.9 89
570.9 59
571.0 41
571.1 47
571.1 59
571.2 80
571.3 90
571.3 78
571.4 86
571.5 51
571.5 54
571.6 87
571.7 87
571.7 100
571.8 75
571.9 49
571.9 38
572.0 34
572.1 33
572.1 25
572.2 78
572.3 132
572.3 144
572.4 134
572.5 90
572.5 45
572.6 42
572.7 34
572.7 28
572.8 58
572.9 59
572.9 65
573.0 73
573.1 50
573.1 25
573.2 18
573.3 19
573.3 40
573.4 69
573.5 92
573.5 82
573.6 55
573.7 64
573.7 97
573.8 104
573.9 72
573.9 59
574.0 35
574.1 32
574.1 71
574.2 103
574.3 127
574.3 95
574.4 85
574.5 51
574.5 33
574.6 48
574.7 96
574.7 128
574.8 108
574.9 111
574.9 129
575.0 164
575.1 146
575.1 152
575.2 109
575.3 118
575.3 169
575.4 160
575.5 85
575.5 73
575.6 106
575.7 134
575.7 148
575.8 141
575.9 113
575.9 131
576.0 164
576.1 168
576.1 180
576.2 161
576.3 120
576.3 109
576.4 88
576.5 99
576.5 83
576.6 80
576.7 113
576.7 112
576.8 51
576.9 80
576.9 144
577.0 145
577.1 108
577.1 100
577.2 136
577.3 134
577.3 126
577.4 130
577.5 84
577.5 72
577.6 82
577.7 77
577.7 67
577.8 70
577.9 118
577.9 135
578.0 133
578.1 99
578.1 70
578.2 71
578.3 73
578.3 145
578.4 221
578.5 221
578.5 211
578.6 154
578.7 129
578.7 150
578.8 146
578.9 169
578.9 209
579.0 267
579.1 275
579.1 197
579.2 145
579.3 186
579.3 138
579.4 79
579.5 91
579.5 63
579.6 49
579.7 18
579.7 15
579.8 35
579.9 37
579.9 71
580.0 143
580.1 201
580.1 161
580.2 93
580.3 94
580.3 96
580.4 78
580.5 48
580.5 62
580.6 65
580.7 51
580.7 72
580.8 134
580.9 216
580.9 239
581.0 282
581.1 306
581.1 290
581.2 263
581.3 215
581.3 171
581.4 110
581.5 111
581.5 108
581.6 106
581.7 134
581.7 158
581.8 188
581.9 211
581.9 227
582.0 247
582.1 322
582.1 401
582.2 397
582.3 345
582.3 286
582.4 276
582.5 192
582.5 90
582.6 62
582.7 82
582.7 103
582.8 231
582.9 339
582.9 409
583.0 434
583.1 438
583.1 515
583.2 558
583.3 576
583.3 636
583.4 504
583.5 347
583.5 281
583.6 211
583.7 111
583.7 89
583.8 73
583.9 83
583.9 69
584.0 68
584.1 103
584.1 139
584.2 138
584.3 65
584.3 78
584.4 111
584.5 99
584.5 91
584.6 123
584.7 109
584.7 54
584.8 13
584.9 20
584.9 36
585.0 78
585.1 125
585.1 98
585.2 67
585.3 81
585.3 81
585.4 74
585.5 79
585.5 49
585.6 24
585.7 40
585.7 52
585.8 66
585.9 105
585.9 128
586.0 133
586.1 133
586.1 114
586.2 131
586.3 112
586.3 87
586.4 71
586.5 89
586.5 124
586.6 118
586.7 75
586.7 94
586.8 146
586.9 209
586.9 209
587.0 158
587.1 147
587.1 107
587.2 133
587.3 148
587.3 87
587.4 40
587.5 63
587.5 78
587.6 33
587.7 35
587.7 46
587.8 62
587.9 54
587.9 47
588.0 49
588.1 40
588.1 43
588.2 53
588.3 46
588.3 53
588.4 68
588.5 52
588.5 22
588.6 27
588.7 41
588.7 53
588.8 71
588.9 54
588.9 38
589.0 29
589.1 22
589.1 49
589.2 55
589.3 43
589.3 17
589.4 3
589.5 3
589.5 14
589.6 23
589.7 42
589.7 27
589.8 13
589.9 11
589.9 1
590.0 0
590.1 0
590.1 0
590.2 16
590.3 42
590.3 42
590.4 31
590.5 33
590.5 27
590.6 30
590.7 30
590.7 31
590.8 18
590.9 29
590.9 32
591.0 35
591.1 42
591.1 49
591.2 59
591.3 42
591.3 18
591.4 6
591.5 21
591.5 43
591.6 47
591.7 28
591.7 10
591.8 2
591.9 7
591.9 35
592.0 52
592.1 38
592.1 54
592.2 60
592.3 21
592.3 3
592.4 14
592.5 30
592.5 29
592.6 37
592.7 62
592.7 122
592.8 131
592.9 123
592.9 143
593.0 233
593.1 262
593.1 297
593.2 344
593.3 359
593.3 276
593.4 186
593.5 134
593.5 100
593.6 72
593.7 65
593.7 84
593.8 70
593.9 103
593.9 165
594.0 195
594.1 223
594.1 365
594.2 414
594.3 366
594.3 256
594.4 177
594.5 115
594.5 59
594.6 30
594.7 25
594.7 64
594.8 119
594.9 90
594.9 72
595.0 89
595.1 94
595.1 80
595.2 89
595.3 152
595.3 167
595.4 129
595.5 90
595.5 38
595.6 16
595.7 32
595.7 19
595.8 13
595.9 38
595.9 47
596.0 49
596.1 63
596.1 47
596.2 38
596.3 54
596.3 41
596.4 35
596.5 39
596.5 87
596.6 105
596.7 74
596.7 35
596.8 36
596.9 61
596.9 109
597.0 134
597.1 115
597.1 138
597.2 173
597.3 198
597.3 145
597.4 90
597.5 67
597.5 54
597.6 56
597.7 64
597.7 63
597.8 71
597.9 156
597.9 216
598.0 322
598.1 519
598.1 502
598.2 512
598.3 580
598.3 561
598.4 558
598.5 510
598.5 437
598.6 376
598.7 539
598.7 663
598.8 784
598.9 867
598.9 967
599.0 1107
599.1 1078
599.1 1027
599.2 1073
599.3 976
599.3 903
599.4 680
599.5 430
599.5 291
599.6 210
599.7 136
599.7 88
599.8 86
599.9 145
599.9 175
600.0 236
600.1 298
600.1 231
600.2 155
600.3 223
600.3 210
600.4 121
600.5 84
600.5 110
600.6 148
600.7 151
600.7 118
600.8 127
600.9 129
600.9 126
601.0 103
601.1 170
601.1 253
601.2 262
601.3 231
601.3 224
601.4 238
601.5 267
601.5 194
601.6 144
601.7 129
601.7 125
601.8 79
601.9 55
601.9 75
602.0 54
602.1 48
602.1 58
602.2 60
602.3 67
602.3 97
602.4 79
602.5 27
602.5 23
602.6 47
602.7 46
602.7 46
602.8 43
602.9 54
602.9 67
603.0 47
603.1 56
603.1 78
603.2 59
603.3 50
603.3 46
603.4 40
603.5 44
603.5 38
603.6 26
603.7 88
603.7 113
603.8 68
603.9 65
603.9 54
604.0 34
604.1 33
604.1 43
604.2 82
604.3 113
604.3 97
604.4 61
604.5 56
604.5 82
604.6 84
604.7 60
604.7 39
604.8 44
604.9 134
604.9 154
605.0 141
605.1 105
605.1 85
605.2 121
605.3 171
605.3 192
605.4 221
605.5 190
605.5 91
605.6 36
605.7 44
605.7 55
605.8 55
605.9 51
605.9 29
606.0 16
606.1 30
606.1 33
606.2 16
606.3 22
606.3 52
606.4 34
606.5 31
606.5 58
606.6 55
606.7 54
606.7 72
606.8 78
606.9 89
606.9 92
607.0 72
607.1 72
607.1 58
607.2 40
607.3 32
607.3 19
607.4 11
607.5 22
607.5 34
607.6 46
607.7 18
607.7 37
607.8 67
607.9 67
607.9 58
608.0 37
608.1 19
608.1 17
608.2 52
608.3 86
608.3 54
608.4 45
608.5 56
608.5 64
608.6 115
608.7 177
608.7 187
608.8 163
608.9 204
608.9 205
609.0 153
609.1 126
609.1 122
609.2 88
609.3 54
609.3 59
609.4 77
609.5 71
609.5 62
609.6 58
609.7 81
609.7 105
609.8 105
609.9 130
609.9 119
610.0 131
610.1 218
610.1 252
610.2 195
610.3 183
610.3 191
610.4 229
610.5 228
610.5 197
610.6 249
610.7 281
610.7 259
610.8 352
610.9 734
610.9 1185
611.0 1252
611.1 1255
611.1 1624
611.2 1892
611.3 1701
611.3 1438
611.4 1111
611.5 871
611.5 678
611.6 500
611.7 495
611.7 535
611.8 639
611.9 1024
611.9 1372
612.0 1503
612.1 1545
612.1 1549
612.2 1645
612.3 1728
612.3 1365
612.4 1046
612.5 820
612.5 553
612.6 426
612.7 327
612.7 265
612.8 224
612.9 171
612.9 231
613.0 279
613.1 353
613.1 413
613.2 372
613.3 219
613.3 169
613.4 236
613.5 217
613.5 154
613.6 144
613.7 164
613.7 95
613.8 38
613.9 40
613.9 110
614.0 120
614.1 107
614.1 116
614.2 131
614.3 156
614.3 193
614.4 159
614.5 114
614.5 112
614.6 137
614.7 95
614.7 70
614.8 142
614.9 115
614.9 67
615.0 137
615.1 136
615.1 144
615.2 165
615.3 187
615.3 117
615.4 122
615.5 113
615.5 85
615.6 81
615.7 76
615.7 73
615.8 114
615.9 97
615.9 70
616.0 108
616.1 143
616.1 164
616.2 175
616.3 191
616.3 212
616.4 170
616.5 102
616.5 150
616.6 184
616.7 165
616.7 156
616.8 121
616.9 77
616.9 112
617.0 110
617.1 73
617.1 59
617.2 82
617.3 94
617.3 141
617.4 135
617.5 84
617.5 72
617.6 82
617.7 74
617.7 38
617.8 24
617.9 58
617.9 48
618.0 48
618.1 17
618.1 16
618.2 30
618.3 50
618.3 63
618.4 41
618.5 27
618.5 45
618.6 42
618.7 19
618.7 30
618.8 53
618.9 84
618.9 142
619.0 176
619.1 173
619.1 162
619.2 171
619.3 150
619.3 82
619.4 27
619.5 11
619.5 21
619.6 19
619.7 12
619.7 11
619.8 49
619.9 33
619.9 12
620.0 10
620.1 41
620.1 72
620.2 121
620.3 138
620.3 124
620.4 90
620.5 55
620.5 21
620.6 43
620.7 64
620.7 45
620.8 30
620.9 37
620.9 37
621.0 33
621.1 33
621.1 60
621.2 83
621.3 97
621.3 54
621.4 20
621.5 13
621.5 4
621.6 9
621.7 13
621.7 23
621.8 35
621.9 30
621.9 28
622.0 24
622.1 50
622.1 71
622.2 94
622.3 112
622.3 140
622.4 138
622.5 103
622.5 77
622.6 94
622.7 54
622.7 30
622.8 21
622.9 13
622.9 12
623.0 28
623.1 37
623.1 56
623.2 82
623.3 99
623.3 70
623.4 105
623.5 118
623.5 84
623.6 63
623.7 85
623.7 68
623.8 28
623.9 20
623.9 34
624.0 51
624.1 80
624.1 85
624.2 57
624.3 56
624.3 67
624.4 36
624.5 20
624.5 40
624.6 60
624.7 84
624.7 148
624.8 188
624.9 161
624.9 134
625.0 148
625.1 148
625.1 201
625.2 182
625.3 141
625.3 128
625.4 136
625.5 105
625.5 68
625.6 34
625.7 23
625.7 39
625.8 90
625.9 101
625.9 93
626.0 110
626.1 194
626.1 206
626.2 323
626.3 456
626.3 457
626.4 325
626.5 300
626.5 255
626.6 225
626.7 166
626.7 152
626.8 246
626.9 193
626.9 168
627.0 264
627.1 378
627.1 462
627.2 556
627.3 603
627.3 605
627.4 496
627.5 523
627.5 501
627.6 357
627.7 250
627.7 191
627.8 250
627.9 236
627.9 174
628.0 112
628.1 133
628.1 224
628.2 259
628.3 277
628.3 210
628.4 143
628.5 141
628.5 223
628.6 194
628.7 150
628.7 113
628.8 71
628.9 47
628.9 50
629.0 77
629.1 89
629.1 85
629.2 76
629.3 77
629.3 35
629.4 59
629.5 135
629.5 130
629.6 46
629.7 52
629.7 42
629.8 19
629.9 12
629.9 3
630.0 1
630.1 3
630.1 1
630.2 2
630.3 5
630.3 8
630.4 9
630.5 10
630.5 5
630.6 0
630.7 1
630.7 13
630.8 33
630.9 30
630.9 27
631.0 80
631.1 132
631.1 92
631.2 40
631.3 36
631.3 30
631.4 18
631.5 25
631.5 28
631.6 13
631.7 8
631.7 19
631.8 33
631.9 27
631.9 32
632.0 44
632.1 83
632.1 92
632.2 64
632.3 15
632.3 15
632.4 4
632.5 0
632.5 2
632.6 5
632.7 4
632.7 7
632.8 15
632.9 12
632.9 10
633.0 9
633.1 22
633.1 37
633.2 28
633.3 11
633.3 13
633.4 27
633.5 20
633.5 20
633.6 9
633.7 2
633.7 3
633.8 5
633.9 4
633.9 6
634.0 19
634.1 28
634.1 27
634.2 8
634.3 22
634.3 51
634.4 88
634.5 114
634.5 109
634.6 86
634.7 40
634.7 49
634.8 77
634.9 68
634.9 62
635.0 46
635.1 45
635.1 71
635.2 84
635.3 86
635.3 50
635.4 33
635.5 39
635.5 67
635.6 82
635.7 37
635.7 6
635.8 23
635.9 76
635.9 119
636.0 103
636.1 83
636.1 69
636.2 92
636.3 92
636.3 83
636.4 62
636.5 64
636.5 57
636.6 26
636.7 25
636.7 30
636.8 27
636.9 100
636.9 167
637.0 159
637.1 101
637.1 134
637.2 178
637.3 171
637.3 149
637.4 117
637.5 51
637.5 25
637.6 30
637.7 27
637.7 51
637.8 86
637.9 79
637.9 70
638.0 98
638.1 87
638.1 118
638.2 121
638.3 102
638.3 133
638.4 133
638.5 106
638.5 118
638.6 177
638.7 188
638.7 188
638.8 241
638.9 321
638.9 354
639.0 700
639.1 512
639.1 531
639.2 478
639.3 431
639.3 369
639.4 362
639.5 349
639.5 243
639.6 127
639.7 77
639.7 91
639.8 97
639.9 73
639.9 58
640.0 39
640.1 65
640.1 54
640.2 32
640.3 35
640.3 49
640.4 55
640.5 48
640.5 54
640.6 93
640.7 101
640.7 57
640.8 29
640.9 29
640.9 34
641.0 53
641.1 105
641.1 128
641.2 66
641.3 42
641.3 53
641.4 93
641.5 117
641.5 111
641.6 90
641.7 58
641.7 187
641.8 302
641.9 309
641.9 387
642.1 507
642.1 648
642.1 803
642.2 1021
642.0 1182
642.3 1081
642.4 1025
642.5 815
642.5 645
642.6 482
642.7 570
642.7 633
642.8 544
642.9 509
642.9 606
643.0 787
643.1 977
643.1 927
643.2 837
643.3 645
643.3 589
643.4 546
643.5 463
643.5 387
643.6 311
643.7 209
643.7 91
643.8 27
643.9 32
643.9 45
644.0 9
644.1 1
644.1 6
644.2 19
644.3 19
644.3 35
644.4 29
644.5 32
644.5 18
644.6 19
644.7 13
644.7 5
644.8 29
644.9 80
644.9 81
645.0 68
645.1 58
645.1 47
645.2 47
645.3 48
645.3 31
645.4 11
645.5 9
645.5 18
645.6 4
645.7 0
645.7 0
645.8 2
645.9 21
645.9 42
646.0 71
646.1 70
646.1 71
646.2 50
646.3 36
646.3 25
646.4 16
646.5 17
646.5 17
646.6 27
646.7 53
646.7 46
646.8 20
646.9 2
646.9 4
647.0 11
647.1 13
647.1 10
647.2 12
647.3 4
647.3 1
647.4 0
647.5 0
647.5 0
647.6 0
647.7 0
647.7 0
647.8 0
647.9 0
647.9 0
648.0 2
648.1 33
648.1 69
648.2 36
648.3 40
648.3 36
648.4 33
648.5 41
648.5 12
648.6 8
648.7 28
648.7 46
648.8 52
648.9 60
648.9 48
649.0 16
649.1 20
649.1 73
649.2 67
649.3 87
649.3 92
649.4 47
649.5 21
649.5 5
649.6 17
649.7 46
649.7 49
649.8 57
649.9 59
649.9 32
650.0 27
650.1 19
650.1 6
650.2 2
650.3 12
650.3 34
650.4 54
650.5 45
650.5 24
650.6 33
650.7 86
650.7 75
650.8 40
650.9 26
650.9 57
651.0 93
651.1 83
651.1 16
651.2 19
651.3 23
651.3 20
651.4 36
651.5 24
651.5 29
651.6 29
651.7 7
651.7 1
651.8 6
651.9 27
651.9 51
652.0 63
652.1 51
652.1 32
652.2 47
652.3 79
652.3 70
652.4 34
652.5 40
652.5 79
652.6 88
652.7 98
652.7 99
652.8 190
652.9 327
652.9 348
653.0 359
653.1 548
653.1 642
653.2 600
653.3 481
653.3 303
653.4 200
653.5 146
653.5 112
653.6 83
653.7 75
653.7 69
653.8 101
653.9 160
653.9 262
654.0 387
654.1 478
654.1 393
654.2 386
654.3 469
654.3 334
654.4 206
654.5 190
654.5 244
654.6 259
654.7 257
654.7 321
654.8 488
654.9 483
654.9 532
655.0 685
655.1 807
655.1 925
655.2 931
655.3 852
655.3 707
655.4 452
655.5 322
655.5 235
655.6 217
655.7 242
655.7 192
655.8 100
655.9 107
655.9 150
656.0 229
656.1 291
656.1 240
656.2 173
656.3 188
656.3 181
656.4 168
656.5 186
656.5 135
656.6 98
656.7 77
656.7 86
656.8 90
656.9 114
656.9 90
657.0 68
657.1 85
657.1 88
657.2 74
657.3 58
657.3 35
657.4 23
657.5 34
657.5 31
657.6 11
657.7 3
657.7 6
657.8 9
657.9 23
657.9 42
658.0 48
658.1 17
658.1 32
658.2 33
658.3 38
658.3 23
658.4 13
658.5 14
658.5 14
658.6 11
658.7 10
658.7 11
658.8 7
658.9 1
658.9 0
659.0 0
659.1 0
659.1 0
659.2 1
659.3 7
659.3 10
659.4 4
659.5 1
659.5 12
659.6 36
659.7 23
659.7 8
659.8 7
659.9 6
659.9 8
660.0 8
660.1 15
660.1 33
660.2 35
660.3 37
660.3 63
660.4 67
660.5 64
660.5 62
660.6 60
660.7 45
660.7 34
660.8 52
660.9 99
660.9 143
661.0 111
661.1 113
661.1 173
661.2 154
661.3 136
661.3 103
661.4 52
661.5 27
661.5 36
661.6 43
661.7 36
661.7 14
661.8 10
661.9 43
661.9 63
662.0 60
662.1 49
662.1 49
662.2 67
662.3 92
662.3 79
662.4 86
662.5 103
662.5 106
662.6 143
662.7 186
662.7 148
662.8 208
662.9 406
662.9 470
663.0 537
663.1 521
663.1 515
663.2 551
663.3 573
663.3 498
663.4 415
663.5 284
663.5 104
663.6 49
663.7 61
663.7 89
663.8 95
663.9 96
663.9 119
664.0 120
664.1 123
664.1 171
664.2 230
664.3 219
664.3 186
664.4 141
664.5 155
664.5 150
664.6 118
664.7 120
664.7 128
664.8 124
664.9 100
664.9 79
665.0 121
665.1 215
665.1 279
665.2 262
665.3 237
665.3 218
665.4 186
665.5 225
665.5 198
665.6 131
665.7 89
665.7 64
665.8 72
665.9 50
665.9 25
666.0 44
666.1 66
666.1 58
666.2 31
666.3 31
666.3 29
666.4 41
666.5 33
666.5 37
666.6 94
666.7 115
666.7 105
666.8 128
666.9 202
666.9 234
667.0 234
667.1 234
667.1 234
667.2 199
667.3 111
667.3 57
667.4 40
667.5 50
667.5 41
667.6 31
667.7 55
667.7 84
667.8 98
667.9 102
667.9 90
668.0 75
668.1 64
668.1 72
668.2 76
668.3 74
668.3 76
668.4 107
668.5 159
668.5 121
668.6 72
668.7 47
668.7 32
668.8 37
668.9 53
668.9 98
669.0 125
669.1 111
669.1 106
669.2 111
669.3 120
669.3 102
669.4 75
669.5 53
669.5 44
669.6 36
669.7 22
669.7 10
669.8 19
669.9 12
669.9 28
670.0 35
670.1 31
670.1 64
670.2 86
670.3 61
670.3 48
670.4 57
670.5 63
670.5 101
670.6 116
670.7 107
670.7 129
670.8 118
670.9 42
670.9 20
671.0 39
671.1 41
671.1 36
671.2 55
671.3 61
671.3 37
671.4 62
671.5 67
671.5 35
671.6 18
671.7 41
671.7 32
671.8 19
671.9 16
671.9 25
672.0 39
672.1 45
672.1 42
672.2 28
672.3 9
672.3 0
672.4 2
672.5 4
672.5 17
672.6 15
672.7 7
672.7 1
672.8 1
672.9 6
672.9 6
673.0 2
673.1 1
673.1 0
673.2 7
673.3 19
673.3 16
673.4 19
673.5 3
673.5 0
673.6 0
673.7 2
673.7 5
673.8 3
673.9 0
673.9 0
674.0 0
674.1 0
674.1 0
674.2 0
674.3 0
674.3 0
674.4 2
674.5 10
674.5 9
674.6 2
674.7 0
674.7 0
674.8 0
674.9 0
674.9 0
675.0 0
675.1 0
675.1 6
675.2 31
675.3 18
675.3 4
675.4 1
675.5 6
675.5 7
675.6 3
675.7 0
675.7 0
675.8 1
675.9 5
675.9 6
676.0 2
676.1 3
676.1 15
676.2 11
676.3 8
676.3 16
676.4 4
676.5 23
676.5 25
676.6 13
676.7 8
676.7 20
676.8 17
676.9 5
676.9 0
677.0 3
677.1 8
677.1 11
677.2 14
677.3 6
677.3 17
677.4 32
677.5 27
677.5 11
677.6 11
677.7 17
677.7 11
677.8 0
677.9 0
677.9 0
678.0 0
678.1 0
678.1 0
678.2 3
678.3 14
678.3 18
678.4 24
678.5 15
678.5 1
678.6 0
678.7 0
678.7 0
678.8 0
678.9 2
678.9 8
679.0 20
679.1 45
679.1 58
679.2 35
679.3 11
679.3 10
679.4 22
679.5 43
679.5 62
679.6 67
679.7 80
679.7 145
679.8 191
679.9 185
679.9 223
680.0 437
680.1 593
680.1 801
680.2 968
680.3 1055
680.3 1080
680.4 1164
680.5 1189
680.5 1258
680.6 1226
680.7 1146
680.7 1438
680.8 1808
680.9 2435
680.9 3078
681.1 3915
681.1 4770
681.1 5532
681.0 5750
681.3 4824
681.3 3766
681.4 2676
681.5 1727
681.5 1121
681.6 747
681.7 542
681.7 436
681.8 354
681.9 263
681.9 239
682.0 314
682.1 321
682.1 362
682.2 327
682.3 247
682.3 222
682.4 204
682.5 150
682.5 89
682.6 47
682.7 35
682.7 12
682.8 7
682.9 13
682.9 23
683.0 15
683.1 5
683.1 1
683.2 0
683.3 12
683.3 40
683.4 51
683.5 53
683.5 53
683.6 39
683.7 27
683.7 26
683.8 28
683.9 25
683.9 20
684.0 46
684.1 62
684.1 62
684.2 45
684.3 28
684.3 11
684.4 1
684.5 8
684.5 24
684.6 17
684.7 23
684.7 20
684.8 4
684.9 0
684.9 0
685.0 0
685.1 0
685.1 0
685.2 0
685.3 0
685.3 0
685.4 0
685.5 0
685.5 0
685.6 0
685.7 0
685.7 0
685.8 0
685.9 0
685.9 0
686.0 0
686.1 0
686.1 0
686.2 0
686.3 8
686.3 21
686.4 18
686.5 8
686.5 6
686.6 4
686.7 0
686.7 0
686.8 0
686.9 0
686.9 0
687.0 0
687.1 0
687.1 0
687.2 0
687.3 0
687.3 0
687.4 0
687.5 0
687.5 0
687.6 0
687.7 0
687.7 0
687.8 0
687.9 0
687.9 0
688.0 0
688.1 0
688.1 0
688.2 0
688.3 0
688.3 0
688.4 0
688.5 0
688.5 0
688.6 0
688.7 0
688.7 0
688.8 3
688.9 12
688.9 5
689.0 2
689.1 11
689.1 16
689.2 2
689.3 0
689.3 0
689.4 0
689.5 0
689.5 12
689.6 39
689.7 33
689.7 32
689.8 17
689.9 2
689.9 0
690.0 0
690.1 0
690.1 0
690.2 18
690.3 19
690.3 10
690.4 24
690.5 44
690.5 33
690.6 8
690.7 0
690.7 0
690.8 0
690.9 0
690.9 0
691.0 3
691.1 19
691.1 20
691.2 11
691.3 0
691.3 0
691.4 0
691.5 0
691.5 0
691.6 0
691.7 0
691.7 0
691.8 0
691.9 0
691.9 0
692.0 0
692.1 0
692.1 0
692.2 0
692.3 0
692.3 0
692.4 0
692.5 0
692.5 0
692.6 0
692.7 0
692.7 0
692.8 5
692.9 8
692.9 4
693.0 1
693.1 0
693.1 4
693.2 13
693.3 16
693.3 8
693.4 1
693.5 0
693.5 0
693.6 0
693.7 0
693.7 0
693.8 0
693.9 0
693.9 0
694.0 0
694.1 4
694.1 8
694.2 2
694.3 0
694.3 0
694.4 0
694.5 3
694.5 7
694.6 7
694.7 0
694.7 0
694.8 0
694.9 0
694.9 0
695.0 0
695.1 0
695.1 2
695.2 5
695.3 5
695.3 1
695.4 0
695.5 0
695.5 0
695.6 0
695.7 0
695.7 0
695.8 0
695.9 0
695.9 0
696.0 0
696.1 0
696.1 2
696.2 5
696.3 6
696.3 4
696.4 11
696.5 4
696.5 0
696.6 0
696.7 13
696.7 12
696.8 4
696.9 0
696.9 0
697.0 2
697.1 21
697.1 31
697.2 18
697.3 13
697.3 19
697.4 52
697.5 93
697.5 103
697.6 123
697.7 241
697.7 470
697.8 782
697.9 1089
697.9 1333
698.0 1864
698.1 2605
698.1 3515
698.2 4019
698.3 4065
698.3 3928
698.4 3539
698.5 3085
698.5 2671
698.6 1995
698.7 1356
698.7 929
698.8 865
698.9 995
698.9 1106
699.0 5484
699.1 1442
699.1 1906
699.2 2521
699.3 3058
699.3 3153
699.4 3243
699.5 3353
699.5 2970
699.6 2607
699.7 1974
699.7 1133
699.8 655
699.9 402
699.9 265
700.0 191
700.1 130
700.1 134
700.2 96
700.3 64
700.3 49
700.4 68
700.5 99
700.5 86
700.6 72
700.7 45
700.7 16
700.8 3
700.9 1
700.9 14
701.0 11
701.1 3
701.1 0
701.2 0
701.3 0
701.3 0
701.4 3
701.5 11
701.5 14
701.6 1
701.7 0
701.7 0
701.8 0
701.9 0
701.9 0
702.0 0
702.1 0
702.1 0
702.2 0
702.3 0
702.3 0
702.4 0
702.5 0
702.5 0
702.6 0
702.7 0
702.7 1
702.8 3
702.9 2
702.9 1
703.0 0
703.1 0
703.1 0
703.2 0
703.3 4
703.3 11
703.4 9
703.5 0
703.5 2
703.6 9
703.7 19
703.7 27
703.8 23
703.9 9
703.9 0
704.0 0
704.1 0
704.1 0
704.2 0
704.3 0
704.3 0
704.4 0
704.5 0
704.5 0
704.6 0
704.7 0
704.7 0
704.8 0
704.9 0
704.9 0
705.0 0
705.1 0
705.1 0
705.2 0
705.3 0
705.3 0
705.4 0
705.5 10
705.5 9
705.6 3
705.7 0
705.7 0
705.8 0
705.9 0
705.9 0
706.0 0
706.1 0
706.1 1
706.2 5
706.3 6
706.3 3
706.4 3
706.5 10
706.5 16
706.6 10
706.7 0
706.7 0
706.8 0
706.9 0
706.9 0
707.0 0
707.1 0
707.1 0
707.2 0
707.3 0
707.3 0
707.4 0
707.5 0
707.5 0
707.6 0
707.7 0
707.7 0
707.8 0
707.9 5
707.9 22
708.0 40
708.1 41
708.1 27
708.2 25
708.3 15
708.3 14
708.4 7
708.5 1
708.5 0
708.6 0
708.7 0
708.7 0
708.8 0
708.9 0
708.9 2
709.0 8
709.1 9
709.1 8
709.2 10
709.3 2
709.3 0
709.4 0
709.5 0
709.5 0
709.6 2
709.7 3
709.7 3
709.8 11
709.9 15
709.9 7
710.0 1
710.1 0
710.1 0
710.2 0
710.3 0
710.3 0
710.4 0
710.5 0
710.5 0
710.6 0
710.7 0
710.7 0
710.8 0
710.9 4
710.9 16
711.0 8
711.1 2
711.1 0
711.2 0
711.3 0
711.3 0
711.4 0
711.5 8
711.5 19
711.6 16
711.7 5
711.7 0
711.8 5
711.9 11
711.9 32
712.0 22
712.1 7
712.1 4
712.2 12
712.3 16
712.3 8
712.4 2
712.5 0
712.5 0
712.6 0
712.7 0
712.7 0
712.8 5
712.9 21
712.9 22
713.0 16
713.1 1
713.1 0
713.2 0
713.3 0
713.3 0
713.4 0
713.5 0
713.5 0
713.6 0
713.7 0
713.7 0
713.8 0
713.9 0
713.9 0
714.0 0
714.1 0
714.1 0
714.2 0
714.3 0
714.3 0
714.4 0
714.5 1
714.5 3
714.6 4
714.7 5
714.7 4
714.8 1
714.9 0
714.9 0
715.0 0
715.1 0
715.1 0
715.2 0
715.3 0
715.3 0
715.4 0
715.5 0
715.5 0
715.6 0
715.7 0
715.7 0
715.8 0
715.9 0
715.9 0
716.0 0
716.1 0
716.1 0
716.2 0
716.3 0
716.3 0
716.4 0
716.5 0
716.5 0
716.6 0
716.7 0
716.7 0
716.8 0
716.9 0
716.9 0
717.0 0
717.1 0
717.1 0
717.2 0
717.3 0
717.3 0
717.4 0
717.5 0
717.5 0
717.6 0
717.7 3
717.7 18
717.8 30
717.9 19
717.9 5
718.0 0
718.1 0
718.1 0
718.2 0
718.3 0
718.3 0
718.4 0
718.5 0
718.5 0
718.6 0
718.7 0
718.7 0
718.8 0
718.9 0
718.9 5
719.0 19
719.1 24
719.1 8
719.2 5
719.3 3
719.3 1
719.4 0
719.5 8
719.5 18
719.6 14
719.7 6
719.7 9
719.8 4
719.9 1
719.9 0
720.0 2
720.1 13
720.1 19
720.2 11
720.3 2
720.3 0
720.4 4
720.5 12
720.5 11
720.6 0
720.7 0
720.7 0
720.8 0
720.9 0
720.9 0
721.0 5
721.1 12
721.1 11
721.2 0
721.3 0
721.3 0
721.4 0
721.5 0
721.5 0
721.6 0
721.7 0
721.7 0
721.8 0
721.9 2
721.9 6
722.0 4
722.1 4
722.1 9
722.2 10
722.3 1
722.3 1
722.4 14
722.5 37
722.5 33
722.6 24
722.7 13
722.7 3
722.8 0
722.9 0
722.9 0
723.0 0
723.1 0
723.1 0
723.2 2
723.3 5
723.3 20
723.4 25
723.5 52
723.5 56
723.6 78
723.7 65
723.7 29
723.8 15
723.9 0
723.9 0
724.0 0
724.1 0
724.1 0
724.2 0
724.3 0
724.3 0
724.4 7
724.5 16
724.5 5
724.6 24
724.7 44
724.7 9
724.8 1
724.9 0
724.9 2
725.0 3
725.1 2
725.1 1
725.2 0
725.3 0
725.3 4
725.4 21
725.5 31
725.5 4
725.6 0
725.7 0
725.7 0
725.8 0
725.9 0
725.9 0
726.0 0
726.1 0
726.1 0
726.2 0
726.3 0
726.3 0
726.4 0
726.5 0
726.5 0
726.6 0
726.7 0
726.7 0
726.8 0
726.9 0
726.9 0
727.0 0
727.1 0
727.1 5
727.2 19
727.3 20
727.3 15
727.4 0
727.5 0
727.5 0
727.6 0
727.7 0
727.7 0
727.8 0
727.9 0
727.9 0
728.0 0
728.1 0
728.1 0
728.2 0
728.3 2
728.3 4
728.4 3
728.5 1
728.5 1
728.6 0
728.7 0
728.7 0
728.8 0
728.9 0
728.9 0
729.0 0
729.1 0
729.1 0
729.2 0
729.3 12
729.3 12
729.4 5
729.5 1
729.5 1
729.6 0
729.7 0
729.7 0
729.8 0
729.9 0
729.9 0
730.0 0
730.1 0
730.1 0
730.2 0
730.3 0
730.3 0
730.4 1
730.5 4
730.5 5
730.6 2
730.7 0
730.7 0
730.8 0
730.9 0
730.9 0
731.0 0
731.1 0
731.1 0
731.2 0
731.3 0
731.3 0
731.4 0
731.5 0
731.5 0
731.6 0
731.7 0
731.7 0
731.8 0
731.9 0
731.9 0
732.0 0
732.1 6
732.1 6
732.2 1
732.3 0
732.3 0
732.4 0
732.5 0
732.5 0
732.6 0
732.7 0
732.7 0
732.8 0
732.9 0
732.9 0
733.0 0
733.1 0
733.1 0
733.2 0
733.3 0
733.3 0
733.4 0
733.5 0
733.5 0
733.6 0
733.7 0
733.7 2
733.8 4
733.9 4
733.9 2
734.0 0
734.1 0
734.1 0
734.2 0
734.3 0
734.3 0
734.4 0
734.5 0
734.5 0
734.6 0
734.7 0
734.7 0
734.8 0
734.9 0
734.9 0
735.0 0
735.1 0
735.1 0
735.2 0
735.3 0
735.3 0
735.4 0
735.5 0
735.5 0
735.6 0
735.7 0
735.7 0
735.8 0
735.9 0
735.9 0
736.0 0
736.1 0
736.1 4
736.2 16
736.3 19
736.3 9
736.4 2
736.5 0
736.5 0
736.6 0
736.7 0
736.7 0
736.8 4
736.9 9
736.9 3
737.0 2
737.1 10
737.1 5
737.2 1
737.3 1
737.3 0
737.4 0
737.5 0
737.5 0
737.6 3
737.7 39
737.7 27
737.8 6
737.9 0
737.9 0
738.0 0
738.1 0
738.1 0
738.2 0
738.3 2
738.3 10
738.4 12
738.5 7
738.5 8
738.6 10
738.7 22
738.7 10
738.8 15
738.9 41
738.9 50
739.0 69
739.1 73
739.1 45
739.2 32
739.3 43
739.3 46
739.4 28
739.5 14
739.5 38
739.6 38
739.7 19
739.7 52
739.8 78
739.9 72
739.9 65
740.0 35
740.1 13
740.1 13
740.2 22
740.3 28
740.3 13
740.4 4
740.5 13
740.5 37
740.6 24
740.7 18
740.7 10
740.8 8
740.9 15
740.9 15
741.0 6
741.1 1
741.1 1
741.2 17
741.3 11
741.3 2
741.4 0
741.5 0
741.5 0
741.6 0
741.7 0
741.7 0
741.8 0
741.9 0
741.9 0
742.0 0
742.1 0
742.1 3
742.2 8
742.3 6
742.3 1
742.4 0
742.5 0
742.5 0
742.6 0
742.7 0
742.7 0
742.8 0
742.9 0
742.9 0
743.0 0
743.1 0
743.1 0
743.2 0
743.3 0
743.3 0
743.4 0
743.5 0
743.5 0
743.6 0
743.7 0
743.7 0
743.8 0
743.9 0
743.9 0
744.0 0
744.1 0
744.1 0
744.2 0
744.3 0
744.3 0
744.4 0
744.5 0
744.5 0
744.6 0
744.7 0
744.7 0
744.8 0
744.9 1
744.9 2
745.0 2
745.1 1
745.1 0
745.2 0
745.3 5
745.3 10
745.4 3
745.5 0
745.5 0
745.6 0
745.7 0
745.7 0
745.8 0
745.9 0
745.9 0
746.0 0
746.1 0
746.1 0
746.2 0
746.3 0
746.3 0
746.4 0
746.5 0
746.5 0
746.6 0
746.7 0
746.7 0
746.8 0
746.9 0
746.9 0
747.0 0
747.1 0
747.1 0
747.2 0
747.3 0
747.3 0
747.4 0
747.5 0
747.5 0
747.6 0
747.7 0
747.7 0
747.8 0
747.9 0
747.9 13
748.0 16
748.1 7
748.1 1
748.2 0
748.3 0
748.3 0
748.4 0
748.5 3
748.5 9
748.6 2
748.7 0
748.7 0
748.8 5
748.9 19
748.9 21
749.0 9
749.1 0
749.1 0
749.2 0
749.3 1
749.3 9
749.4 37
749.5 30
749.5 13
749.6 3
749.7 0
749.7 0
749.8 0
749.9 0
749.9 0
750.0 0
750.1 0
750.1 0
750.2 0
750.3 0
750.3 4
750.4 11
750.5 2
750.5 0
750.6 0
750.7 0
750.7 0
750.8 0
750.9 0
750.9 0
751.0 0
751.1 0
751.1 0
751.2 0
751.3 0
751.3 0
751.4 0
751.5 4
751.5 18
751.6 24
751.7 13
751.7 0
751.8 0
751.9 0
751.9 0
752.0 0
752.1 0
752.1 0
752.2 0
752.3 0
752.3 0
752.4 0
752.5 0
752.5 8
752.6 24
752.7 9
752.7 1
752.8 0
752.9 0
752.9 3
753.0 7
753.1 6
753.1 2
753.2 0
753.3 4
753.3 12
753.4 11
753.5 0
753.5 0
753.6 0
753.7 0
753.7 0
753.8 0
753.9 0
753.9 0
754.0 0
754.1 0
754.1 0
754.2 0
754.3 0
754.3 0
754.4 4
754.5 13
754.5 4
754.6 0
754.7 0
754.7 0
754.8 0
754.9 0
754.9 0
755.0 0
755.1 0
755.1 0
755.2 0
755.3 0
755.3 0
755.4 0
755.5 0
755.5 0
755.6 0
755.7 0
755.7 0
755.8 0
755.9 0
755.9 0
756.0 0
756.1 0
756.1 0
756.2 0
756.3 0
756.3 0
756.4 0
756.5 0
756.5 0
756.6 0
756.7 0
756.7 0
756.8 0
756.9 0
756.9 0
757.0 0
757.1 0
757.1 0
757.2 0
757.3 0
757.3 0
757.4 0
757.5 0
757.5 0
757.6 0
757.7 0
757.7 0
757.8 0
757.9 0
757.9 0
758.0 0
758.1 0
758.1 2
758.2 13
758.3 20
758.3 12
758.4 1
758.5 0
758.5 0
758.6 0
758.7 0
758.7 0
758.8 0
758.9 5
758.9 15
759.0 8
759.1 2
759.1 0
759.2 0
759.3 0
759.3 0
759.4 0
759.5 0
759.5 0
759.6 0
759.7 0
759.7 0
759.8 0
759.9 0
759.9 0
760.0 0
760.1 0
760.1 0
760.2 0
760.3 0
760.3 0
760.4 0
760.5 0
760.5 0
760.6 0
760.7 0
760.7 0
760.8 0
760.9 0
760.9 0
761.0 0
761.1 0
761.1 0
761.2 2
761.3 6
761.3 6
761.4 11
761.5 29
761.5 24
761.6 7
761.7 0
761.7 0
761.8 0
761.9 0
761.9 0
762.0 0
762.1 0
762.1 0
762.2 0
762.3 0
762.3 0
762.4 4
762.5 3
762.5 1
762.6 0
762.7 0
762.7 0
762.8 0
762.9 0
762.9 5
763.0 17
763.1 16
763.1 6
763.2 1
763.3 0
763.3 0
763.4 0
763.5 0
763.5 0
763.6 2
763.7 4
763.7 1
763.8 0
763.9 0
763.9 0
764.0 0
764.1 0
764.1 0
764.2 0
764.3 0
764.3 0
764.4 0
764.5 0
764.5 0
764.6 0
764.7 0
764.7 0
764.8 0
764.9 1
764.9 5
765.0 6
765.1 3
765.1 0
765.2 11
765.3 19
765.3 5
765.4 0
765.5 0
765.5 8
765.6 21
765.7 19
765.7 7
765.8 0
765.9 0
765.9 0
766.0 0
766.1 0
766.1 0
766.2 0
766.3 0
766.3 0
766.4 0
766.5 0
766.5 1
766.6 3
766.7 1
766.7 0
766.8 0
766.9 4
766.9 10
767.0 5
767.1 8
767.1 6
767.2 0
767.3 0
767.3 0
767.4 0
767.5 0
767.5 0
767.6 0
767.7 0
767.7 0
767.8 0
767.9 0
767.9 0
768.0 0
768.1 0
768.1 0
768.2 0
768.3 0
768.3 0
768.4 0
768.5 0
768.5 0
768.6 0
768.7 0
768.7 0
768.8 0
768.9 0
768.9 0
769.0 0
769.1 0
769.1 0
769.2 0
769.3 0
769.3 0
769.4 0
769.5 0
769.5 0
769.6 0
769.7 0
769.7 0
769.8 0
769.9 0
769.9 0
770.0 0
770.1 0
770.1 0
770.2 0
770.3 0
770.3 0
770.4 0
770.5 0
770.5 0
770.6 0
770.7 0
770.7 0
770.8 0
770.9 0
770.9 0
771.0 0
771.1 0
771.1 9
771.2 20
771.3 6
771.3 1
771.4 0
771.5 0
771.5 0
771.6 0
771.7 0
771.7 0
771.8 0
771.9 0
771.9 0
772.0 0
772.1 0
772.1 0
772.2 0
772.3 0
772.3 0
772.4 0
772.5 0
772.5 0
772.6 1
772.7 2
772.7 1
772.8 0
772.9 0
772.9 0
773.0 0
773.1 0
773.1 0
773.2 0
773.3 0
773.3 0
773.4 0
773.5 0
773.5 0
773.6 0
773.7 0
773.7 0
773.8 0
773.9 0
773.9 0
774.0 5
774.1 10
774.1 8
774.2 2
774.3 0
774.3 0
774.4 0
774.5 0
774.5 0
774.6 0
774.7 0
774.7 0
774.8 0
774.9 0
774.9 0
775.0 0
775.1 0
775.1 0
775.2 0
775.3 0
775.3 0
775.4 3
775.5 7
775.5 6
775.6 0
775.7 0
775.7 0
775.8 0
775.9 0
775.9 0
776.0 4
776.1 3
776.1 6
776.2 12
776.3 2
776.3 0
776.4 0
776.5 0
776.5 0
776.6 0
776.7 0
776.7 0
776.8 0
776.9 0
776.9 0
777.0 0
777.1 0
777.1 0
777.2 0
777.3 0
777.3 0
777.4 0
777.5 0
777.5 0
777.6 0
777.7 0
777.7 0
777.8 0
777.9 0
777.9 0
778.0 0
778.1 0
778.1 0
778.2 0
778.3 0
778.3 0
778.4 0
778.5 0
778.5 0
778.6 0
778.7 0
778.7 0
778.8 0
778.9 0
778.9 0
779.0 0
779.1 0
779.1 0
779.2 0
779.3 0
779.3 0
779.4 2
779.5 4
779.5 3
779.6 0
779.7 0
779.7 0
779.8 0
779.9 0
779.9 0
780.0 0
780.1 0
780.1 2
780.2 5
780.3 6
780.3 13
780.4 13
780.5 29
780.5 16
780.6 3
780.7 0
780.7 0
780.8 0
780.9 0
780.9 0
781.0 0
781.1 7
781.1 18
781.2 14
781.3 4
781.3 0
781.4 0
781.5 0
781.5 0
781.6 0
781.7 0
781.7 0
781.8 0
781.9 0
781.9 0
782.0 0
782.1 0
782.1 0
782.2 0
782.3 8
782.3 7
782.4 2
782.5 0
782.5 0
782.6 0
782.7 0
782.7 0
782.8 0
782.9 0
782.9 0
783.0 0
783.1 1
783.1 6
783.2 12
783.3 12
783.3 3
783.4 0
783.5 0
783.5 0
783.6 0
783.7 0
783.7 0
783.8 0
783.9 0
783.9 3
784.0 9
784.1 8
784.1 2
784.2 0
784.3 0
784.3 0
784.4 0
784.5 0
784.5 0
784.6 0
784.7 0
784.7 0
784.8 0
784.9 0
784.9 0
785.0 0
785.1 0
785.1 0
785.2 0
785.3 0
785.3 1
785.4 3
785.5 1
785.5 1
785.6 1
785.7 9
785.7 27
785.8 22
785.9 10
785.9 0
786.0 5
786.1 14
786.1 16
786.2 7
786.3 1
786.3 1
786.4 0
786.5 0
786.5 0
786.6 0
786.7 0
786.7 0
786.8 0
786.9 0
786.9 0
787.0 0
787.1 3
787.1 6
787.2 4
787.3 4
787.3 11
787.4 23
787.5 13
787.5 3
787.6 0
787.7 0
787.7 0
787.8 0
787.9 0
787.9 0
788.0 0
788.1 0
788.1 2
788.2 5
788.3 4
788.3 1
788.4 0
788.5 0
788.5 0
788.6 2
788.7 5
788.7 1
788.8 0
788.9 0
788.9 0
789.0 0
789.1 7
789.1 6
789.2 2
789.3 0
789.3 3
789.4 11
789.5 12
789.5 0
789.6 0
789.7 0
789.7 0
789.8 0
789.9 0
789.9 0
790.0 0
790.1 0
790.1 0
790.2 0
790.3 0
790.3 0
790.4 0
790.5 0
790.5 0
790.6 0
790.7 0
790.7 0
790.8 0
790.9 0
790.9 0
791.0 0
791.1 0
791.1 0
791.2 0
791.3 2
791.3 7
791.4 9
791.5 4
791.5 0
791.6 0
791.7 0
791.7 0
791.8 1
791.9 7
791.9 10
792.0 1
792.1 0
792.1 0
792.2 0
792.3 0
792.3 0
792.4 0
792.5 0
792.5 4
792.6 16
792.7 19
792.7 9
792.8 2
792.9 0
792.9 0
793.0 0
793.1 0
793.1 0
793.2 0
793.3 0
793.3 0
793.4 0
793.5 0
793.5 0
793.6 0
793.7 0
793.7 0
793.8 0
793.9 0
793.9 0
794.0 0
794.1 0
794.1 3
794.2 8
794.3 6
794.3 4
794.4 2
794.5 6
794.5 5
794.6 2
794.7 0
794.7 0
794.8 0
794.9 0
794.9 0
795.0 0
795.1 0
795.1 0
795.2 0
795.3 0
795.3 0
795.4 0
795.5 0
795.5 0
795.6 0
795.7 0
795.7 0
795.8 0
795.9 3
795.9 9
796.0 4
796.1 1
796.1 1
796.2 0
796.3 0
796.3 0
796.4 0
796.5 0
796.5 0
796.6 0
796.7 0
796.7 5
796.8 4
796.9 1
796.9 0
797.0 0
797.1 0
797.1 0
797.2 0
797.3 0
797.3 0
797.4 0
797.5 0
797.5 0
797.6 0
797.7 0
797.7 0
797.8 0
797.9 0
797.9 0
798.0 0
798.1 0
798.1 0
798.2 0
798.3 0
798.3 0
798.4 0
798.5 0
798.5 0
798.6 0
798.7 0
798.7 0
798.8 0
798.9 1
798.9 10
799.0 18
799.1 2
799.1 0
799.2 0
799.3 0
799.3 0
799.4 0
799.5 0
799.5 0
799.6 0
799.7 0
799.7 0
799.8 0
799.9 15
799.9 23
800.0 15
800.1 10
800.1 11
800.2 2
800.3 1
800.3 0
800.4 0
800.5 0
800.5 0
800.6 0
800.7 0
800.7 0
800.8 0
800.9 0
800.9 0
801.0 0
801.1 0
801.1 0
801.2 0
801.3 0
801.3 0
801.4 0
801.5 11
801.5 28
801.6 24
801.7 1
801.7 0
801.8 0
801.9 0
801.9 0
802.0 0
802.1 0
802.1 0
802.2 0
802.3 0
802.3 0
802.4 0
802.5 0
802.5 0
802.6 0
802.7 0
802.7 0
802.8 0
802.9 0
802.9 0
803.0 0
803.1 0
803.1 0
803.2 0
803.3 0
803.3 0
803.4 0
803.5 0
803.5 0
803.6 0
803.7 0
803.7 0
803.8 0
803.9 0
803.9 6
804.0 5
804.1 2
804.1 0
804.2 0
804.3 0
804.3 0
804.4 0
804.5 0
804.5 0
804.6 0
804.7 0
804.7 1
804.8 5
804.9 5
804.9 1
805.0 0
805.1 0
805.1 0
805.2 0
805.3 0
805.3 0
805.4 0
805.5 0
805.5 0
805.6 0
805.7 0
805.7 0
805.8 6
805.9 5
805.9 1
806.0 1
806.1 3
806.1 3
806.2 0
806.3 0
806.3 0
806.4 0
806.5 3
806.5 7
806.6 2
806.7 0
806.7 0
806.8 0
806.9 0
806.9 0
807.0 0
807.1 0
807.1 0
807.2 0
807.3 0
807.3 0
807.4 0
807.5 0
807.5 0
807.6 0
807.7 0
807.7 0
807.8 0
807.9 0
807.9 0
808.0 0
808.1 0
808.1 0
808.2 0
808.3 0
808.3 0
808.4 0
808.5 2
808.5 9
808.6 12
808.7 4
808.7 0
808.8 0
808.9 0
808.9 0
809.0 0
809.1 0
809.1 0
809.2 0
809.3 0
809.3 0
809.4 0
809.5 0
809.5 0
809.6 0
809.7 0
809.7 0
809.8 0
809.9 0
809.9 0
810.0 2
810.1 6
810.1 9
810.2 5
810.3 0
810.3 0
810.4 0
810.5 0
810.5 0
810.6 0
810.7 0
810.7 0
810.8 0
810.9 2
810.9 11
811.0 16
811.1 9
811.1 0
811.2 14
811.3 31
811.3 7
811.4 0
811.5 0
811.5 0
811.6 0
811.7 0
811.7 0
811.8 0
811.9 0
811.9 0
812.0 0
812.1 0
812.1 0
812.2 0
812.3 0
812.3 0
812.4 0
812.5 0
812.5 0
812.6 0
812.7 0
812.7 0
812.8 0
812.9 0
812.9 0
813.0 0
813.1 0
813.1 0
813.2 0
813.3 0
813.3 0
813.4 0
813.5 0
813.5 0
813.6 0
813.7 0
813.7 0
813.8 0
813.9 0
813.9 0
814.0 0
814.1 0
814.1 0
814.2 0
814.3 0
814.3 1
814.4 3
814.5 1
814.5 2
814.6 5
814.7 4
814.7 1
814.8 0
814.9 0
814.9 0
815.0 0
815.1 1
815.1 6
815.2 22
815.3 25
815.3 10
815.4 1
815.5 0
815.5 0
815.6 0
815.7 0
815.7 0
815.8 0
815.9 0
815.9 0
816.0 0
816.1 0
816.1 0
816.2 0
816.3 0
816.3 0
816.4 0
816.5 0
816.5 0
816.6 0
816.7 0
816.7 0
816.8 0
816.9 0
816.9 0
817.0 0
817.1 0
817.1 0
817.2 0
817.3 0
817.3 0
817.4 0
817.5 0
817.5 6
817.6 17
817.7 4
817.7 0
817.8 0
817.9 0
817.9 0
818.0 0
818.1 0
818.1 0
818.2 0
818.3 0
818.3 0
818.4 0
818.5 0
818.5 0
818.6 0
818.7 0
818.7 0
818.8 0
818.9 0
818.9 0
819.0 0
819.1 0
819.1 0
819.2 0
819.3 0
819.3 0
819.4 0
819.5 0
819.5 4
819.6 10
819.7 8
819.7 2
819.8 0
819.9 0
819.9 0
820.0 0
820.1 0
820.1 0
820.2 0
820.3 0
820.3 0
820.4 0
820.5 0
820.5 0
820.6 0
820.7 0
820.7 0
820.8 0
820.9 0
820.9 0
821.0 0
821.1 0
821.1 0
821.2 0
821.3 0
821.3 0
821.4 0
821.5 0
821.5 0
821.6 1
821.7 5
821.7 6
821.8 1
821.9 0
821.9 0
822.0 0
822.1 0
822.1 0
822.2 0
822.3 0
822.3 0
822.4 0
822.5 13
822.5 34
822.6 30
822.7 1
822.7 0
822.8 0
822.9 0
822.9 0
823.0 0
823.1 0
823.1 0
823.2 0
823.3 0
823.3 0
823.4 0
823.5 0
823.5 0
823.6 0
823.7 0
823.7 0
823.8 0
823.9 0
823.9 0
824.0 0
824.1 0
824.1 0
824.2 0
824.3 0
824.3 0
824.4 0
824.5 0
824.5 0
824.6 0
824.7 0
824.7 0
824.8 0
824.9 0
824.9 0
825.0 0
825.1 0
825.1 0
825.2 0
825.3 0
825.3 1
825.4 9
825.5 17
825.5 16
825.6 8
825.7 1
825.7 0
825.8 0
825.9 0
825.9 0
826.0 0
826.1 0
826.1 0
826.2 0
826.3 0
826.3 0
826.4 0
826.5 0
826.5 0
826.6 0
826.7 0
826.7 0
826.8 0
826.9 0
826.9 0
827.0 2
827.1 14
827.1 8
827.2 1
827.3 2
827.3 17
827.4 15
827.5 11
827.5 9
827.6 1
827.7 0
827.7 0
827.8 0
827.9 0
827.9 0
828.0 8
828.1 24
828.1 25
828.2 10
828.3 0
828.3 0
828.4 0
828.5 0
828.5 0
828.6 0
828.7 0
828.7 0
828.8 0
828.9 0
828.9 4
829.0 12
829.1 13
829.1 6
829.2 1
829.3 0
829.3 0
829.4 0
829.5 0
829.5 0
829.6 0
829.7 0
829.7 0
829.8 0
829.9 0
829.9 0
830.0 0
830.1 0
830.1 0
830.2 10
830.3 42
830.3 48
830.4 22
830.5 2
830.5 0
830.6 0
830.7 4
830.7 10
830.8 2
830.9 3
830.9 8
831.0 7
831.1 2
831.1 0
831.2 0
831.3 0
831.3 0
831.4 0
831.5 0
831.5 0
831.6 0
831.7 0
831.7 0
831.8 0
831.9 0
831.9 0
832.0 0
832.1 0
832.1 0
832.2 4
832.3 11
832.3 7
832.4 24
832.5 16
832.5 5
832.6 0
832.7 0
832.7 0
832.8 0
832.9 0
832.9 0
833.0 0
833.1 0
833.1 0
833.2 0
833.3 0
833.3 0
833.4 2
833.5 8
833.5 15
833.6 7
833.7 2
833.7 0
833.8 0
833.9 0
833.9 0
834.0 0
834.1 0
834.1 0
834.2 0
834.3 0
834.3 0
834.4 9
834.5 27
834.5 10
834.6 1
834.7 0
834.7 0
834.8 0
834.9 0
834.9 7
835.0 13
835.1 4
835.1 0
835.2 0
835.3 13
835.3 18
835.4 5
835.5 0
835.5 0
835.6 0
835.7 0
835.7 0
835.8 0
835.9 0
835.9 0
836.0 3
836.1 16
836.1 15
836.2 3
836.3 0
836.3 0
836.4 0
836.5 0
836.5 0
836.6 0
836.7 0
836.7 0
836.8 0
836.9 0
836.9 0
837.0 0
837.1 0
837.1 0
837.2 0
837.3 2
837.3 7
837.4 4
837.5 5
837.5 5
837.6 2
837.7 5
837.7 14
837.8 13
837.9 4
837.9 0
838.0 0
838.1 0
838.1 0
838.2 0
838.3 0
838.3 0
838.4 0
838.5 1
838.5 5
838.6 7
838.7 0
838.7 0
838.8 0
838.9 0
838.9 0
839.0 0
839.1 0
839.1 0
839.2 0
839.3 0
839.3 0
839.4 0
839.5 0
839.5 0
839.6 0
839.7 0
839.7 0
839.8 0
839.9 0
839.9 0
840.0 0
840.1 0
840.1 0
840.2 0
840.3 0
840.3 0
840.4 0
840.5 0
840.5 0
840.6 0
840.7 0
840.7 0
840.8 0
840.9 0
840.9 9
841.0 24
841.1 21
841.1 1
841.2 2
841.3 8
841.3 8
841.4 2
841.5 0
841.5 0
841.6 0
841.7 0
841.7 0
841.8 0
841.9 0
841.9 0
842.0 0
842.1 0
842.1 0
842.2 0
842.3 0
842.3 0
842.4 0
842.5 0
842.5 0
842.6 0
842.7 0
842.7 0
842.8 0
842.9 0
842.9 0
843.0 0
843.1 0
843.1 0
843.2 0
843.3 0
843.3 0
843.4 0
843.5 0
843.5 0
843.6 0
843.7 0
843.7 0
843.8 0
843.9 0
843.9 0
844.0 0
844.1 0
844.1 0
844.2 0
844.3 0
844.3 0
844.4 0
844.5 0
844.5 0
844.6 0
844.7 0
844.7 0
844.8 0
844.9 0
844.9 3
845.0 5
845.1 1
845.1 0
845.2 0
845.3 0
845.3 0
845.4 0
845.5 0
845.5 0
845.6 0
845.7 0
845.7 0
845.8 0
845.9 0
845.9 0
846.0 5
846.1 10
846.1 3
846.2 0
846.3 0
846.3 0
846.4 0
846.5 0
846.5 0
846.6 0
846.7 0
846.7 0
846.8 0
846.9 0
846.9 0
847.0 0
847.1 0
847.1 0
847.2 3
847.3 14
847.3 21
847.4 12
847.5 1
847.5 0
847.6 0
847.7 0
847.7 0
847.8 0
847.9 0
847.9 0
848.0 0
848.1 0
848.1 0
848.2 0
848.3 0
848.3 0
848.4 0
848.5 0
848.5 0
848.6 0
848.7 0
848.7 0
848.8 0
848.9 0
848.9 0
849.0 0
849.1 0
849.1 0
849.2 0
849.3 1
849.3 5
849.4 7
849.5 4
849.5 1
849.6 0
849.7 0
849.7 0
849.8 0
849.9 0
849.9 0
850.0 0
