300.1 2
300.1 15
300.2 54
300.3 64
300.3 27
300.4 7
300.5 1
300.5 0
300.6 0
300.7 0
300.7 4
300.8 34
300.9 89
300.9 73
301.0 59
301.1 76
301.1 45
301.2 12
301.3 2
301.3 0
301.4 2
301.5 11
301.5 20
301.6 8
301.7 1
301.7 0
301.8 16
301.9 38
301.9 38
302.0 16
302.1 3
302.1 0
302.2 0
302.3 2
302.3 13
302.4 25
302.5 2
302.5 0
302.6 0
302.7 6
302.7 46
302.8 77
302.9 113
302.9 106
303.0 73
303.1 47
303.1 46
303.2 41
303.3 13
303.3 15
303.4 29
303.5 26
303.5 3
303.6 2
303.7 0
303.7 11
303.8 22
303.9 38
303.9 23
304.0 84
304.1 235
304.1 238
304.2 61
304.3 3
304.3 12
304.4 19
304.5 12
304.5 5
304.6 28
304.7 82
304.7 130
304.8 108
304.9 66
304.9 36
305.0 26
305.1 38
305.1 47
305.2 130
305.3 155
305.3 125
305.4 106
305.5 83
305.5 33
305.6 16
305.7 21
305.7 6
305.8 1
305.9 0
305.9 3
306.0 28
306.1 37
306.1 22
306.2 6
306.3 2
306.3 0
306.4 3
306.5 12
306.5 13
306.6 3
306.7 0
306.7 5
306.8 29
306.9 71
306.9 87
307.0 52
307.1 49
307.1 20
307.2 5
307.3 2
307.3 27
307.4 51
307.5 25
307.5 7
307.6 1
307.7 0
307.7 22
307.8 70
307.9 94
307.9 92
308.0 97
308.1 47
308.1 11
308.2 2
308.3 0
308.3 0
308.4 0
308.5 2
308.5 30
308.6 114
308.7 270
308.7 359
308.8 234
308.9 168
308.9 104
309.0 71
309.1 100
309.1 129
309.2 125
309.3 112
309.3 75
309.4 78
309.5 32
309.5 6
309.6 1
309.7 0
309.7 0
309.8 0
309.9 24
309.9 56
310.0 42
310.1 29
310.1 43
310.2 73
310.3 96
310.3 56
310.4 6
310.5 2
310.5 3
310.6 25
310.7 45
310.7 30
310.8 10
310.9 24
310.9 50
311.0 40
311.1 71
311.1 77
311.2 40
311.3 58
311.3 114
311.4 108
311.5 38
311.5 6
311.6 0
311.7 0
311.7 0
311.8 2
311.9 13
311.9 39
312.0 45
312.1 29
312.1 18
312.2 14
312.3 6
312.3 30
312.4 36
312.5 35
312.5 24
312.6 50
312.7 62
312.7 33
312.8 6
312.9 27
312.9 102
313.0 167
313.1 162
313.1 92
313.2 113
313.3 156
313.3 161
313.4 127
313.5 63
313.5 6
313.6 1
313.7 0
313.7 54
313.8 110
313.9 66
313.9 45
314.0 61
314.1 67
314.1 44
314.2 17
314.3 0
314.3 0
314.4 0
314.5 0
314.5 0
314.6 0
314.7 0
314.7 3
314.8 23
314.9 49
314.9 44
315.0 35
315.1 35
315.1 53
315.2 49
315.3 22
315.3 4
315.4 1
315.5 0
315.5 5
315.6 16
315.7 5
315.7 0
315.8 0
315.9 0
315.9 0
316.0 0
316.1 3
316.1 18
316.2 40
316.3 33
316.3 10
316.4 26
316.5 77
316.5 92
316.6 44
316.7 29
316.7 40
316.8 55
316.9 101
316.9 141
317.0 206
317.1 192
317.1 108
317.2 92
317.3 121
317.3 124
317.4 27
317.5 3
317.5 0
317.6 18
317.7 49
317.7 59
317.8 29
317.9 8
317.9 39
318.0 59
318.1 53
318.1 4
318.2 1
318.3 3
318.3 42
318.4 47
318.5 14
318.5 3
318.6 1
318.7 0
318.7 0
318.8 4
318.9 52
318.9 101
319.0 157
319.1 194
319.1 128
319.2 79
319.3 36
319.3 70
319.4 81
319.5 62
319.5 51
319.6 7
319.7 0
319.7 0
319.8 0
319.9 0
319.9 11
320.0 42
320.1 53
320.1 6
320.2 2
320.3 0
320.3 0
320.4 0
320.5 0
320.5 0
320.6 0
320.7 2
320.7 10
320.8 17
320.9 36
320.9 49
321.0 39
321.1 13
321.1 12
321.2 29
321.3 26
321.3 16
321.4 6
321.5 3
321.5 74
321.6 63
321.7 20
321.7 2
321.8 8
321.9 22
321.9 8
322.0 3
322.1 34
322.1 32
322.2 20
322.3 13
322.3 13
322.4 7
322.5 1
322.5 0
322.6 0
322.7 0
322.7 0
322.8 0
322.9 2
322.9 17
323.0 55
323.1 31
323.1 6
323.2 2
323.3 0
323.3 0
323.4 0
323.5 0
323.5 0
323.6 0
323.7 4
323.7 13
323.8 43
323.9 42
323.9 43
324.0 48
324.1 30
324.1 4
324.2 24
324.3 45
324.3 40
324.4 7
324.5 2
324.5 13
324.6 40
324.7 29
324.7 8
324.8 5
324.9 17
324.9 25
325.0 51
325.1 63
325.1 75
325.2 139
325.3 165
325.3 45
325.4 7
325.5 0
325.5 0
325.6 2
325.7 9
325.7 8
325.8 2
325.9 1
325.9 7
326.0 38
326.1 56
326.1 30
326.2 17
326.3 27
326.3 84
326.4 85
326.5 66
326.5 53
326.6 28
326.7 67
326.7 144
326.8 198
326.9 246
326.9 256
327.0 363
327.1 442
327.1 458
327.2 364
327.3 227
327.3 243
327.4 153
327.5 43
327.5 17
327.6 9
327.7 2
327.7 1
327.8 5
327.9 62
327.9 171
328.0 198
328.1 144
328.1 96
328.2 84
328.3 55
328.3 38
328.4 13
328.5 15
328.5 23
328.6 18
328.7 14
328.7 15
328.8 3
328.9 1
328.9 10
329.0 63
329.1 138
329.1 241
329.2 158
329.3 81
329.3 26
329.4 5
329.5 4
329.5 12
329.6 32
329.7 42
329.7 20
329.8 3
329.9 2
329.9 56
330.0 104
330.1 148
330.1 102
330.2 46
330.3 42
330.3 33
330.4 8
330.5 1
330.5 0
330.6 0
330.7 13
330.7 98
330.8 146
330.9 92
330.9 111
331.0 155
331.1 148
331.1 115
331.2 72
331.3 19
331.3 59
331.4 96
331.5 89
331.5 40
331.6 2
331.7 1
331.7 0
331.8 0
331.9 0
331.9 0
332.0 8
332.1 58
332.1 98
332.2 156
332.3 98
332.3 36
332.4 4
332.5 0
332.5 12
332.6 25
332.7 28
332.7 23
332.8 21
332.9 7
332.9 12
333.0 29
333.1 47
333.1 48
333.2 41
333.3 29
333.3 8
333.4 0
333.5 0
333.5 0
333.6 0
333.7 0
333.7 0
333.8 0
333.9 0
333.9 0
334.0 2
334.1 7
334.1 11
334.2 9
334.3 6
334.3 3
334.4 2
334.5 1
334.5 56
334.6 91
334.7 88
334.7 49
334.8 30
334.9 58
334.9 108
335.0 85
335.1 35
335.1 33
335.2 24
335.3 7
335.3 0
335.4 14
335.5 24
335.5 17
335.6 6
335.7 6
335.7 29
335.8 25
335.9 7
335.9 3
336.0 0
336.1 0
336.1 0
336.2 3
336.3 11
336.3 36
336.4 19
336.5 3
336.5 0
336.6 3
336.7 11
336.7 16
336.8 11
336.9 9
336.9 12
337.0 100
337.1 126
337.1 73
337.2 35
337.3 52
337.3 50
337.4 36
337.5 29
337.5 6
337.6 1
337.7 3
337.7 32
337.8 73
337.9 40
337.9 35
338.0 64
338.1 49
338.1 13
338.2 2
338.3 0
338.3 0
338.4 11
338.5 38
338.5 36
338.6 29
338.7 35
338.7 35
338.8 21
338.9 13
338.9 38
339.0 136
339.1 184
339.1 104
339.2 37
339.3 8
339.3 0
339.4 0
339.5 0
339.5 0
339.6 0
339.7 9
339.7 33
339.8 70
339.9 102
339.9 34
340.0 3
340.1 0
340.1 0
340.2 23
340.3 56
340.3 44
340.4 0
340.5 0
340.5 0
340.6 0
340.7 0
340.7 0
340.8 18
340.9 83
340.9 116
341.0 145
341.1 103
341.1 98
341.2 34
341.3 4
341.3 0
341.4 0
341.5 0
341.5 0
341.6 0
341.7 0
341.7 0
341.8 15
341.9 60
341.9 74
342.0 55
342.1 93
342.1 64
342.2 17
342.3 2
342.3 0
342.4 2
342.5 13
342.5 21
342.6 14
342.7 1
342.7 11
342.8 29
342.9 35
342.9 56
343.0 96
343.1 121
343.1 118
343.2 61
343.3 4
343.3 31
343.4 82
343.5 71
343.5 1
343.6 0
343.7 0
343.7 0
343.8 0
343.9 0
343.9 2
344.0 22
344.1 44
344.1 31
344.2 9
344.3 0
344.3 1
344.4 9
344.5 20
344.5 21
344.6 13
344.7 4
344.7 0
344.8 0
344.9 0
344.9 1
345.0 16
345.1 44
345.1 74
345.2 161
345.3 171
345.3 160
345.4 76
345.5 13
345.5 16
345.6 25
345.7 25
345.7 19
345.8 2
345.9 1
345.9 19
346.0 59
346.1 68
346.1 37
346.2 7
346.3 17
346.3 12
346.4 3
346.5 6
346.5 19
346.6 37
346.7 24
346.7 11
346.8 27
346.9 72
346.9 80
347.0 93
347.1 108
347.1 70
347.2 131
347.3 92
347.3 50
347.4 75
347.5 59
347.5 17
347.6 18
347.7 34
347.7 7
347.8 13
347.9 15
347.9 40
348.0 70
348.1 53
348.1 32
348.2 6
348.3 0
348.3 0
348.4 0
348.5 12
348.5 38
348.6 32
348.7 17
348.7 23
348.8 82
348.9 90
348.9 108
349.0 156
349.1 153
349.1 257
349.2 282
349.3 301
349.3 215
349.4 132
349.5 165
349.5 137
349.6 42
349.7 5
349.7 4
349.8 18
349.9 23
349.9 8
350.0 0
350.1 0
350.1 0
350.2 0
350.3 25
350.3 17
350.4 3
350.5 3
350.5 27
350.6 58
350.7 57
350.7 42
350.8 54
350.9 114
350.9 191
351.0 157
351.1 103
351.1 80
351.2 67
351.3 36
351.3 30
351.4 48
351.5 15
351.5 8
351.6 13
351.7 5
351.7 57
351.8 101
351.9 95
351.9 56
352.0 32
352.1 25
352.1 21
352.2 30
352.3 13
352.3 4
352.4 0
352.5 0
352.5 14
352.6 32
352.7 11
352.7 4
352.8 54
352.9 170
352.9 153
353.0 61
353.1 26
353.1 34
353.2 77
353.3 76
353.3 30
353.4 11
353.5 16
353.5 6
353.6 1
353.7 0
353.7 7
353.8 19
353.9 4
353.9 1
354.0 0
354.1 2
354.1 62
354.2 96
354.3 78
354.3 27
354.4 17
354.5 26
354.5 21
354.6 21
354.7 25
354.7 43
354.8 57
354.9 36
354.9 69
355.0 45
355.1 21
355.1 20
355.2 24
355.3 17
355.3 0
355.4 0
355.5 0
355.5 0
355.6 0
355.7 0
355.7 13
355.8 36
355.9 11
355.9 0
356.0 0
356.1 0
356.1 0
356.2 0
356.3 0
356.3 0
356.4 0
356.5 0
356.5 12
356.6 59
356.7 76
356.7 48
356.8 45
356.9 57
356.9 102
357.0 95
357.1 82
357.1 75
357.2 29
357.3 16
357.3 24
357.4 3
357.5 0
357.5 0
357.6 0
357.7 0
357.7 0
357.8 0
357.9 0
357.9 0
358.0 0
358.1 16
358.1 15
358.2 11
358.3 15
358.3 28
358.4 39
358.5 25
358.5 1
358.6 2
358.7 21
358.7 48
358.8 40
358.9 12
358.9 57
359.0 130
359.1 73
359.1 59
359.2 59
359.3 32
359.3 16
359.4 19
359.5 23
359.5 18
359.6 8
359.7 2
359.7 0
359.8 32
359.9 106
359.9 139
360.0 97
360.1 21
360.1 1
360.2 0
360.3 0
360.3 7
360.4 60
360.5 96
360.5 109
360.6 67
360.7 51
360.7 101
360.8 92
360.9 54
360.9 18
361.0 56
361.1 95
361.1 70
361.2 73
361.3 30
361.3 16
361.4 19
361.5 58
361.5 98
361.6 84
361.7 39
361.7 11
361.8 0
361.9 20
361.9 90
362.0 96
362.1 64
362.1 40
362.2 6
362.3 4
362.3 21
362.4 103
362.5 58
362.5 11
362.6 3
362.7 10
362.7 25
362.8 162
362.9 339
362.9 331
363.0 199
363.1 189
363.1 207
363.2 215
363.3 219
363.3 250
363.4 276
363.5 201
363.5 144
363.6 151
363.7 209
363.7 221
363.8 120
363.9 24
363.9 9
364.0 25
364.1 30
364.1 26
364.2 0
364.3 2
364.3 28
364.4 71
364.5 69
364.5 3
364.6 19
364.7 31
364.7 21
364.8 29
364.9 41
364.9 51
365.0 34
365.1 31
365.1 15
365.2 10
365.3 34
365.3 69
365.4 80
365.5 43
365.5 11
365.6 2
365.7 18
365.7 35
365.8 8
365.9 2
365.9 31
366.0 65
366.1 71
366.1 71
366.2 51
366.3 16
366.3 13
366.4 46
366.5 67
366.5 40
366.6 2
366.7 0
366.7 2
366.8 12
366.9 41
366.9 59
367.0 35
367.1 7
367.1 9
367.2 8
367.3 9
367.3 8
367.4 3
367.5 1
367.5 0
367.6 0
367.7 0
367.7 0
367.8 0
367.9 0
367.9 0
368.0 18
368.1 41
368.1 7
368.2 8
368.3 20
368.3 32
368.4 12
368.5 10
368.5 62
368.6 113
368.7 30
368.7 26
368.8 62
368.9 164
368.9 208
369.0 165
369.1 130
369.1 71
369.2 64
369.3 86
369.3 103
369.4 24
369.5 8
369.5 17
369.6 12
369.7 1
369.7 0
369.8 0
369.9 3
369.9 6
370.0 41
370.1 100
370.1 97
370.2 44
370.3 12
370.3 4
370.4 2
370.5 0
370.5 0
370.6 0
370.7 21
370.7 86
370.8 146
370.9 299
370.9 327
371.0 282
371.1 304
371.1 370
371.2 258
371.3 156
371.3 64
371.4 47
371.5 36
371.5 9
371.6 2
371.7 0
371.7 8
371.8 94
371.9 177
371.9 116
372.0 58
372.1 59
372.1 132
372.2 225
372.3 160
372.3 82
372.4 126
372.5 169
372.5 111
372.6 35
372.7 20
372.7 36
372.8 45
372.9 41
372.9 31
373.0 15
373.1 50
373.1 76
373.2 57
373.3 79
373.3 64
373.4 5
373.5 2
373.5 0
373.6 19
373.7 53
373.7 49
373.8 0
373.9 27
373.9 49
374.0 13
374.1 9
374.1 12
374.2 65
374.3 150
374.3 107
374.4 20
374.5 2
374.5 0
374.6 2
374.7 25
374.7 117
374.8 101
374.9 68
374.9 47
375.0 119
375.1 189
375.1 286
375.2 300
375.3 270
375.3 167
375.4 165
375.5 98
375.5 55
375.6 26
375.7 36
375.7 81
375.8 22
375.9 5
375.9 21
376.0 32
376.1 24
376.1 7
376.2 33
376.3 123
376.3 147
376.4 94
376.5 24
376.5 54
376.6 125
376.7 68
376.7 24
376.8 29
376.9 49
376.9 139
377.0 151
377.1 96
377.1 9
377.2 54
377.3 142
377.3 63
377.4 20
377.5 5
377.5 0
377.6 0
377.7 0
377.7 0
377.8 2
377.9 24
377.9 36
378.0 57
378.1 94
378.1 77
378.2 1
378.3 0
378.3 0
378.4 0
378.5 0
378.5 0
378.6 0
378.7 0
378.7 3
378.8 16
378.9 38
378.9 40
379.0 47
379.1 30
379.1 34
379.2 40
379.3 7
379.3 28
379.4 44
379.5 28
379.5 7
379.6 0
379.7 54
379.7 59
379.8 35
379.9 40
379.9 45
380.0 22
380.1 5
380.1 0
380.2 0
380.3 0
380.3 0
380.4 0
380.5 0
380.5 0
380.6 0
380.7 7
380.7 31
380.8 42
380.9 21
380.9 0
381.0 0
381.1 1
381.1 8
381.2 25
381.3 36
381.3 11
381.4 21
381.5 16
381.5 21
381.6 35
381.7 18
381.7 0
381.8 0
381.9 14
381.9 33
382.0 50
382.1 51
382.1 33
382.2 5
382.3 0
382.3 0
382.4 0
382.5 0
382.5 0
382.6 0
382.7 0
382.7 0
382.8 16
382.9 18
382.9 29
383.0 41
383.1 32
383.1 14
383.2 5
383.3 1
383.3 0
383.4 0
383.5 0
383.5 0
383.6 0
383.7 0
383.7 0
383.8 0
383.9 23
383.9 93
384.0 88
384.1 39
384.1 9
384.2 0
384.3 0
384.3 0
384.4 0
384.5 14
384.5 28
384.6 23
384.7 16
384.7 114
384.8 250
384.9 196
384.9 71
385.0 33
385.1 53
385.1 51
385.2 37
385.3 22
385.3 6
385.4 0
385.5 2
385.5 10
385.6 6
385.7 33
385.7 123
385.8 46
385.9 7
385.9 16
386.0 5
386.1 1
386.1 0
386.2 0
386.3 0
386.3 0
386.4 0
386.5 0
386.5 0
386.6 0
386.7 0
386.7 20
386.8 71
386.9 133
386.9 102
387.0 79
387.1 56
387.1 42
387.2 20
387.3 8
387.3 1
387.4 0
387.5 0
387.5 0
387.6 0
387.7 0
387.7 13
387.8 42
387.9 47
387.9 57
388.0 78
388.1 101
388.1 132
388.2 96
388.3 70
388.3 50
388.4 23
388.5 1
388.5 0
388.6 0
388.7 10
388.7 34
388.8 81
388.9 136
388.9 97
389.0 77
389.1 137
389.1 324
389.2 280
389.3 118
389.3 64
389.4 60
389.5 42
389.5 13
389.6 1
389.7 0
389.7 0
389.8 0
389.9 9
389.9 42
390.0 110
390.1 148
390.1 131
390.2 99
390.3 91
390.3 73
390.4 48
390.5 12
390.5 15
390.6 78
390.7 80
390.7 39
390.8 31
390.9 133
390.9 245
391.0 204
391.1 139
391.1 115
391.2 125
391.3 201
391.3 200
391.4 128
391.5 102
391.5 78
391.6 33
391.7 6
391.7 13
391.8 31
391.9 41
391.9 47
392.0 133
392.1 116
392.1 89
392.2 70
392.3 67
392.3 81
392.4 172
392.5 230
392.5 159
392.6 60
392.7 82
392.7 116
392.8 139
392.9 126
392.9 126
393.0 133
393.1 85
393.1 126
393.2 128
393.3 74
393.3 27
393.4 6
393.5 1
393.5 0
393.6 0
393.7 0
393.7 0
393.8 0
393.9 0
393.9 0
394.0 0
394.1 0
394.1 23
394.2 34
394.3 46
394.3 36
394.4 23
394.5 5
394.5 0
394.6 0
394.7 0
394.7 0
394.8 31
394.9 117
394.9 146
395.0 53
395.1 35
395.1 42
395.2 102
395.3 134
395.3 85
395.4 24
395.5 2
395.5 0
395.6 0
395.7 0
395.7 0
395.8 0
395.9 0
395.9 0
396.0 3
396.1 15
396.1 90
396.2 111
396.3 53
396.3 2
396.4 17
396.5 43
396.5 41
396.6 25
396.7 44
396.7 68
396.8 76
396.9 40
396.9 50
397.0 34
397.1 44
397.1 35
397.2 37
397.3 94
397.3 132
397.4 149
397.5 131
397.5 43
397.6 18
397.7 20
397.7 5
397.8 0
397.9 3
397.9 36
398.0 102
398.1 100
398.1 41
398.2 17
398.3 50
398.3 78
398.4 71
398.5 29
398.5 0
398.6 0
398.7 0
398.7 0
398.8 9
398.9 23
398.9 17
399.0 7
399.1 28
399.1 70
399.2 78
399.3 14
399.3 0
399.4 0
399.5 0
399.5 1
399.6 13
399.7 72
399.7 66
399.8 28
399.9 48
399.9 57
400.0 37
400.1 10
400.1 0
400.2 0
400.3 0
400.3 0
400.4 5
400.5 22
400.5 30
400.6 8
400.7 27
400.7 60
400.8 124
400.9 187
400.9 204
401.0 215
401.1 274
401.1 207
401.2 125
401.3 69
401.3 124
401.4 172
401.5 61
401.5 6
401.6 0
401.7 0
401.7 1
401.8 16
401.9 42
401.9 61
402.0 69
402.1 63
402.1 39
402.2 94
402.3 137
402.3 111
402.4 83
402.5 23
402.5 3
402.6 1
402.7 4
402.7 52
402.8 126
402.9 67
402.9 79
403.0 150
403.1 132
403.1 44
403.2 72
403.3 71
403.3 119
403.4 192
403.5 98
403.5 24
403.6 56
403.7 80
403.7 46
403.8 33
403.9 49
403.9 84
404.0 83
404.1 48
404.1 31
404.2 49
404.3 39
404.3 26
404.4 41
404.5 44
404.5 34
404.6 75
404.7 52
404.7 22
404.8 36
404.9 133
404.9 268
405.0 269
405.1 137
405.1 97
405.2 121
405.3 134
405.3 89
405.4 32
405.5 6
405.5 13
405.6 17
405.7 17
405.7 13
405.8 4
405.9 5
405.9 30
406.0 44
406.1 46
406.1 27
406.2 23
406.3 80
406.3 98
406.4 54
406.5 7
406.5 2
406.6 0
406.7 13
406.7 50
406.8 96
406.9 204
406.9 323
407.0 308
407.1 427
407.1 591
407.2 703
407.3 552
407.3 491
407.4 295
407.5 284
407.5 273
407.6 231
407.7 240
407.7 142
407.8 131
407.9 216
407.9 307
408.0 298
408.1 188
408.1 137
408.2 63
408.3 71
408.3 92
408.4 71
408.5 31
408.5 64
408.6 52
408.7 37
408.7 38
408.8 94
408.9 249
408.9 397
409.0 236
409.1 88
409.1 46
409.2 94
409.3 77
409.3 74
409.4 111
409.5 57
409.5 16
409.6 3
409.7 1
409.7 9
409.8 35
409.9 24
409.9 4
410.0 1
410.1 0
410.1 11
410.2 27
410.3 6
410.3 1
410.4 0
410.5 0
410.5 0
410.6 0
410.7 0
410.7 6
410.8 30
410.9 32
410.9 35
411.0 50
411.1 49
411.1 23
411.2 39
411.3 105
411.3 79
411.4 22
411.5 4
411.5 10
411.6 22
411.7 27
411.7 15
411.8 0
411.9 13
411.9 43
412.0 24
412.1 19
412.1 50
412.2 57
412.3 10
412.3 11
412.4 4
412.5 1
412.5 0
412.6 0
412.7 0
412.7 0
412.8 0
412.9 27
412.9 102
413.0 145
413.1 81
413.1 122
413.2 89
413.3 69
413.3 114
413.4 120
413.5 106
413.5 32
413.6 16
413.7 51
413.7 65
413.8 13
413.9 43
413.9 99
414.0 156
414.1 114
414.1 114
414.2 118
414.3 89
414.3 68
414.4 56
414.5 77
414.5 202
414.6 173
414.7 125
414.7 210
414.8 450
414.9 493
414.9 414
415.0 599
415.1 620
415.1 607
415.2 545
415.3 434
415.3 334
415.4 128
415.5 29
415.5 18
415.6 29
415.7 21
415.7 10
415.8 76
415.9 62
415.9 62
416.0 103
416.1 102
416.1 63
416.2 45
416.3 104
416.3 181
416.4 180
416.5 59
416.5 8
416.6 0
416.7 0
416.7 0
416.8 1
416.9 22
416.9 63
417.0 85
417.1 86
417.1 26
417.2 2
417.3 2
417.3 8
417.4 23
417.5 36
417.5 29
417.6 38
417.7 38
417.7 73
417.8 62
417.9 17
417.9 0
418.0 0
418.1 0
418.1 2
418.2 12
418.3 40
418.3 75
418.4 66
418.5 21
418.5 0
418.6 0
418.7 0
418.7 38
418.8 139
418.9 145
418.9 123
419.0 116
419.1 43
419.1 55
419.2 62
419.3 52
419.3 40
419.4 45
419.5 47
419.5 53
419.6 63
419.7 17
419.7 35
419.8 64
419.9 49
419.9 27
420.0 59
420.1 92
420.1 86
420.2 69
420.3 34
420.3 28
420.4 59
420.5 16
420.5 1
420.6 7
420.7 80
420.7 130
420.8 89
420.9 23
420.9 88
421.0 126
421.1 66
421.1 27
421.2 32
421.3 56
421.3 30
421.4 36
421.5 28
421.5 34
421.6 43
421.7 47
421.7 40
421.8 44
421.9 25
421.9 10
422.0 33
422.1 69
422.1 41
422.2 21
422.3 1
422.3 0
422.4 0
422.5 5
422.5 20
422.6 13
422.7 4
422.7 2
422.8 10
422.9 23
422.9 20
423.0 11
423.1 33
423.1 49
423.2 38
423.3 13
423.3 1
423.4 0
423.5 0
423.5 0
423.6 0
423.7 0
423.7 0
423.8 0
423.9 0
423.9 0
424.0 4
424.1 33
424.1 77
424.2 60
424.3 5
424.3 1
424.4 0
424.5 0
424.5 13
424.6 65
424.7 86
424.7 36
424.8 12
424.9 50
424.9 71
425.0 67
425.1 62
425.1 31
425.2 32
425.3 57
425.3 33
425.4 10
425.5 14
425.5 37
425.6 37
425.7 1
425.7 0
425.8 0
425.9 0
425.9 0
426.0 8
426.1 23
426.1 38
426.2 84
426.3 102
426.3 55
426.4 21
426.5 26
426.5 24
426.6 10
426.7 7
426.7 31
426.8 55
426.9 43
426.9 16
427.0 4
427.1 1
427.1 17
427.2 24
427.3 34
427.3 35
427.4 17
427.5 1
427.5 0
427.6 0
427.7 0
427.7 50
427.8 96
427.9 85
427.9 122
428.0 213
428.1 172
428.1 221
428.2 194
428.3 129
428.3 85
428.4 99
428.5 33
428.5 24
428.6 61
428.7 28
428.7 6
428.8 16
428.9 64
428.9 122
429.0 197
429.1 198
429.1 79
429.2 50
429.3 69
429.3 99
429.4 75
429.5 36
429.5 19
429.6 5
429.7 1
429.7 0
429.8 0
429.9 4
429.9 13
430.0 14
430.1 19
430.1 4
430.2 38
430.3 156
430.3 158
430.4 62
430.5 12
430.5 53
430.6 114
430.7 100
430.7 44
430.8 20
430.9 10
430.9 15
431.0 75
431.1 37
431.1 6
431.2 5
431.3 72
431.3 78
431.4 57
431.5 44
431.5 12
431.6 1
431.7 0
431.7 0
431.8 0
431.9 3
431.9 17
432.0 35
432.1 29
432.1 10
432.2 0
432.3 10
432.3 33
432.4 37
432.5 3
432.5 1
432.6 0
432.7 0
432.7 0
432.8 11
432.9 75
432.9 144
433.0 91
433.1 35
433.1 150
433.2 156
433.3 111
433.3 73
433.4 43
433.5 12
433.5 0
433.6 0
433.7 18
433.7 34
433.8 25
433.9 8
433.9 3
434.0 33
434.1 101
434.1 109
434.2 66
434.3 13
434.3 9
434.4 6
434.5 2
434.5 2
434.6 13
434.7 45
434.7 63
434.8 62
434.9 41
434.9 56
435.0 59
435.1 60
435.1 34
435.2 2
435.3 0
435.3 26
435.4 35
435.5 14
435.5 4
435.6 1
435.7 0
435.7 1
435.8 34
435.9 68
435.9 85
436.0 35
436.1 17
436.1 37
436.2 42
436.3 18
436.3 23
436.4 25
436.5 13
436.5 3
436.6 0
436.7 0
436.7 0
436.8 13
436.9 57
436.9 86
437.0 43
437.1 19
437.1 37
437.2 29
437.3 74
437.3 41
437.4 21
437.5 31
437.5 22
437.6 6
437.7 1
437.7 0
437.8 0
437.9 0
437.9 0
438.0 5
438.1 14
438.1 6
438.2 1
438.3 0
438.3 7
438.4 24
438.5 49
438.5 66
438.6 22
438.7 3
438.7 1
438.8 3
438.9 85
438.9 104
439.0 89
439.1 84
439.1 90
439.2 78
439.3 138
439.3 140
439.4 99
439.5 72
439.5 24
439.6 43
439.7 59
439.7 50
439.8 14
439.9 0
439.9 0
440.0 0
440.1 22
440.1 22
440.2 10
440.3 2
440.3 0
440.4 2
440.5 26
440.5 76
440.6 125
440.7 71
440.7 11
440.8 0
440.9 0
440.9 3
441.0 37
441.1 136
441.1 166
441.2 82
441.3 20
441.3 10
441.4 16
441.5 11
441.5 10
441.6 32
441.7 15
441.7 4
441.8 16
441.9 59
441.9 131
442.0 65
442.1 66
442.1 108
442.2 82
442.3 31
442.3 125
442.4 388
442.5 341
442.5 137
442.6 66
442.7 69
442.7 64
442.8 17
442.9 41
442.9 95
443.0 78
443.1 42
443.1 122
443.2 151
443.3 104
443.3 48
443.4 60
443.5 51
443.5 60
443.6 56
443.7 64
443.7 97
443.8 99
443.9 86
443.9 41
444.0 28
444.1 88
444.1 70
444.2 42
444.3 17
444.3 2
444.4 0
444.5 0
444.5 1
444.6 67
444.7 93
444.7 53
444.8 11
444.9 16
444.9 40
445.0 35
445.1 24
445.1 31
445.2 30
445.3 19
445.3 11
445.4 3
445.5 5
445.5 6
445.6 3
445.7 1
445.7 0
445.8 0
445.9 0
445.9 7
446.0 39
446.1 145
446.1 199
446.2 171
446.3 200
446.3 302
446.4 174
446.5 70
446.5 55
446.6 52
446.7 91
446.7 108
446.8 153
446.9 171
446.9 89
447.0 51
447.1 110
447.1 107
447.2 177
447.3 228
447.3 143
447.4 41
447.5 19
447.5 22
447.6 9
447.7 2
447.7 7
447.8 15
447.9 5
447.9 3
448.0 23
448.1 16
448.1 3
448.2 43
448.3 109
448.3 80
448.4 21
448.5 1
448.5 11
448.6 25
448.7 39
448.7 83
448.8 25
448.9 61
448.9 124
449.0 99
449.1 7
449.1 25
449.2 32
449.3 28
449.3 22
449.4 14
449.5 0
449.5 0
449.6 0
449.7 0
449.7 0
449.8 0
449.9 26
449.9 36
450.0 8
450.1 19
450.1 41
450.2 13
450.3 7
450.3 12
450.4 1
450.5 1
450.5 50
450.6 42
450.7 13
450.7 7
450.8 42
450.9 224
450.9 271
451.0 301
451.1 222
451.1 69
451.2 79
451.3 47
451.3 7
451.4 1
451.5 0
451.5 0
451.6 19
451.7 59
451.7 59
451.8 22
451.9 2
451.9 8
452.0 31
452.1 62
452.1 62
452.2 49
452.3 78
452.3 100
452.4 46
452.5 39
452.5 18
452.6 3
452.7 0
452.7 0
452.8 0
452.9 26
452.9 21
453.0 53
453.1 136
453.1 179
453.2 171
453.3 167
453.3 88
453.4 41
453.5 24
453.5 0
453.6 8
453.7 20
453.7 15
453.8 6
453.9 21
453.9 18
454.0 11
454.1 24
454.1 50
454.2 83
454.3 85
454.3 43
454.4 7
454.5 4
454.5 36
454.6 151
454.7 191
454.7 26
454.8 21
454.9 104
454.9 171
455.0 119
455.1 74
455.1 58
455.2 30
455.3 12
455.3 9
455.4 22
455.5 33
455.5 17
455.6 24
455.7 35
455.7 3
455.8 8
455.9 70
455.9 86
456.0 60
456.1 69
456.1 89
456.2 84
456.3 43
456.3 17
456.4 1
456.5 0
456.5 0
456.6 0
456.7 25
456.7 19
456.8 10
456.9 40
456.9 82
457.0 80
457.1 64
457.1 48
457.2 32
457.3 10
457.3 3
457.4 0
457.5 0
457.5 0
457.6 0
457.7 13
457.7 52
457.8 33
457.9 32
457.9 41
458.0 45
458.1 74
458.1 56
458.2 17
458.3 91
458.3 144
458.4 68
458.5 46
458.5 109
458.6 143
458.7 125
458.7 172
458.8 271
458.9 208
458.9 90
459.0 70
459.1 79
459.1 124
459.2 87
459.3 68
459.3 32
459.4 8
459.5 1
459.5 0
459.6 0
459.7 0
459.7 11
459.8 14
459.9 53
459.9 130
460.0 167
460.1 247
460.1 150
460.2 99
460.3 58
460.3 27
460.4 35
460.5 82
460.5 64
460.6 22
460.7 36
460.7 122
460.8 77
460.9 19
460.9 33
461.0 41
461.1 40
461.1 52
461.2 138
461.3 136
461.3 80
461.4 47
461.5 29
461.5 23
461.6 20
461.7 6
461.7 7
461.8 15
461.9 4
461.9 0
462.0 9
462.1 27
462.1 37
462.2 74
462.3 17
462.3 6
462.4 12
462.5 89
462.5 135
462.6 61
462.7 11
462.7 3
462.8 1
462.9 50
462.9 47
463.0 84
463.1 99
463.1 98
463.2 71
463.3 127
463.3 157
463.4 82
463.5 37
463.5 50
463.6 25
463.7 16
463.7 27
463.8 19
463.9 11
463.9 32
464.0 32
464.1 10
464.1 2
464.2 5
464.3 18
464.3 31
464.4 23
464.5 0
464.5 23
464.6 80
464.7 163
464.7 143
464.8 53
464.9 23
464.9 67
465.0 98
465.1 108
465.1 53
465.2 25
465.3 30
465.3 16
465.4 16
465.5 48
465.5 98
465.6 152
465.7 124
465.7 42
465.8 36
465.9 81
465.9 68
466.0 33
466.1 31
466.1 87
466.2 123
466.3 52
466.3 14
466.4 6
466.5 20
466.5 9
466.6 1
466.7 7
466.7 36
466.8 61
466.9 40
466.9 53
467.0 48
467.1 38
467.1 109
467.2 168
467.3 66
467.3 27
467.4 35
467.5 34
467.5 42
467.6 36
467.7 11
467.7 1
467.8 0
467.9 3
467.9 17
468.0 30
468.1 69
468.1 68
468.2 99
468.3 114
468.3 69
468.4 10
468.5 13
468.5 7
468.6 5
468.7 10
468.7 11
468.8 10
468.9 32
468.9 60
469.0 123
469.1 126
469.1 63
469.2 23
469.3 17
469.3 33
469.4 11
469.5 0
469.5 0
469.6 1
469.7 50
469.7 142
469.8 152
469.9 78
469.9 4
470.0 0
470.1 15
470.1 106
470.2 110
470.3 53
470.3 4
470.4 0
470.5 0
470.5 8
470.6 30
470.7 38
470.7 22
470.8 0
470.9 0
470.9 31
471.0 74
471.1 39
471.1 27
471.2 61
471.3 97
471.3 40
471.4 20
471.5 20
471.5 67
471.6 92
471.7 45
471.7 6
471.8 39
471.9 54
471.9 42
472.0 65
472.1 40
472.1 76
472.2 145
472.3 177
472.3 140
472.4 69
472.5 3
472.5 0
472.6 0
472.7 6
472.7 68
472.8 87
472.9 40
472.9 7
473.0 67
473.1 75
473.1 40
473.2 31
473.3 68
473.3 58
473.4 102
473.5 155
473.5 131
473.6 39
473.7 7
473.7 44
473.8 76
473.9 53
473.9 180
474.0 298
474.1 248
474.1 165
474.2 106
474.3 53
474.3 27
474.4 9
474.5 1
474.5 6
474.6 17
474.7 19
474.7 7
474.8 33
474.9 17
474.9 14
475.0 15
475.1 19
475.1 98
475.2 87
475.3 18
475.3 3
475.4 1
475.5 1
475.5 0
475.6 0
475.7 1
475.7 13
475.8 58
475.9 106
475.9 91
476.0 52
476.1 48
476.1 44
476.2 43
476.3 42
476.3 29
476.4 1
476.5 13
476.5 60
476.6 49
476.7 20
476.7 69
476.8 63
476.9 50
476.9 203
477.0 243
477.1 194
477.1 210
477.2 158
477.3 165
477.3 231
477.4 223
477.5 210
477.5 377
477.6 443
477.7 263
477.7 84
477.8 146
477.9 227
477.9 250
478.0 208
478.1 161
478.1 102
478.2 65
478.3 45
478.3 19
478.4 21
478.5 29
478.5 18
478.6 23
478.7 74
478.7 147
478.8 115
478.9 62
478.9 53
479.0 52
479.1 64
479.1 35
479.2 36
479.3 46
479.3 58
479.4 91
479.5 39
479.5 11
479.6 27
479.7 45
479.7 31
479.8 11
479.9 34
479.9 88
480.0 100
480.1 72
480.1 116
480.2 112
480.3 62
480.3 57
480.4 28
480.5 17
480.5 10
480.6 3
480.7 39
480.7 31
480.8 37
480.9 41
480.9 53
481.0 67
481.1 74
481.1 98
481.2 97
481.3 89
481.3 71
481.4 80
481.5 85
481.5 21
481.6 5
481.7 1
481.7 26
481.8 63
481.9 64
481.9 101
482.0 142
482.1 128
482.1 115
482.2 128
482.3 63
482.3 20
482.4 38
482.5 48
482.5 37
482.6 64
482.7 73
482.7 24
482.8 10
482.9 17
482.9 20
483.0 19
483.1 67
483.1 161
483.2 180
483.3 82
483.3 73
483.4 51
483.5 60
483.5 100
483.6 63
483.7 24
483.7 2
483.8 0
483.9 31
483.9 100
484.0 186
484.1 92
484.1 41
484.2 56
484.3 114
484.3 94
484.4 37
484.5 100
484.5 111
484.6 61
484.7 3
484.7 36
484.8 79
484.9 129
484.9 140
485.0 199
485.1 101
485.1 75
485.2 83
485.3 28
485.3 1
485.4 0
485.5 0
485.5 0
485.6 0
485.7 0
485.7 0
485.8 6
485.9 13
485.9 20
486.0 67
486.1 109
486.1 35
486.2 186
486.3 182
486.3 57
486.4 2
486.5 1
486.5 22
486.6 57
486.7 37
486.7 27
486.8 154
486.9 143
486.9 213
487.0 205
487.1 153
487.1 179
487.2 108
487.3 55
487.3 51
487.4 64
487.5 45
487.5 6
487.6 2
487.7 0
487.7 0
487.8 14
487.9 54
487.9 70
488.0 41
488.1 17
488.1 46
488.2 80
488.3 55
488.3 0
488.4 3
488.5 16
488.5 25
488.6 17
488.7 18
488.7 44
488.8 174
488.9 236
488.9 193
489.0 180
489.1 254
489.1 288
489.2 168
489.3 107
489.3 88
489.4 122
489.5 56
489.5 11
489.6 0
489.7 0
489.7 0
489.8 19
489.9 37
489.9 90
490.0 157
490.1 142
490.1 113
490.2 106
490.3 160
490.3 149
490.4 62
490.5 27
490.5 63
490.6 185
490.7 304
490.7 433
490.8 403
490.9 427
490.9 595
491.0 609
491.1 531
491.1 432
491.2 372
491.3 247
491.3 164
491.4 89
491.5 24
491.5 14
491.6 38
491.7 67
491.7 48
491.8 10
491.9 13
491.9 44
492.0 56
492.1 5
492.1 19
492.2 32
492.3 23
492.3 15
492.4 28
492.5 44
492.5 46
492.6 48
492.7 90
492.7 53
492.8 14
492.9 22
492.9 61
493.0 107
493.1 128
493.1 82
493.2 22
493.3 11
493.3 18
493.4 19
493.5 14
493.5 5
493.6 1
493.7 0
493.7 0
493.8 4
493.9 20
493.9 129
494.0 154
494.1 130
494.1 56
494.2 32
494.3 44
494.3 33
494.4 9
494.5 0
494.5 0
494.6 0
494.7 1
494.7 152
494.8 219
494.9 151
494.9 41
495.0 9
495.1 17
495.1 41
495.2 33
495.3 42
495.3 22
495.4 6
495.5 5
495.5 11
495.6 8
495.7 1
495.7 2
495.8 28
495.9 101
495.9 130
496.0 76
496.1 109
496.1 92
496.2 108
496.3 66
496.3 53
496.4 19
496.5 9
496.5 53
496.6 64
496.7 42
496.7 86
496.8 173
496.9 182
496.9 105
497.0 139
497.1 105
497.1 48
497.2 41
497.3 63
497.3 37
497.4 16
497.5 4
497.5 0
497.6 0
497.7 0
497.7 0
497.8 0
497.9 0
497.9 0
498.0 34
498.1 60
498.1 74
498.2 93
498.3 127
498.3 120
498.4 61
498.5 2
498.5 0
498.6 13
498.7 61
498.7 104
498.8 107
498.9 100
498.9 129
499.0 134
499.1 174
499.1 140
499.2 158
499.3 220
499.3 125
499.4 26
499.5 51
499.5 64
499.6 50
499.7 67
499.7 48
499.8 28
499.9 157
499.9 185
500.0 178
500.1 175
500.1 170
500.2 172
500.3 175
500.3 158
500.4 105
500.5 133
500.5 129
500.6 61
500.7 45
500.7 59
500.8 45
500.9 4
500.9 1
501.0 55
501.1 83
501.1 98
501.2 78
501.3 49
501.3 45
501.4 42
501.5 83
501.5 126
501.6 230
501.7 175
501.7 104
501.8 174
501.9 188
501.9 87
502.0 81
502.1 49
502.1 35
502.2 42
502.3 121
502.3 120
502.4 123
502.5 167
502.5 118
502.6 28
502.7 16
502.7 4
502.8 12
502.9 56
502.9 110
503.0 134
503.1 174
503.1 182
503.2 108
503.3 45
503.3 56
503.4 35
503.5 0
503.5 0
503.6 0
503.7 0
503.7 0
503.8 7
503.9 40
503.9 52
504.0 18
504.1 7
504.1 24
504.2 63
504.3 91
504.3 38
504.4 61
504.5 88
504.5 57
504.6 14
504.7 34
504.7 48
504.8 76
504.9 71
504.9 40
505.0 87
505.1 181
505.1 124
505.2 49
505.3 14
505.3 24
505.4 17
505.5 37
505.5 61
505.6 69
505.7 30
505.7 4
505.8 21
505.9 53
505.9 54
506.0 35
506.1 38
506.1 133
506.2 116
506.3 94
506.3 88
506.4 212
506.5 317
506.5 185
506.6 80
506.7 191
506.7 352
506.8 458
506.9 259
506.9 81
507.0 35
507.1 65
507.1 142
507.2 115
507.3 85
507.3 127
507.4 187
507.5 167
507.5 66
507.6 10
507.7 1
507.7 1
507.8 51
507.9 184
507.9 252
508.0 295
508.1 302
508.1 258
508.2 306
508.3 418
508.3 375
508.4 317
508.5 228
508.5 132
508.6 173
508.7 336
508.7 361
508.8 408
508.9 431
508.9 307
509.0 526
509.1 898
509.1 1034
509.2 1068
509.3 851
509.3 616
509.4 442
509.5 302
509.5 181
509.6 142
509.7 127
509.7 139
509.8 102
509.9 58
509.9 11
510.0 1
510.1 0
510.1 0
510.2 6
510.3 16
510.3 36
510.4 57
510.5 52
510.5 41
510.6 69
510.7 79
510.7 57
510.8 36
510.9 119
510.9 172
511.0 150
511.1 44
511.1 40
511.2 44
511.3 83
511.3 52
511.4 11
511.5 0
511.5 0
511.6 0
511.7 12
511.7 56
511.8 173
511.9 223
511.9 128
512.0 42
512.1 94
512.1 211
512.2 297
512.3 133
512.3 108
512.4 158
512.5 80
512.5 72
512.6 53
512.7 2
512.7 11
512.8 58
512.9 42
512.9 16
513.0 33
513.1 35
513.1 9
513.2 19
513.3 70
513.3 98
513.4 71
513.5 17
513.5 1
513.6 1
513.7 0
513.7 4
513.8 47
513.9 87
513.9 57
514.0 31
514.1 51
514.1 58
514.2 114
514.3 91
514.3 0
514.4 0
514.5 0
514.5 0
514.6 0
514.7 0
514.7 0
514.8 21
514.9 65
514.9 92
515.0 147
515.1 95
515.1 25
515.2 0
515.3 0
515.3 63
515.4 114
515.5 112
515.5 78
515.6 78
515.7 96
515.7 10
515.8 12
515.9 36
515.9 56
516.0 54
516.1 24
516.1 20
516.2 38
516.3 29
516.3 7
516.4 51
516.5 106
516.5 33
516.6 1
516.7 5
516.7 22
516.8 17
516.9 27
516.9 59
517.0 30
517.1 29
517.1 42
517.2 78
517.3 102
517.3 16
517.4 25
517.5 80
517.5 96
517.6 53
517.7 97
517.7 44
517.8 8
517.9 2
517.9 21
518.0 81
518.1 105
518.1 48
518.2 10
518.3 9
518.3 62
518.4 126
518.5 169
518.5 54
518.6 50
518.7 88
518.7 73
518.8 70
518.9 112
518.9 128
519.0 82
519.1 28
519.1 58
519.2 85
519.3 19
519.3 44
519.4 65
519.5 39
519.5 9
519.6 1
519.7 0
519.7 0
519.8 28
519.9 65
519.9 49
520.0 13
520.1 0
520.1 17
520.2 57
520.3 81
520.3 51
520.4 17
520.5 23
520.5 21
520.6 5
520.7 54
520.7 60
520.8 22
520.9 4
520.9 9
521.0 32
521.1 100
521.1 128
521.2 154
521.3 148
521.3 77
521.4 17
521.5 29
521.5 17
521.6 4
521.7 19
521.7 44
521.8 45
521.9 135
521.9 164
522.0 136
522.1 38
522.1 13
522.2 40
522.3 140
522.3 178
522.4 118
522.5 18
522.5 0
522.6 0
522.7 6
522.7 36
522.8 47
522.9 50
522.9 105
523.0 43
523.1 6
523.1 5
523.2 33
523.3 33
523.3 28
523.4 103
523.5 139
523.5 41
523.6 14
523.7 1
523.7 5
523.8 16
523.9 4
523.9 0
524.0 8
524.1 115
524.1 138
524.2 64
524.3 89
524.3 116
524.4 102
524.5 37
524.5 26
524.6 37
524.7 32
524.7 19
524.8 32
524.9 24
524.9 47
525.0 190
525.1 322
525.1 332
525.2 180
525.3 134
525.3 93
525.4 124
525.5 110
525.5 37
525.6 17
525.7 35
525.7 71
525.8 71
525.9 56
525.9 46
526.0 30
526.1 48
526.1 37
526.2 52
526.3 79
526.3 87
526.4 91
526.5 84
526.5 54
526.6 33
526.7 17
526.7 2
526.8 8
526.9 20
526.9 52
527.0 111
527.1 165
527.1 90
527.2 87
527.3 69
527.3 7
527.4 1
527.5 0
527.5 7
527.6 55
527.7 84
527.7 67
527.8 36
527.9 53
527.9 46
528.0 16
528.1 3
528.1 20
528.2 81
528.3 126
528.3 144
528.4 122
528.5 112
528.5 77
528.6 35
528.7 32
528.7 45
528.8 46
528.9 34
528.9 34
529.0 55
529.1 86
529.1 81
529.2 36
529.3 130
529.3 165
529.4 77
529.5 62
529.5 75
529.6 40
529.7 4
529.7 18
529.8 28
529.9 72
529.9 153
530.0 129
530.1 68
530.1 40
530.2 71
530.3 36
530.3 7
530.4 27
530.5 86
530.5 87
530.6 96
530.7 124
530.7 114
530.8 99
530.9 168
530.9 104
531.0 28
531.1 8
531.1 45
531.2 94
531.3 79
531.3 145
531.4 152
531.5 119
531.5 68
531.6 43
531.7 26
531.7 26
531.8 26
531.9 12
531.9 2
532.0 3
532.1 27
532.1 23
532.2 122
532.3 200
532.3 145
532.4 46
532.5 33
532.5 109
532.6 99
532.7 37
532.7 21
532.8 15
532.9 4
532.9 9
533.0 2
533.1 0
533.1 0
533.2 0
533.3 0
533.3 0
533.4 0
533.5 0
533.5 13
533.6 71
533.7 33
533.7 11
533.8 14
533.9 13
533.9 0
534.0 0
534.1 27
534.1 80
534.2 85
534.3 51
534.3 46
534.4 40
534.5 3
534.5 2
534.6 2
534.7 22
534.7 55
534.8 57
534.9 126
534.9 67
535.0 74
535.1 165
535.1 190
535.2 221
535.3 179
535.3 82
535.4 17
535.5 1
535.5 3
535.6 11
535.7 38
535.7 63
535.8 147
535.9 56
535.9 57
536.0 45
536.1 13
536.1 7
536.2 17
536.3 4
536.3 7
536.4 32
536.5 59
536.5 80
536.6 83
536.7 130
536.7 245
536.8 316
536.9 279
536.9 306
537.0 233
537.1 135
537.1 128
537.2 196
537.3 218
537.3 104
537.4 29
537.5 0
537.5 0
537.6 0
537.7 0
537.7 0
537.8 0
537.9 0
537.9 0
538.0 0
538.1 4
538.1 11
538.2 2
538.3 2
538.3 63
538.4 114
538.5 110
538.5 47
538.6 16
538.7 26
538.7 33
538.8 19
538.9 7
538.9 31
539.0 84
539.1 132
539.1 235
539.2 236
539.3 92
539.3 44
539.4 62
539.5 78
539.5 74
539.6 48
539.7 0
539.7 11
539.8 41
539.9 17
539.9 35
540.0 41
540.1 37
540.1 80
540.2 106
540.3 93
540.3 22
540.4 1
540.5 0
540.5 0
540.6 0
540.7 0
540.7 1
540.8 13
540.9 28
540.9 37
541.0 47
541.1 24
541.1 40
541.2 71
541.3 88
541.3 71
541.4 55
541.5 19
541.5 2
541.6 0
541.7 6
541.7 12
541.8 8
541.9 9
541.9 75
542.0 118
542.1 50
542.1 20
542.2 10
542.3 21
542.3 60
542.4 61
542.5 45
542.5 20
542.6 15
542.7 23
542.7 41
542.8 43
542.9 16
542.9 12
543.0 22
543.1 30
543.1 121
543.2 202
543.3 171
543.3 73
543.4 35
543.5 58
543.5 81
543.6 53
543.7 16
543.7 14
543.8 6
543.9 4
543.9 24
544.0 102
544.1 123
544.1 52
544.2 13
544.3 30
544.3 29
544.4 1
544.5 0
544.5 0
544.6 9
544.7 27
544.7 10
544.8 1
544.9 1
544.9 1
545.0 29
545.1 125
545.1 181
545.2 94
545.3 45
545.3 36
545.4 21
545.5 3
545.5 0
545.6 0
545.7 4
545.7 13
545.8 15
545.9 0
545.9 0
546.0 40
546.1 56
546.1 72
546.2 103
546.3 169
546.3 273
546.4 192
546.5 53
546.5 34
546.6 25
546.7 6
546.7 17
546.8 137
546.9 233
546.9 149
547.0 127
547.1 122
547.1 93
547.2 70
547.3 49
547.3 12
547.4 27
547.5 60
547.5 14
547.6 0
547.7 3
547.7 13
547.8 30
547.9 69
547.9 114
548.0 114
548.1 86
548.1 64
548.2 79
548.3 81
548.3 68
548.4 79
548.5 108
548.5 270
548.6 291
548.7 174
548.7 68
548.8 30
548.9 65
548.9 102
549.0 88
549.1 33
549.1 46
549.2 66
549.3 19
549.3 12
549.4 36
549.5 47
549.5 28
549.6 6
549.7 6
549.7 11
549.8 16
549.9 13
549.9 23
550.0 23
550.1 11
550.1 57
550.2 153
550.3 153
550.3 118
550.4 134
550.5 144
550.5 69
550.6 56
550.7 128
550.7 130
550.8 110
550.9 86
550.9 80
551.0 59
551.1 168
551.1 246
551.2 327
551.3 253
551.3 131
551.4 84
551.5 39
551.5 3
551.6 1
551.7 7
551.7 27
551.8 49
551.9 42
551.9 5
552.0 8
552.1 16
552.1 16
552.2 57
552.3 69
552.3 49
552.4 18
552.5 26
552.5 53
552.6 73
552.7 84
552.7 61
552.8 56
552.9 88
552.9 69
553.0 29
553.1 19
553.1 100
553.2 153
553.3 177
553.3 53
553.4 8
553.5 3
553.5 0
553.6 31
553.7 87
553.7 83
553.8 4
553.9 13
553.9 47
554.0 69
554.1 55
554.1 35
554.2 131
554.3 71
554.3 17
554.4 0
554.5 0
554.5 0
554.6 6
554.7 18
554.7 38
554.8 40
554.9 18
554.9 30
555.0 20
555.1 68
555.1 129
555.2 102
555.3 69
555.3 20
555.4 2
555.5 0
555.5 0
555.6 0
555.7 4
555.7 36
555.8 71
555.9 40
555.9 1
556.0 0
556.1 0
556.1 58
556.2 90
556.3 81
556.3 60
556.4 36
556.5 13
556.5 2
556.6 0
556.7 0
556.7 0
556.8 0
556.9 0
556.9 0
557.0 29
557.1 70
557.1 58
557.2 35
557.3 22
557.3 9
557.4 17
557.5 10
557.5 1
557.6 0
557.7 0
557.7 0
557.8 0
557.9 20
557.9 85
558.0 144
558.1 149
558.1 76
558.2 64
558.3 81
558.3 73
558.4 53
558.5 62
558.5 129
558.6 111
558.7 25
558.7 65
558.8 71
558.9 100
558.9 89
559.0 64
559.1 62
559.1 104
559.2 93
559.3 51
559.3 16
559.4 1
559.5 0
559.5 0
559.6 0
559.7 0
559.7 0
559.8 11
559.9 14
559.9 12
560.0 7
560.1 1
560.1 0
560.2 4
560.3 16
560.3 25
560.4 37
560.5 12
560.5 10
560.6 28
560.7 40
560.7 120
560.8 207
560.9 130
560.9 32
561.0 49
561.1 70
561.1 73
561.2 81
561.3 81
561.3 49
561.4 14
561.5 3
561.5 0
561.6 0
561.7 40
561.7 122
561.8 143
561.9 136
561.9 113
562.0 54
562.1 9
562.1 4
562.2 68
562.3 194
562.3 227
562.4 161
562.5 69
562.5 18
562.6 3
562.7 17
562.7 139
562.8 167
562.9 69
562.9 15
563.0 24
563.1 33
563.1 48
563.2 21
563.3 32
563.3 43
563.4 10
563.5 37
563.5 41
563.6 18
563.7 10
563.7 47
563.8 20
563.9 6
563.9 7
564.0 3
564.1 2
564.1 40
564.2 30
564.3 8
564.3 14
564.4 24
564.5 13
564.5 7
564.6 17
564.7 11
564.7 122
564.8 269
564.9 229
564.9 130
565.0 84
565.1 54
565.1 41
565.2 95
565.3 199
565.3 206
565.4 187
565.5 184
565.5 207
565.6 213
565.7 150
565.7 103
565.8 143
565.9 67
565.9 77
566.0 75
566.1 94
566.1 134
566.2 104
566.3 27
566.3 18
566.4 5
566.5 0
566.5 1
566.6 47
566.7 72
566.7 45
566.8 67
566.9 87
566.9 134
567.0 103
567.1 107
567.1 172
567.2 255
567.3 126
567.3 19
567.4 1
567.5 0
567.5 0
567.6 7
567.7 37
567.7 53
567.8 51
567.9 66
567.9 66
568.0 92
568.1 95
568.1 55
568.2 76
568.3 19
568.3 23
568.4 2
568.5 0
568.5 0
568.6 0
568.7 16
568.7 47
568.8 18
568.9 31
568.9 60
569.0 86
569.1 153
569.1 222
569.2 355
569.3 305
569.3 186
569.4 118
569.5 162
569.5 158
569.6 108
569.7 52
569.7 16
569.8 73
569.9 161
569.9 49
570.0 4
570.1 6
570.1 35
570.2 29
570.3 20
570.3 8
570.4 1
570.5 0
570.5 3
570.6 18
570.7 19
570.7 7
570.8 1
570.9 85
570.9 154
571.0 126
571.1 160
571.1 177
571.2 88
571.3 89
571.3 165
571.4 196
571.5 111
571.5 116
571.6 100
571.7 73
571.7 53
571.8 23
571.9 0
571.9 0
572.0 11
572.1 39
572.1 53
572.2 26
572.3 30
572.3 48
572.4 139
572.5 147
572.5 134
572.6 54
572.7 6
572.7 34
572.8 64
572.9 47
572.9 19
573.0 28
573.1 113
573.1 191
573.2 100
573.3 87
573.3 215
573.4 261
573.5 118
573.5 19
573.6 28
573.7 7
573.7 3
573.8 0
573.9 0
573.9 24
574.0 47
574.1 15
574.1 2
574.2 23
574.3 54
574.3 54
574.4 28
574.5 27
574.5 98
574.6 173
574.7 54
574.7 34
574.8 22
574.9 34
574.9 45
575.0 23
575.1 8
575.1 41
575.2 125
575.3 88
575.3 22
575.4 1
575.5 8
575.5 20
575.6 4
575.7 5
575.7 27
575.8 57
575.9 87
575.9 70
576.0 65
576.1 108
576.1 149
576.2 210
576.3 150
576.3 40
576.4 147
576.5 213
576.5 135
576.6 5
576.7 38
576.7 111
576.8 89
576.9 50
576.9 18
577.0 27
577.1 32
577.1 51
577.2 80
577.3 65
577.3 8
577.4 29
577.5 99
577.5 182
577.6 177
577.7 92
577.7 69
577.8 51
577.9 20
577.9 1
578.0 5
578.1 12
578.1 10
578.2 13
578.3 29
578.3 50
578.4 68
578.5 130
578.5 75
578.6 4
578.7 0
578.7 0
578.8 4
578.9 24
578.9 40
579.0 14
579.1 35
579.1 61
579.2 32
579.3 13
579.3 14
579.4 6
579.5 7
579.5 75
579.6 149
579.7 99
579.7 57
579.8 32
579.9 11
579.9 39
580.0 93
580.1 130
580.1 75
580.2 72
580.3 97
580.3 73
580.4 89
580.5 55
580.5 123
580.6 68
580.7 60
580.7 89
580.8 175
580.9 288
580.9 384
581.0 281
581.1 220
581.1 191
581.2 192
581.3 177
581.3 132
581.4 58
581.5 88
581.5 206
581.6 76
581.7 10
581.7 4
581.8 22
581.9 47
581.9 51
582.0 39
582.1 110
582.1 140
582.2 16
582.3 52
582.3 177
582.4 162
582.5 90
582.5 25
582.6 48
582.7 96
582.7 100
582.8 66
582.9 78
582.9 93
583.0 142
583.1 200
583.1 193
583.2 231
583.3 252
583.3 175
583.4 116
583.5 161
583.5 227
583.6 194
583.7 41
583.7 19
583.8 36
583.9 28
583.9 19
584.0 58
584.1 138
584.1 120
584.2 78
584.3 36
584.3 9
584.4 1
584.5 0
584.5 8
584.6 10
584.7 69
584.7 71
584.8 66
584.9 47
584.9 100
585.0 137
585.1 87
585.1 36
585.2 114
585.3 171
585.3 184
585.4 164
585.5 111
585.5 80
585.6 44
585.7 29
585.7 31
585.8 74
585.9 88
585.9 41
586.0 34
586.1 117
586.1 88
586.2 36
586.3 57
586.3 99
586.4 66
586.5 32
586.5 46
586.6 16
586.7 18
586.7 11
586.8 36
586.9 50
586.9 37
587.0 31
587.1 61
587.1 21
587.2 13
587.3 34
587.3 38
587.4 3
587.5 1
587.5 0
587.6 0
587.7 0
587.7 0
587.8 0
587.9 10
587.9 28
588.0 7
588.1 0
588.1 8
588.2 75
588.3 92
588.3 41
588.4 92
588.5 74
588.5 65
588.6 68
588.7 73
588.7 47
588.8 68
588.9 75
588.9 71
589.0 79
589.1 97
589.1 127
589.2 131
589.3 223
589.3 171
589.4 96
589.5 167
589.5 207
589.6 194
589.7 162
589.7 114
589.8 59
589.9 166
589.9 181
590.0 182
590.1 415
590.1 876
590.2 1362
590.3 1442
590.3 1075
590.4 1047
590.5 790
590.5 539
590.6 223
590.7 117
590.7 64
590.8 51
590.9 125
590.9 278
591.0 491
591.1 611
591.1 757
591.2 893
591.3 736
591.3 782
591.4 806
591.5 641
591.5 421
591.6 220
591.7 196
591.7 135
591.8 138
591.9 59
591.9 27
592.0 87
592.1 166
592.1 93
592.2 14
592.3 8
592.3 67
592.4 131
592.5 93
592.5 26
592.6 0
592.7 0
592.7 0
592.8 1
592.9 23
592.9 68
593.0 87
593.1 50
593.1 22
593.2 46
593.3 41
593.3 13
593.4 1
593.5 1
593.5 0
593.6 0
593.7 0
593.7 0
593.8 0
593.9 0
593.9 9
594.0 42
594.1 21
594.1 43
594.2 131
594.3 179
594.3 114
594.4 172
594.5 123
594.5 44
594.6 4
594.7 16
594.7 100
594.8 90
594.9 115
594.9 163
595.0 201
595.1 326
595.1 481
595.2 367
595.3 253
595.3 147
595.4 184
595.5 137
595.5 105
595.6 107
595.7 55
595.7 2
595.8 0
595.9 0
595.9 14
596.0 56
596.1 73
596.1 39
596.2 21
596.3 62
596.3 145
596.4 104
596.5 39
596.5 94
596.6 76
596.7 46
596.7 143
596.8 311
596.9 221
596.9 141
597.0 130
597.1 137
597.1 128
597.2 197
597.3 219
597.3 286
597.4 241
597.5 138
597.5 104
597.6 60
597.7 13
597.7 8
597.8 39
597.9 51
597.9 66
598.0 44
598.1 6
598.1 1
598.2 0
598.3 0
598.3 4
598.4 17
598.5 22
598.5 17
598.6 33
598.7 64
598.7 57
598.8 48
598.9 50
598.9 44
599.0 54
599.1 95
599.1 127
599.2 167
599.3 160
599.3 96
599.4 127
599.5 92
599.5 49
599.6 61
599.7 141
599.7 138
599.8 68
599.9 101
599.9 201
600.0 95
600.1 45
600.1 7
600.2 67
600.3 123
600.3 81
600.4 18
600.5 0
600.5 0
600.6 0
600.7 19
600.7 123
600.8 156
600.9 127
600.9 48
601.0 8
601.1 27
601.1 40
601.2 70
601.3 75
601.3 23
601.4 13
601.5 31
601.5 11
601.6 10
601.7 26
601.7 8
601.8 7
601.9 31
601.9 14
602.0 2
602.1 0
602.1 8
602.2 24
602.3 91
602.3 69
602.4 20
602.5 87
602.5 112
602.6 56
602.7 12
602.7 1
602.8 3
602.9 1
602.9 0
603.0 10
603.1 27
603.1 21
603.2 12
603.3 22
603.3 51
603.4 139
603.5 139
603.5 93
603.6 57
603.7 24
603.7 49
603.8 129
603.9 167
603.9 131
604.0 147
604.1 96
604.1 33
604.2 4
604.3 45
604.3 114
604.4 100
604.5 32
604.5 0
604.6 0
604.7 0
604.7 0
604.8 0
604.9 4
604.9 21
605.0 54
605.1 124
605.1 148
605.2 65
605.3 78
605.3 99
605.4 50
605.5 13
605.5 11
605.6 63
605.7 131
605.7 96
605.8 5
605.9 2
605.9 25
606.0 124
606.1 144
606.1 81
606.2 77
606.3 143
606.3 135
606.4 111
606.5 42
606.5 133
606.6 77
606.7 15
606.7 0
606.8 0
606.9 0
606.9 14
607.0 80
607.1 121
607.1 265
607.2 284
607.3 192
607.3 88
607.4 84
607.5 84
607.5 18
607.6 1
607.7 25
607.7 61
607.8 68
607.9 75
607.9 107
608.0 95
608.1 51
608.1 58
608.2 88
608.3 67
608.3 79
608.4 113
608.5 115
608.5 62
608.6 31
608.7 47
608.7 79
608.8 152
608.9 257
608.9 209
609.0 237
609.1 162
609.1 194
609.2 263
609.3 257
609.3 240
609.4 201
609.5 189
609.5 126
609.6 30
609.7 23
609.7 68
609.8 79
609.9 86
609.9 100
610.0 117
610.1 94
610.1 79
610.2 69
610.3 104
610.3 120
610.4 121
610.5 112
610.5 118
610.6 45
610.7 54
610.7 145
610.8 229
610.9 145
610.9 99
611.0 158
611.1 195
611.1 162
611.2 218
611.3 281
611.3 178
611.4 124
611.5 161
611.5 124
611.6 120
611.7 136
611.7 93
611.8 88
611.9 55
611.9 40
612.0 36
612.1 65
612.1 249
612.2 215
612.3 171
612.3 107
612.4 77
612.5 108
612.5 90
612.6 30
612.7 54
612.7 79
612.8 78
612.9 102
612.9 99
613.1 222
613.1 304
613.1 354
613.2 514
613.3 617
613.3 689
613.4 803
613.0 894
613.5 814
613.6 426
613.7 276
613.7 178
613.8 37
613.9 3
613.9 46
614.0 103
614.1 106
614.1 63
614.2 59
614.3 46
614.3 55
614.4 29
614.5 5
614.5 18
614.6 59
614.7 58
614.7 27
614.8 1
614.9 0
614.9 4
615.0 15
615.1 4
615.1 0
615.2 3
615.3 24
615.3 13
615.4 3
615.5 1
615.5 4
615.6 22
615.7 16
615.7 3
615.8 1
615.9 0
615.9 0
616.0 0
616.1 0
616.1 0
616.2 0
616.3 0
616.3 0
616.4 0
616.5 0
616.5 36
616.6 93
616.7 84
616.7 16
616.8 2
616.9 0
616.9 1
617.0 17
617.1 121
617.1 207
617.2 117
617.3 22
617.3 4
617.4 15
617.5 121
617.5 138
617.6 119
617.7 9
617.7 9
617.8 45
617.9 83
617.9 34
618.0 50
618.1 50
618.1 2
618.2 0
618.3 0
618.3 17
618.4 46
618.5 47
618.5 14
618.6 12
618.7 33
618.7 36
618.8 141
618.9 128
618.9 50
619.0 4
619.1 1
619.1 0
619.2 0
619.3 29
619.3 23
619.4 22
619.5 24
619.5 13
619.6 3
619.7 1
619.7 10
619.8 40
619.9 17
619.9 2
620.0 9
620.1 38
620.1 73
620.2 32
620.3 76
620.3 134
620.4 73
620.5 5
620.5 10
620.6 30
620.7 34
620.7 10
620.8 34
620.9 114
620.9 120
621.0 135
621.1 127
621.1 110
621.2 62
621.3 1
621.3 0
621.4 9
621.5 42
621.5 70
621.6 35
621.7 7
621.7 0
621.8 4
621.9 14
621.9 8
622.0 44
622.1 72
622.1 69
622.2 61
622.3 47
622.3 13
622.4 22
622.5 67
622.5 131
622.6 204
622.7 75
622.7 71
622.8 130
622.9 229
622.9 226
623.0 172
623.1 226
623.1 208
623.2 187
623.3 124
623.3 82
623.4 132
623.5 152
623.5 53
623.6 29
623.7 11
623.7 3
623.8 17
623.9 38
623.9 95
624.0 162
624.1 210
624.1 120
624.2 159
624.3 199
624.3 96
624.4 43
624.5 61
624.5 84
624.6 124
624.7 93
624.7 17
624.8 63
624.9 105
624.9 193
625.0 235
625.1 120
625.1 185
625.2 141
625.3 155
625.3 162
625.4 257
625.5 253
625.5 123
625.6 51
625.7 89
625.7 123
625.8 124
625.9 169
625.9 105
626.0 137
626.1 195
626.1 227
626.2 234
626.3 371
626.3 461
626.4 324
626.5 275
626.5 311
626.6 368
626.7 286
626.7 325
626.8 641
626.9 1148
626.9 1568
627.1 1884
627.1 1989
627.1 2299
627.0 2668
627.3 2220
627.3 1904
627.4 1634
627.5 1269
627.5 874
627.6 538
627.7 234
627.7 46
627.8 36
627.9 20
627.9 15
628.0 20
628.1 35
628.1 76
628.2 61
628.3 12
628.3 2
628.4 0
628.5 0
628.5 0
628.6 0
628.7 0
628.7 1
628.8 9
628.9 17
628.9 10
629.0 2
629.1 0
629.1 0
629.2 0
629.3 29
629.3 71
629.4 56
629.5 19
629.5 15
629.6 6
629.7 1
629.7 42
629.8 118
629.9 115
629.9 20
630.0 22
630.1 12
630.1 0
630.2 0
630.3 0
630.3 0
630.4 0
630.5 32
630.5 24
630.6 6
630.7 1
630.7 0
630.8 0
630.9 0
630.9 0
631.0 0
631.1 0
631.1 0
631.2 0
631.3 0
631.3 11
631.4 99
631.5 93
631.5 49
631.6 11
631.7 4
631.7 2
631.8 14
631.9 36
631.9 36
632.0 6
632.1 16
632.1 19
632.2 17
632.3 45
632.3 41
632.4 48
632.5 61
632.5 52
632.6 4
632.7 10
632.7 17
632.8 3
632.9 20
632.9 68
633.0 96
633.1 110
633.1 95
633.2 63
633.3 70
633.3 55
633.4 6
633.5 6
633.5 108
633.6 78
633.7 35
633.7 19
633.8 7
633.9 0
633.9 0
634.0 14
634.1 48
634.1 67
634.2 72
634.3 86
634.3 148
634.4 168
634.5 132
634.5 45
634.6 92
634.7 98
634.7 117
634.8 161
634.9 336
634.9 533
635.0 629
635.1 678
635.1 752
635.2 654
635.3 424
635.3 155
635.4 137
635.5 193
635.5 254
635.6 322
635.7 114
635.7 95
635.8 273
635.9 243
635.9 106
636.0 47
636.1 29
636.1 62
636.2 77
636.3 72
636.3 109
636.4 89
636.5 64
636.5 47
636.6 24
636.7 15
636.7 34
636.8 82
636.9 98
636.9 62
637.0 86
637.1 112
637.1 130
637.2 154
637.3 219
637.3 195
637.4 119
637.5 112
637.5 181
637.6 177
637.7 160
637.7 231
637.8 372
637.9 387
637.9 463
638.0 799
638.1 1243
638.1 1593
638.2 1908
638.3 2107
638.3 2121
638.4 1890
638.5 1659
638.5 1334
638.6 825
638.7 540
638.7 437
638.8 562
638.9 749
638.9 887
639.0 1160
639.1 1380
639.1 1472
639.2 1611
639.3 1727
639.3 1447
639.4 1088
639.5 995
639.5 876
639.6 687
639.7 368
639.7 166
639.8 119
639.9 143
639.9 133
640.0 120
640.1 75
640.1 2
640.2 15
640.3 117
640.3 184
640.4 86
640.5 53
640.5 39
640.6 55
640.7 136
640.7 97
640.8 32
640.9 74
640.9 215
641.0 198
641.1 60
641.1 103
641.2 172
641.3 148
641.3 124
641.4 88
641.5 42
641.5 39
641.6 14
641.7 2
641.7 13
641.8 33
641.9 37
641.9 13
642.0 1
642.1 7
642.1 6
642.2 2
642.3 40
642.3 100
642.4 114
642.5 74
642.5 42
642.6 10
642.7 2
642.7 5
642.8 21
642.9 41
642.9 43
643.0 70
643.1 105
643.1 69
643.2 42
643.3 84
643.3 91
643.4 166
643.5 111
643.5 49
643.6 28
643.7 37
643.7 14
643.8 26
643.9 51
643.9 54
644.0 81
644.1 46
644.1 7
644.2 1
644.3 12
644.3 50
644.4 32
644.5 19
644.5 57
644.6 104
644.7 145
644.7 105
644.8 19
644.9 0
644.9 0
645.0 0
645.1 0
645.1 0
645.2 0
645.3 21
645.3 78
645.4 99
645.5 47
645.5 24
645.6 48
645.7 17
645.7 2
645.8 0
645.9 0
645.9 0
646.0 0
646.1 0
646.1 23
646.2 54
646.3 68
646.3 102
646.4 101
646.5 44
646.5 7
646.6 0
646.7 0
646.7 4
646.8 14
646.9 18
646.9 9
647.0 4
647.1 53
647.1 96
647.2 36
647.3 15
647.3 49
647.4 56
647.5 41
647.5 87
647.6 72
647.7 68
647.7 118
647.8 129
647.9 77
647.9 31
648.0 6
648.1 3
648.1 30
648.2 34
648.3 93
648.3 169
648.4 267
648.5 216
648.5 173
648.6 260
648.7 179
648.7 42
648.8 4
648.9 6
648.9 74
649.0 103
649.1 97
649.1 114
649.2 112
649.3 85
649.3 50
649.4 35
649.5 21
649.5 28
649.6 38
649.7 16
649.7 5
649.8 2
649.9 0
649.9 0
650.0 0
650.1 0
650.1 0
650.2 3
650.3 9
650.3 8
650.4 0
650.5 0
650.5 0
650.6 0
650.7 0
650.7 0
650.8 0
650.9 0
650.9 0
651.0 8
651.1 29
651.1 41
651.2 35
651.3 6
651.3 0
651.4 0
651.5 0
651.5 0
651.6 9
651.7 55
651.7 102
651.8 162
651.9 267
651.9 304
652.0 374
652.1 518
652.1 850
652.2 953
652.3 946
652.3 1054
652.4 860
652.5 837
652.5 927
652.6 813
652.7 986
652.7 1569
652.8 2143
652.9 3092
652.9 4443
653.1 5601
653.1 7095
653.1 8050
653.0 8139
653.3 7169
653.3 5652
653.4 3872
653.5 2482
653.5 1398
653.6 765
653.7 620
653.7 536
653.8 551
653.9 627
653.9 974
654.0 1169
654.1 1243
654.1 1504
654.2 1842
654.3 1851
654.3 1489
654.4 997
654.5 567
654.5 165
654.6 147
654.7 177
654.7 121
654.8 152
654.9 187
654.9 127
655.0 45
655.1 24
655.1 94
655.2 131
655.3 102
655.3 99
655.4 95
655.5 40
655.5 13
655.6 2
655.7 0
655.7 14
655.8 45
655.9 51
655.9 43
656.0 40
656.1 21
656.1 1
656.2 0
656.3 0
656.3 17
656.4 101
656.5 172
656.5 33
656.6 3
656.7 0
656.7 0
656.8 0
656.9 0
656.9 0
657.0 0
657.1 0
657.1 0
657.2 0
657.3 0
657.3 0
657.4 0
657.5 0
657.5 1
657.6 55
657.7 65
657.7 34
657.8 8
657.9 17
657.9 36
658.0 31
658.1 11
658.1 2
658.2 8
658.3 25
658.3 54
658.4 45
658.5 13
658.5 1
658.6 11
658.7 39
658.7 75
658.8 35
658.9 76
658.9 91
659.0 41
659.1 7
659.1 1
659.2 0
659.3 0
659.3 0
659.4 0
659.5 0
659.5 0
659.6 0
659.7 0
659.7 0
659.8 0
659.9 0
659.9 0
660.0 0
660.1 0
660.1 0
660.2 0
660.3 0
660.3 0
660.4 0
660.5 0
660.5 0
660.6 0
660.7 0
660.7 0
660.8 0
660.9 0
660.9 0
661.0 0
661.1 85
661.1 146
661.2 117
661.3 104
661.3 157
661.4 145
661.5 168
661.5 261
661.6 240
661.7 155
661.7 118
661.8 81
661.9 77
661.9 136
662.0 206
662.1 142
662.1 232
662.2 293
662.3 282
662.3 210
662.4 173
662.5 99
662.5 51
662.6 7
662.7 0
662.7 0
662.8 6
662.9 18
662.9 5
663.0 0
663.1 0
663.1 0
663.2 0
663.3 0
663.3 0
663.4 0
663.5 0
663.5 0
663.6 0
663.7 0
663.7 0
663.8 0
663.9 0
663.9 5
664.0 38
664.1 73
664.1 78
664.2 36
664.3 0
664.3 0
664.4 0
664.5 0
664.5 0
664.6 28
664.7 95
664.7 113
664.8 7
664.9 0
664.9 1
665.0 3
665.1 19
665.1 63
665.2 77
665.3 6
665.3 4
665.4 11
665.5 3
665.5 0
665.6 0
665.7 0
665.7 0
665.8 0
665.9 0
665.9 0
666.0 0
666.1 0
666.1 7
666.2 26
666.3 30
666.3 13
666.4 3
666.5 0
666.5 0
666.6 0
666.7 0
666.7 0
666.8 0
666.9 11
666.9 26
667.0 21
667.1 6
667.1 10
667.2 26
667.3 7
667.3 0
667.4 0
667.5 0
667.5 0
667.6 0
667.7 0
667.7 0
667.8 0
667.9 0
667.9 0
668.0 0
668.1 0
668.1 26
668.2 52
668.3 17
668.3 2
668.4 0
668.5 0
668.5 6
668.6 30
668.7 35
668.7 15
668.8 2
668.9 15
668.9 70
669.0 53
669.1 12
669.1 12
669.2 19
669.3 29
669.3 83
669.4 168
669.5 348
669.5 606
669.6 656
669.7 749
669.7 1344
669.8 2372
669.9 3563
669.9 4572
670.0 6591
670.1 10735
670.1 15133
670.2 18391
670.3 21124
670.3 22144
670.4 20552
670.5 18589
670.5 15113
670.6 11432
670.7 9127
670.7 8323
670.8 9212
670.9 10577
670.9 11565
671.1 14579
671.1 17984
671.1 20124
671.2 22931
671.3 27242
671.0 27627
671.4 24712
671.5 21221
671.5 16461
671.6 11577
671.7 7378
671.7 4759
671.8 3280
671.9 1904
671.9 970
672.0 813
672.1 641
672.1 561
672.2 506
672.3 370
672.3 186
672.4 129
672.5 217
672.5 345
672.6 383
672.7 258
672.7 190
672.8 175
672.9 138
672.9 29
673.0 21
673.1 19
673.1 33
673.2 26
673.3 9
673.3 17
673.4 28
673.5 42
673.5 52
673.6 56
673.7 19
673.7 12
673.8 8
673.9 2
673.9 1
674.0 12
674.1 29
674.1 40
674.2 38
674.3 4
674.3 2
674.4 0
674.5 1
674.5 7
674.6 12
674.7 8
674.7 2
674.8 0
674.9 0
674.9 0
675.0 0
675.1 9
675.1 40
675.2 61
675.3 36
675.3 9
675.4 57
675.5 152
675.5 139
675.6 49
675.7 0
675.7 0
675.8 0
675.9 0
675.9 0
676.0 0
676.1 0
676.1 0
676.2 0
676.3 0
676.3 0
676.4 0
676.5 0
676.5 0
676.6 0
676.7 0
676.7 0
676.8 0
676.9 0
676.9 0
677.0 0
677.1 0
677.1 0
677.2 0
677.3 0
677.3 0
677.4 0
677.5 22
677.5 63
677.6 57
677.7 5
677.7 2
677.8 7
677.9 18
677.9 62
678.0 84
678.1 49
678.1 10
678.2 0
678.3 0
678.3 0
678.4 0
678.5 0
678.5 0
678.6 0
678.7 0
678.7 0
678.8 0
678.9 0
678.9 0
679.0 0
679.1 0
679.1 0
679.2 0
679.3 0
679.3 0
679.4 0
679.5 0
679.5 0
679.6 0
679.7 0
679.7 0
679.8 0
679.9 0
679.9 0
680.0 0
680.1 0
680.1 0
680.2 0
680.3 0
680.3 0
680.4 0
680.5 0
680.5 0
680.6 0
680.7 0
680.7 0
680.8 0
680.9 0
680.9 0
681.0 0
681.1 11
681.1 31
681.2 9
681.3 46
681.3 40
681.4 13
681.5 1
681.5 5
681.6 18
681.7 13
681.7 2
681.8 0
681.9 0
681.9 10
682.0 37
682.1 43
682.1 21
682.2 5
682.3 0
682.3 0
682.4 5
682.5 12
682.5 9
682.6 1
682.7 0
682.7 0
682.8 0
682.9 0
682.9 10
683.0 39
683.1 47
683.1 21
683.2 4
683.3 0
683.3 15
683.4 13
683.5 5
683.5 1
683.6 0
683.7 0
683.7 0
683.8 42
683.9 65
683.9 47
684.0 19
684.1 4
684.1 1
684.2 2
684.3 27
684.3 48
684.4 29
684.5 5
684.5 0
684.6 0
684.7 0
684.7 0
684.8 0
684.9 0
684.9 0
685.0 0
685.1 0
685.1 0
685.2 0
685.3 0
685.3 0
685.4 0
685.5 0
685.5 21
685.6 58
685.7 46
685.7 0
685.8 0
685.9 0
685.9 1
686.0 32
686.1 63
686.1 75
686.2 59
686.3 26
686.3 6
686.4 0
686.5 0
686.5 0
686.6 0
686.7 0
686.7 0
686.8 4
686.9 55
686.9 70
687.0 20
687.1 4
687.1 1
687.2 11
687.3 27
687.3 44
687.4 51
687.5 106
687.5 62
687.6 28
687.7 9
687.7 19
687.8 24
687.9 30
687.9 29
688.0 29
688.1 47
688.1 27
688.2 28
688.3 24
688.3 8
688.4 0
688.5 0
688.5 0
688.6 0
688.7 5
688.7 10
688.8 7
688.9 0
688.9 0
689.0 0
689.1 0
689.1 0
689.2 0
689.3 0
689.3 0
689.4 0
689.5 0
689.5 0
689.6 0
689.7 0
689.7 0
689.8 0
689.9 0
689.9 0
690.0 0
690.1 0
690.1 0
690.2 0
690.3 0
690.3 4
690.4 10
690.5 7
690.5 0
690.6 0
690.7 0
690.7 0
690.8 0
690.9 0
690.9 0
691.0 0
691.1 0
691.1 0
691.2 0
691.3 0
691.3 12
691.4 33
691.5 28
691.5 9
691.6 0
691.7 0
691.7 0
691.8 0
691.9 0
691.9 0
692.0 0
692.1 0
692.1 0
692.2 0
692.3 0
692.3 0
692.4 0
692.5 0
692.5 0
692.6 0
692.7 0
692.7 0
692.8 0
692.9 0
692.9 7
693.0 15
693.1 11
693.1 4
693.2 0
693.3 12
693.3 38
693.4 36
693.5 5
693.5 0
693.6 0
693.7 0
693.7 0
693.8 0
693.9 0
693.9 0
694.0 0
694.1 0
694.1 0
694.2 0
694.3 0
694.3 0
694.4 0
694.5 0
694.5 0
694.6 0
694.7 0
694.7 0
694.8 0
694.9 0
694.9 0
695.0 0
695.1 0
695.1 0
695.2 7
695.3 21
695.3 17
695.4 4
695.5 0
695.5 0
695.6 0
695.7 0
695.7 0
695.8 0
695.9 0
695.9 0
696.0 0
696.1 0
696.1 2
696.2 15
696.3 38
696.3 37
696.4 14
696.5 0
696.5 0
696.6 0
696.7 0
696.7 0
696.8 0
696.9 0
696.9 0
697.0 0
697.1 0
697.1 0
697.2 83
697.3 73
697.3 23
697.4 2
697.5 0
697.5 0
697.6 0
697.7 0
697.7 0
697.8 0
697.9 0
697.9 0
698.0 22
698.1 17
698.1 5
698.2 1
698.3 0
698.3 0
698.4 0
698.5 0
698.5 0
698.6 0
698.7 0
698.7 0
698.8 0
698.9 0
698.9 0
699.0 0
699.1 0
699.1 0
699.2 0
699.3 0
699.3 0
699.4 0
699.5 0
699.5 0
699.6 0
699.7 0
699.7 0
699.8 0
699.9 0
699.9 2
700.0 18
700.1 29
700.1 16
700.2 1
700.3 5
700.3 10
700.4 6
700.5 1
700.5 0
700.6 0
700.7 0
700.7 0
700.8 0
700.9 0
700.9 7
701.0 27
701.1 12
701.1 2
701.2 48
701.3 40
701.3 25
701.4 23
701.5 60
701.5 36
701.6 52
701.7 59
701.7 84
701.8 50
701.9 15
701.9 2
702.0 0
702.1 0
702.1 0
702.2 5
702.3 54
702.3 108
702.4 26
702.5 23
702.5 50
702.6 65
702.7 36
702.7 0
702.8 0
702.9 0
702.9 2
703.0 18
703.1 61
703.1 92
703.2 102
703.3 54
703.3 17
703.4 0
703.5 0
703.5 0
703.6 0
703.7 0
703.7 0
703.8 0
703.9 0
703.9 3
704.0 14
704.1 17
704.1 24
704.2 48
704.3 16
704.3 2
704.4 0
704.5 0
704.5 0
704.6 0
704.7 0
704.7 0
704.8 0
704.9 0
704.9 0
705.0 0
705.1 0
705.1 0
705.2 0
705.3 0
705.3 0
705.4 0
705.5 0
705.5 0
705.6 0
705.7 0
705.7 0
705.8 0
705.9 0
705.9 13
706.0 34
706.1 28
706.1 8
706.2 0
706.3 0
706.3 0
706.4 0
706.5 0
706.5 0
706.6 0
706.7 0
706.7 0
706.8 0
706.9 0
706.9 0
707.0 0
707.1 0
707.1 0
707.2 0
707.3 0
707.3 0
707.4 0
707.5 0
707.5 0
707.6 0
707.7 0
707.7 0
707.8 0
707.9 0
707.9 0
708.0 0
708.1 0
708.1 0
708.2 0
708.3 0
708.3 0
708.4 0
708.5 0
708.5 0
708.6 0
708.7 0
708.7 0
708.8 10
708.9 21
708.9 2
709.0 1
709.1 0
709.1 0
709.2 0
709.3 0
709.3 0
709.4 0
709.5 0
709.5 0
709.6 0
709.7 0
709.7 0
709.8 0
709.9 0
709.9 0
710.0 0
710.1 0
710.1 0
710.2 0
710.3 0
710.3 0
710.4 0
710.5 0
710.5 0
710.6 0
710.7 0
710.7 0
710.8 0
710.9 0
710.9 0
711.0 0
711.1 0
711.1 0
711.2 0
711.3 0
711.3 0
711.4 0
711.5 0
711.5 2
711.6 45
711.7 39
711.7 14
711.8 4
711.9 2
711.9 13
712.0 38
712.1 39
712.1 14
712.2 0
712.3 0
712.3 0
712.4 0
712.5 0
712.5 0
712.6 0
712.7 0
712.7 0
712.8 0
712.9 0
712.9 0
713.0 0
713.1 0
713.1 0
713.2 0
713.3 0
713.3 0
713.4 0
713.5 0
713.5 0
713.6 0
713.7 0
713.7 0
713.8 0
713.9 0
713.9 0
714.0 0
714.1 0
714.1 0
714.2 0
714.3 0
714.3 0
714.4 0
714.5 0
714.5 0
714.6 0
714.7 0
714.7 0
714.8 0
714.9 0
714.9 0
715.0 0
715.1 0
715.1 0
715.2 26
715.3 18
715.3 4
715.4 1
715.5 0
715.5 0
715.6 0
715.7 0
715.7 0
715.8 0
715.9 0
715.9 0
716.0 0
716.1 0
716.1 0
716.2 0
716.3 0
716.3 0
716.4 0
716.5 0
716.5 0
716.6 0
716.7 0
716.7 0
716.8 0
716.9 0
716.9 0
717.0 0
717.1 0
717.1 0
717.2 4
717.3 12
717.3 11
717.4 4
717.5 0
717.5 0
717.6 0
717.7 0
717.7 0
717.8 0
717.9 0
717.9 0
718.0 20
718.1 16
718.1 4
718.2 4
718.3 11
718.3 8
718.4 0
718.5 12
718.5 29
718.6 6
718.7 1
718.7 0
718.8 0
718.9 0
718.9 0
719.0 0
719.1 0
719.1 0
719.2 0
719.3 7
719.3 24
719.4 11
719.5 2
719.5 1
719.6 0
719.7 0
719.7 0
719.8 0
719.9 3
719.9 13
720.0 15
720.1 6
720.1 0
720.2 0
720.3 0
720.3 0
720.4 0
720.5 0
720.5 0
720.6 0
720.7 0
720.7 0
720.8 0
720.9 0
720.9 0
721.0 0
721.1 0
721.1 0
721.2 0
721.3 3
721.3 0
721.4 111
721.5 133
721.5 58
721.6 6
721.7 0
721.7 3
721.8 1
721.9 0
721.9 0
722.0 0
722.1 0
722.1 3
722.2 10
722.3 9
722.3 0
722.4 1
722.5 9
722.5 23
722.6 21
722.7 0
722.7 0
722.8 0
722.9 0
722.9 0
723.0 0
723.1 0
723.1 0
723.2 28
723.3 42
723.3 23
723.4 5
723.5 2
723.5 19
723.6 44
723.7 97
723.7 97
723.8 64
723.9 15
723.9 1
724.0 0
724.1 0
724.1 0
724.2 12
724.3 41
724.3 49
724.4 39
724.5 41
724.5 12
724.6 1
724.7 0
724.7 0
724.8 0
724.9 0
724.9 0
725.0 0
725.1 0
725.1 0
725.2 0
725.3 0
725.3 5
725.4 17
725.5 33
725.5 15
725.6 4
725.7 2
725.7 0
725.8 0
725.9 0
725.9 0
726.0 0
726.1 0
726.1 0
726.2 0
726.3 0
726.3 0
726.4 0
726.5 13
726.5 31
726.6 24
726.7 6
726.7 0
726.8 0
726.9 0
726.9 0
727.0 0
727.1 1
727.1 43
727.2 32
727.3 10
727.3 12
727.4 23
727.5 7
727.5 1
727.6 0
727.7 0
727.7 15
727.8 47
727.9 16
727.9 1
728.0 4
728.1 12
728.1 10
728.2 2
728.3 0
728.3 0
728.4 0
728.5 0
728.5 0
728.6 0
728.7 0
728.7 0
728.8 0
728.9 0
728.9 0
729.0 0
729.1 0
729.1 0
729.2 0
729.3 0
729.3 0
729.4 0
729.5 0
729.5 0
729.6 0
729.7 0
729.7 0
729.8 0
729.9 0
729.9 0
730.0 0
730.1 0
730.1 0
730.2 0
730.3 0
730.3 0
730.4 0
730.5 0
730.5 0
730.6 0
730.7 0
730.7 0
730.8 0
730.9 0
730.9 0
731.0 0
731.1 0
731.1 0
731.2 0
731.3 0
731.3 0
731.4 0
731.5 0
731.5 0
731.6 0
731.7 0
731.7 0
731.8 0
731.9 0
731.9 0
732.0 0
732.1 0
732.1 0
732.2 0
732.3 0
732.3 0
732.4 0
732.5 0
732.5 0
732.6 0
732.7 0
732.7 0
732.8 0
732.9 0
732.9 0
733.0 0
733.1 0
733.1 0
733.2 0
733.3 0
733.3 0
733.4 0
733.5 0
733.5 0
733.6 0
733.7 0
733.7 0
733.8 0
733.9 0
733.9 0
734.0 0
734.1 0
734.1 0
734.2 0
734.3 6
734.3 23
734.4 15
734.5 3
734.5 1
734.6 0
734.7 0
734.7 0
734.8 0
734.9 0
734.9 0
735.0 5
735.1 8
735.1 1
735.2 0
735.3 15
735.3 49
735.4 55
735.5 22
735.5 0
735.6 0
735.7 0
735.7 0
735.8 0
735.9 0
735.9 0
736.0 0
736.1 0
736.1 0
736.2 0
736.3 0
736.3 0
736.4 0
736.5 0
736.5 0
736.6 5
736.7 28
736.7 25
736.8 5
736.9 1
736.9 0
737.0 0
737.1 0
737.1 0
737.2 0
737.3 0
737.3 0
737.4 0
737.5 0
737.5 0
737.6 0
737.7 0
737.7 0
737.8 0
737.9 0
737.9 24
738.0 76
738.1 36
738.1 3
738.2 0
738.3 0
738.3 3
738.4 14
738.5 17
738.5 4
738.6 8
738.7 4
738.7 0
738.8 0
738.9 0
738.9 0
739.0 0
739.1 0
739.1 0
739.2 6
739.3 29
739.3 50
739.4 78
739.5 61
739.5 62
739.6 20
739.7 4
739.7 2
739.8 0
739.9 0
739.9 0
740.0 0
740.1 0
740.1 0
740.2 0
740.3 0
740.3 0
740.4 0
740.5 0
740.5 0
740.6 0
740.7 0
740.7 0
740.8 13
740.9 57
740.9 77
741.0 40
741.1 8
741.1 0
741.2 0
741.3 0
741.3 0
741.4 0
741.5 0
741.5 0
741.6 0
741.7 0
741.7 0
741.8 0
741.9 0
741.9 0
742.0 0
742.1 0
742.1 0
742.2 0
742.3 0
742.3 0
742.4 0
742.5 0
742.5 0
742.6 0
742.7 0
742.7 0
742.8 0
742.9 0
742.9 0
743.0 0
743.1 40
743.1 56
743.2 31
743.3 7
743.3 1
743.4 0
743.5 0
743.5 0
743.6 0
743.7 0
743.7 0
743.8 0
743.9 0
743.9 0
744.0 0
744.1 0
744.1 0
744.2 0
744.3 0
744.3 0
744.4 0
744.5 0
744.5 0
744.6 0
744.7 0
744.7 0
744.8 0
744.9 0
744.9 0
745.0 0
745.1 4
745.1 27
745.2 46
745.3 8
745.3 1
745.4 0
745.5 0
745.5 0
745.6 0
745.7 0
745.7 0
745.8 0
745.9 0
745.9 0
746.0 0
746.1 0
746.1 0
746.2 0
746.3 0
746.3 0
746.4 0
746.5 0
746.5 0
746.6 0
746.7 0
746.7 28
746.8 70
746.9 60
746.9 18
747.0 1
747.1 0
747.1 0
747.2 0
747.3 0
747.3 20
747.4 57
747.5 20
747.5 2
747.6 0
747.7 0
747.7 0
747.8 0
747.9 0
747.9 0
748.0 0
748.1 0
748.1 0
748.2 0
748.3 0
748.3 0
748.4 0
748.5 0
748.5 4
748.6 19
748.7 41
748.7 49
748.8 11
748.9 1
748.9 18
749.0 45
749.1 37
749.1 0
749.2 0
749.3 0
749.3 0
749.4 0
749.5 0
749.5 0
749.6 0
749.7 0
749.7 0
749.8 0
749.9 0
749.9 19
750.0 54
750.1 89
750.1 85
750.2 41
750.3 23
750.3 41
750.4 34
750.5 1
750.5 13
750.6 44
750.7 44
750.7 5
750.8 1
750.9 0
750.9 0
751.0 0
751.1 0
751.1 0
751.2 0
751.3 0
751.3 0
751.4 0
751.5 0
751.5 0
751.6 0
751.7 0
751.7 0
751.8 0
751.9 0
751.9 0
752.0 0
752.1 0
752.1 10
752.2 35
752.3 42
752.3 20
752.4 5
752.5 0
752.5 0
752.6 0
752.7 0
752.7 0
752.8 0
752.9 14
752.9 41
753.0 38
753.1 13
753.1 2
753.2 0
753.3 0
753.3 0
753.4 0
753.5 0
753.5 0
753.6 0
753.7 0
753.7 0
753.8 0
753.9 16
753.9 12
754.0 2
754.1 0
754.1 0
754.2 0
754.3 0
754.3 22
754.4 16
754.5 2
754.5 0
754.6 0
754.7 0
754.7 0
754.8 0
754.9 11
754.9 43
755.0 56
755.1 45
755.1 61
755.2 34
755.3 6
755.3 11
755.4 68
755.5 76
755.5 36
755.6 7
755.7 1
755.7 0
755.8 0
755.9 0
755.9 0
756.0 0
756.1 0
756.1 0
756.2 0
756.3 0
756.3 0
756.4 0
756.5 0
756.5 0
756.6 0
756.7 0
756.7 0
756.8 0
756.9 0
756.9 0
757.0 0
757.1 0
757.1 4
757.2 14
757.3 16
757.3 7
757.4 1
757.5 0
757.5 0
757.6 28
757.7 70
757.7 59
757.8 0
757.9 0
757.9 17
758.0 13
758.1 3
758.1 0
758.2 0
758.3 0
758.3 0
758.4 0
758.5 0
758.5 0
758.6 0
758.7 0
758.7 0
758.8 0
758.9 0
758.9 0
759.0 0
759.1 0
759.1 0
759.2 0
759.3 0
759.3 0
759.4 0
759.5 0
759.5 0
759.6 0
759.7 0
759.7 0
759.8 0
759.9 0
759.9 0
760.0 0
760.1 0
760.1 0
760.2 0
760.3 0
760.3 0
760.4 0
760.5 0
760.5 0
760.6 0
760.7 0
760.7 2
760.8 21
760.9 16
760.9 4
761.0 0
761.1 0
761.1 0
761.2 0
761.3 0
761.3 0
761.4 0
761.5 2
761.5 78
761.6 202
761.7 185
761.7 64
761.8 0
761.9 0
761.9 0
762.0 2
762.1 3
762.1 0
762.2 0
762.3 0
762.3 0
762.4 0
762.5 0
762.5 0
762.6 0
762.7 0
762.7 0
762.8 0
762.9 0
762.9 0
763.0 0
763.1 0
763.1 11
763.2 47
763.3 64
763.3 34
763.4 7
763.5 0
763.5 0
763.6 0
763.7 0
763.7 0
763.8 0
763.9 0
763.9 0
764.0 0
764.1 0
764.1 0
764.2 0
764.3 1
764.3 9
764.4 41
764.5 21
764.5 4
764.6 1
764.7 0
764.7 0
764.8 0
764.9 0
764.9 0
765.0 0
765.1 0
765.1 0
765.2 51
765.3 134
765.3 36
765.4 2
765.5 0
765.5 0
765.6 0
765.7 0
765.7 0
765.8 0
765.9 0
765.9 0
766.0 0
766.1 1
766.1 7
766.2 24
766.3 28
766.3 13
766.4 1
766.5 0
766.5 0
766.6 0
766.7 0
766.7 0
766.8 0
766.9 3
766.9 4
767.0 21
767.1 74
767.1 81
767.2 8
767.3 2
767.3 0
767.4 0
767.5 0
767.5 0
767.6 4
767.7 16
767.7 15
767.8 6
767.9 1
767.9 0
768.0 6
768.1 13
768.1 10
768.2 12
768.3 7
768.3 3
768.4 49
768.5 205
768.5 1010
768.6 3298
768.7 4279
768.7 2700
768.8 288
768.9 0
768.9 0
769.0 0
769.1 1
769.1 3
769.2 0
769.3 1
769.3 20
769.4 35
769.5 5
769.5 1
769.6 0
769.7 0
769.7 0
769.8 0
769.9 0
769.9 0
770.0 0
770.1 3
770.1 12
770.2 12
770.3 0
770.3 0
770.4 0
770.5 0
770.5 0
770.6 0
770.7 0
770.7 0
770.8 0
770.9 0
770.9 0
771.0 0
771.1 0
771.1 0
771.2 3
771.3 13
771.3 34
771.4 40
771.5 20
771.5 0
771.6 0
771.7 0
771.7 0
771.8 0
771.9 0
771.9 0
772.0 0
772.1 0
772.1 0
772.2 0
772.3 0
772.3 0
772.4 0
772.5 17
772.5 59
772.6 27
772.7 6
772.7 1
772.8 0
772.9 0
772.9 0
773.0 0
773.1 0
773.1 0
773.2 0
773.3 0
773.3 0
773.4 0
773.5 0
773.5 0
773.6 0
773.7 0
773.7 0
773.8 0
773.9 0
773.9 0
774.0 0
774.1 0
774.1 0
774.2 0
774.3 0
774.3 0
774.4 0
774.5 0
774.5 0
774.6 0
774.7 0
774.7 0
774.8 0
774.9 0
774.9 0
775.0 4
775.1 38
775.1 64
775.2 9
775.3 1
775.3 17
775.4 123
775.5 181
775.5 94
775.6 13
775.7 0
775.7 2
775.8 1
775.9 0
775.9 0
776.0 0
776.1 0
776.1 0
776.2 0
776.3 0
776.3 0
776.4 0
776.5 0
776.5 0
776.6 0
776.7 1
776.7 12
776.8 26
776.9 20
776.9 4
777.0 42
777.1 80
777.1 20
777.2 0
777.3 0
777.3 0
777.4 0
777.5 0
777.5 0
777.6 0
777.7 0
777.7 0
777.8 0
777.9 0
777.9 0
778.0 0
778.1 0
778.1 0
778.2 0
778.3 0
778.3 0
778.4 0
778.5 0
778.5 0
778.6 0
778.7 0
778.7 0
778.8 0
778.9 0
778.9 0
779.0 0
779.1 0
779.1 16
779.2 41
779.3 33
779.3 10
779.4 0
779.5 0
779.5 0
779.6 0
779.7 0
779.7 0
779.8 0
779.9 0
779.9 0
780.0 0
780.1 0
780.1 3
780.2 12
780.3 12
780.3 3
780.4 0
780.5 0
780.5 0
780.6 0
780.7 0
780.7 0
780.8 0
780.9 0
780.9 0
781.0 0
781.1 0
781.1 25
781.2 17
781.3 10
781.3 23
781.4 19
781.5 5
781.5 0
781.6 0
781.7 0
781.7 0
781.8 0
781.9 0
781.9 0
782.0 0
782.1 0
782.1 0
782.2 0
782.3 0
782.3 0
782.4 0
782.5 0
782.5 0
782.6 0
782.7 0
782.7 0
782.8 0
782.9 0
782.9 0
783.0 0
783.1 12
783.1 45
783.2 76
783.3 84
783.3 40
783.4 0
783.5 0
783.5 1
783.6 0
783.7 0
783.7 0
783.8 0
783.9 23
783.9 73
784.0 43
784.1 16
784.1 6
784.2 0
784.3 0
784.3 0
784.4 0
784.5 0
784.5 0
784.6 0
784.7 0
784.7 0
784.8 0
784.9 0
784.9 0
785.0 0
785.1 0
785.1 0
785.2 0
785.3 0
785.3 0
785.4 0
785.5 0
785.5 1
785.6 17
785.7 42
785.7 62
785.8 45
785.9 5
785.9 0
786.0 0
786.1 0
786.1 0
786.2 0
786.3 0
786.3 0
786.4 0
786.5 33
786.5 64
786.6 45
786.7 11
786.7 0
786.8 0
786.9 0
786.9 0
787.0 0
787.1 12
787.1 40
787.2 19
787.3 38
787.3 66
787.4 43
787.5 10
787.5 0
787.6 0
787.7 0
787.7 0
787.8 0
787.9 0
787.9 19
788.0 17
788.1 6
788.1 1
788.2 20
788.3 56
788.3 52
788.4 17
788.5 0
788.5 0
788.6 0
788.7 0
788.7 0
788.8 0
788.9 0
788.9 0
789.0 0
789.1 0
789.1 0
789.2 0
789.3 0
789.3 0
789.4 0
789.5 0
789.5 0
789.6 0
789.7 0
789.7 0
789.8 9
789.9 23
789.9 26
790.0 25
790.1 4
790.1 1
790.2 0
790.3 0
790.3 0
790.4 0
790.5 0
790.5 0
790.6 0
790.7 0
790.7 0
790.8 0
790.9 0
790.9 0
791.0 0
791.1 0
791.1 0
791.2 0
791.3 0
791.3 0
791.4 15
791.5 13
791.5 15
791.6 25
791.7 18
791.7 3
791.8 0
791.9 0
791.9 0
792.0 0
792.1 0
792.1 0
792.2 0
792.3 0
792.3 0
792.4 0
792.5 0
792.5 0
792.6 0
792.7 0
792.7 0
792.8 0
792.9 0
792.9 16
793.0 54
793.1 54
793.1 149
793.2 167
793.3 71
793.3 18
793.4 19
793.5 6
793.5 2
793.6 0
793.7 12
793.7 40
793.8 45
793.9 20
793.9 1
794.0 27
794.1 70
794.1 64
794.2 3
794.3 7
794.3 15
794.4 5
794.5 0
794.5 0
794.6 0
794.7 0
794.7 0
794.8 0
794.9 0
794.9 0
795.0 0
795.1 0
795.1 0
795.2 0
795.3 0
795.3 0
795.4 0
795.5 0
795.5 0
795.6 0
795.7 0
795.7 0
795.8 0
795.9 0
795.9 0
796.0 0
796.1 0
796.1 0
796.2 0
796.3 0
796.3 0
796.4 28
796.5 75
796.5 64
796.6 19
796.7 0
796.7 0
796.8 0
796.9 0
796.9 0
797.0 0
797.1 3
797.1 13
797.2 6
797.3 1
797.3 0
797.4 0
797.5 0
797.5 0
797.6 6
797.7 32
797.7 24
797.8 4
797.9 1
797.9 0
798.0 0
798.1 0
798.1 0
798.2 0
798.3 0
798.3 0
798.4 0
798.5 0
798.5 0
798.6 0
798.7 0
798.7 0
798.8 0
798.9 12
798.9 54
799.0 73
799.1 39
799.1 9
799.2 3
799.3 0
799.3 0
799.4 0
799.5 0
799.5 36
799.6 92
799.7 78
799.7 1
799.8 0
799.9 0
799.9 0
800.0 0
800.1 0
800.1 0
800.2 0
800.3 0
800.3 0
800.4 0
800.5 0
800.5 0
800.6 68
800.7 80
800.7 36
800.8 5
800.9 1
800.9 0
801.0 7
801.1 30
801.1 13
801.2 2
801.3 1
801.3 0
801.4 0
801.5 0
801.5 0
801.6 0
801.7 0
801.7 0
801.8 0
801.9 0
801.9 0
802.0 0
802.1 0
802.1 0
802.2 0
802.3 0
802.3 0
802.4 0
802.5 0
802.5 0
802.6 0
802.7 0
802.7 0
802.8 0
802.9 0
802.9 0
803.0 0
803.1 0
803.1 0
803.2 0
803.3 61
803.3 47
803.4 10
803.5 0
803.5 0
803.6 0
803.7 10
803.7 23
803.8 15
803.9 13
803.9 38
804.0 48
804.1 23
804.1 5
804.2 20
804.3 28
804.3 8
804.4 42
804.5 47
804.5 10
804.6 1
804.7 0
804.7 0
804.8 0
804.9 0
804.9 1
805.0 7
805.1 26
805.1 34
805.2 27
805.3 58
805.3 45
805.4 12
805.5 0
805.5 0
805.6 0
805.7 0
805.7 1
805.8 10
805.9 37
805.9 62
806.0 61
806.1 45
806.1 3
806.2 0
806.3 0
806.3 3
806.4 12
806.5 13
806.5 5
806.6 1
806.7 0
806.7 0
806.8 0
806.9 0
806.9 0
807.0 0
807.1 0
807.1 0
807.2 0
807.3 0
807.3 0
807.4 0
807.5 0
807.5 0
807.6 0
807.7 0
807.7 0
807.8 0
807.9 0
807.9 0
808.0 0
808.1 0
808.1 0
808.2 0
808.3 0
808.3 0
808.4 0
808.5 0
808.5 0
808.6 0
808.7 0
808.7 0
808.8 1
808.9 29
808.9 28
809.0 10
809.1 1
809.1 21
809.2 49
809.3 37
809.3 0
809.4 0
809.5 0
809.5 0
809.6 0
809.7 0
809.7 0
809.8 13
809.9 45
809.9 51
810.0 28
810.1 20
810.1 14
810.2 5
810.3 0
810.3 0
810.4 0
810.5 0
810.5 0
810.6 0
810.7 0
810.7 0
810.8 0
810.9 0
810.9 0
811.0 0
811.1 0
811.1 0
811.2 0
811.3 0
811.3 0
811.4 0
811.5 0
811.5 0
811.6 0
811.7 0
811.7 0
811.8 0
811.9 0
811.9 20
812.0 72
812.1 44
812.1 9
812.2 2
812.3 0
812.3 0
812.4 0
812.5 0
812.5 0
812.6 0
812.7 0
812.7 0
812.8 0
812.9 0
812.9 5
813.0 36
813.1 60
813.1 9
813.2 1
813.3 0
813.3 0
813.4 0
813.5 0
813.5 0
813.6 8
813.7 32
813.7 39
813.8 3
813.9 1
813.9 0
814.0 0
814.1 0
814.1 0
814.2 6
814.3 19
814.3 100
814.4 65
814.5 19
814.5 0
814.6 0
814.7 0
814.7 0
814.8 0
814.9 45
814.9 66
815.0 37
815.1 6
815.1 0
815.2 0
815.3 0
815.3 0
815.4 0
815.5 0
815.5 0
815.6 0
815.7 0
815.7 0
815.8 0
815.9 0
815.9 0
816.0 0
816.1 0
816.1 0
816.2 0
816.3 0
816.3 0
816.4 0
816.5 0
816.5 0
816.6 0
816.7 0
816.7 0
816.8 0
816.9 0
816.9 0
817.0 0
817.1 0
817.1 0
817.2 0
817.3 0
817.3 0
817.4 0
817.5 0
817.5 0
817.6 0
817.7 0
817.7 0
817.8 0
817.9 0
817.9 4
818.0 38
818.1 26
818.1 8
818.2 1
818.3 0
818.3 0
818.4 0
818.5 0
818.5 0
818.6 0
818.7 0
818.7 0
818.8 0
818.9 16
818.9 46
819.0 43
819.1 1
819.1 0
819.2 0
819.3 0
819.3 0
819.4 0
819.5 1
819.5 9
819.6 18
819.7 7
819.7 1
819.8 0
819.9 0
819.9 0
820.0 0
820.1 18
820.1 67
820.2 85
820.3 41
820.3 7
820.4 0
820.5 0
820.5 0
820.6 0
820.7 7
820.7 35
820.8 48
820.9 24
820.9 1
821.0 0
821.1 0
821.1 0
821.2 4
821.3 15
821.3 4
821.4 1
821.5 0
821.5 0
821.6 0
821.7 0
821.7 0
821.8 0
821.9 0
821.9 0
822.0 0
822.1 0
822.1 0
822.2 0
822.3 0
822.3 0
822.4 8
822.5 20
822.5 17
822.6 4
822.7 0
822.7 0
822.8 7
822.9 20
822.9 20
823.0 1
823.1 0
823.1 0
823.2 25
823.3 64
823.3 55
823.4 18
823.5 1
823.5 0
823.6 0
823.7 0
823.7 0
823.8 0
823.9 0
823.9 0
824.0 0
824.1 0
824.1 0
824.2 0
824.3 0
824.3 0
824.4 0
824.5 0
824.5 0
824.6 0
824.7 0
824.7 0
824.8 0
824.9 0
824.9 0
825.0 0
825.1 0
825.1 0
825.2 0
825.3 0
825.3 0
825.4 0
825.5 0
825.5 0
825.6 0
825.7 0
825.7 0
825.8 0
825.9 0
825.9 0
826.0 0
826.1 0
826.1 0
826.2 0
826.3 0
826.3 0
826.4 9
826.5 20
826.5 14
826.6 0
826.7 0
826.7 0
826.8 0
826.9 0
826.9 0
827.0 0
827.1 0
827.1 0
827.2 0
827.3 0
827.3 0
827.4 0
827.5 0
827.5 0
827.6 0
827.7 0
827.7 0
827.8 0
827.9 0
827.9 0
828.0 0
828.1 0
828.1 0
828.2 0
828.3 0
828.3 0
828.4 0
828.5 0
828.5 0
828.6 0
828.7 11
828.7 24
828.8 6
828.9 0
828.9 0
829.0 0
829.1 12
829.1 42
829.2 51
829.3 4
829.3 4
829.4 16
829.5 7
829.5 2
829.6 1
829.7 0
829.7 0
829.8 0
829.9 0
829.9 0
830.0 0
830.1 0
830.1 0
830.2 21
830.3 54
830.3 45
830.4 13
830.5 54
830.5 59
830.6 24
830.7 5
830.7 2
830.8 0
830.9 0
830.9 0
831.0 0
831.1 0
831.1 0
831.2 0
831.3 0
831.3 0
831.4 0
831.5 0
831.5 0
831.6 0
831.7 0
831.7 0
831.8 0
831.9 0
831.9 0
832.0 0
832.1 0
832.1 0
832.2 0
832.3 0
832.3 0
832.4 0
832.5 0
832.5 0
832.6 0
832.7 0
832.7 0
832.8 0
832.9 0
832.9 0
833.0 0
833.1 0
833.1 0
833.2 0
833.3 0
833.3 0
833.4 0
833.5 5
833.5 12
833.6 9
833.7 2
833.7 0
833.8 0
833.9 0
833.9 0
834.0 0
834.1 0
834.1 0
834.2 0
834.3 0
834.3 0
834.4 0
834.5 0
834.5 0
834.6 0
834.7 0
834.7 0
834.8 0
834.9 0
834.9 0
835.0 0
835.1 0
835.1 0
835.2 0
835.3 0
835.3 0
835.4 0
835.5 0
835.5 0
835.6 0
835.7 0
835.7 0
835.8 1
835.9 6
835.9 9
836.0 1
836.1 0
836.1 0
836.2 0
836.3 0
836.3 0
836.4 0
836.5 0
836.5 0
836.6 0
836.7 0
836.7 0
836.8 0
836.9 0
836.9 0
837.0 0
837.1 0
837.1 0
837.2 0
837.3 0
837.3 0
837.4 0
837.5 0
837.5 0
837.6 0
837.7 0
837.7 0
837.8 0
837.9 0
837.9 0
838.0 0
838.1 7
838.1 21
838.2 42
838.3 64
838.3 49
838.4 1
838.5 0
838.5 0
838.6 0
838.7 0
838.7 0
838.8 0
838.9 0
838.9 0
839.0 17
839.1 51
839.1 48
839.2 25
839.3 49
839.3 68
839.4 5
839.5 0
839.5 0
839.6 0
839.7 0
839.7 8
839.8 24
839.9 22
839.9 0
840.0 0
840.1 3
840.1 26
840.2 44
840.3 28
840.3 8
840.4 0
840.5 0
840.5 1
840.6 19
840.7 41
840.7 29
840.8 7
840.9 0
840.9 0
841.0 0
841.1 22
841.1 67
841.2 75
841.3 38
841.3 77
841.4 66
841.5 21
841.5 2
841.6 0
841.7 0
841.7 0
841.8 0
841.9 0
841.9 0
842.0 0
842.1 0
842.1 0
842.2 0
842.3 0
842.3 0
842.4 0
842.5 0
842.5 6
842.6 34
842.7 31
842.7 22
842.8 4
842.9 1
842.9 24
843.0 59
843.1 46
843.1 13
843.2 1
843.3 0
843.3 6
843.4 10
843.5 3
843.5 1
843.6 0
843.7 0
843.7 0
843.8 0
843.9 0
843.9 0
844.0 0
844.1 0
844.1 0
844.2 0
844.3 0
844.3 0
844.4 0
844.5 0
844.5 0
844.6 0
844.7 0
844.7 0
844.8 0
844.9 0
844.9 0
845.0 0
845.1 0
845.1 0
845.2 0
845.3 0
845.3 0
845.4 0
845.5 0
845.5 0
845.6 0
845.7 0
845.7 0
845.8 0
845.9 0
845.9 0
846.0 0
846.1 0
846.1 0
846.2 0
846.3 0
846.3 0
846.4 0
846.5 0
846.5 0
846.6 0
846.7 0
846.7 0
846.8 0
846.9 0
846.9 0
847.0 0
847.1 0
847.1 0
847.2 0
847.3 0
847.3 0
847.4 0
847.5 0
847.5 0
847.6 0
847.7 0
847.7 0
847.8 0
847.9 0
847.9 0
848.0 0
848.1 0
848.1 0
848.2 0
848.3 0
848.3 0
848.4 0
848.5 0
848.5 0
848.6 0
848.7 0
848.7 0
848.8 0
848.9 0
848.9 0
849.0 0
849.1 0
849.1 0
849.2 0
849.3 0
849.3 1
849.4 39
849.5 64
849.5 41
849.6 20
849.7 6
849.7 0
849.8 0
849.9 0
849.9 16
850.0 13
