300.1 0
300.1 0
300.2 0
300.3 0
300.3 0
300.4 0
300.5 0
300.5 0
300.6 0
300.7 0
300.7 0
300.8 0
300.9 0
300.9 0
301.0 0
301.1 0
301.1 0
301.2 0
301.3 0
301.3 0
301.4 0
301.5 0
301.5 0
301.6 0
301.7 0
301.7 0
301.8 0
301.9 0
301.9 0
302.0 0
302.1 0
302.1 0
302.2 0
302.3 0
302.3 0
302.4 0
302.5 0
302.5 3
302.6 25
302.7 98
302.7 169
302.8 157
302.9 82
302.9 111
303.0 170
303.1 199
303.1 141
303.2 77
303.3 71
303.3 962
303.4 2879
303.5 1918
303.5 799
303.6 236
303.7 18
303.7 4
303.8 8
303.9 5
303.9 4
304.0 1
304.1 0
304.1 0
304.2 0
304.3 0
304.3 0
304.4 0
304.5 0
304.5 3
304.6 33
304.7 72
304.7 67
304.8 42
304.9 37
304.9 62
305.0 102
305.1 126
305.1 122
305.2 79
305.3 26
305.3 43
305.4 31
305.5 0
305.5 0
305.6 0
305.7 0
305.7 0
305.8 0
305.9 0
305.9 0
306.0 27
306.1 64
306.1 76
306.2 79
306.3 55
306.3 60
306.4 139
306.5 190
306.5 83
306.6 36
306.7 59
306.7 50
306.8 6
306.9 28
306.9 46
307.0 69
307.1 99
307.1 95
307.2 81
307.3 90
307.3 67
307.4 11
307.5 22
307.5 46
307.6 50
307.7 38
307.7 24
307.8 1
307.9 0
307.9 0
308.0 0
308.1 0
308.1 0
308.2 3
308.3 33
308.3 28
308.4 14
308.5 17
308.5 27
308.6 8
308.7 24
308.7 74
308.8 163
308.9 282
308.9 558
309.0 933
309.1 1191
309.1 1553
309.2 1880
309.3 1612
309.3 1341
309.4 1013
309.5 786
309.5 598
309.6 270
309.7 137
309.7 85
309.8 54
309.9 21
309.9 21
310.0 94
310.1 137
310.1 110
310.2 101
310.3 57
310.3 352
310.4 366
310.5 159
310.5 58
310.6 16
310.7 4
310.7 1
310.8 0
310.9 19
310.9 52
311.0 65
311.1 73
311.1 90
311.2 80
311.3 65
311.3 47
311.4 25
311.5 9
311.5 16
311.6 13
311.7 4
311.7 5
311.8 15
311.9 19
311.9 10
312.0 3
312.1 0
312.1 0
312.2 0
312.3 0
312.3 7
312.4 27
312.5 10
312.5 0
312.6 0
312.7 0
312.7 0
312.8 0
312.9 0
312.9 19
313.0 61
313.1 84
313.1 48
313.2 11
313.3 0
313.3 2
313.4 10
313.5 23
313.5 23
313.6 0
313.7 0
313.7 0
313.8 2
313.9 20
313.9 47
314.0 47
314.1 34
314.1 42
314.2 26
314.3 6
314.3 0
314.4 0
314.5 0
314.5 0
314.6 0
314.7 0
314.7 0
314.8 20
314.9 78
314.9 105
315.0 30
315.1 4
315.1 28
315.2 176
315.3 104
315.3 23
315.4 3
315.5 0
315.5 4
315.6 32
315.7 63
315.7 12
315.8 0
315.9 0
315.9 0
316.0 0
316.1 0
316.1 0
316.2 0
316.3 0
316.3 0
316.4 0
316.5 0
316.5 0
316.6 0
316.7 0
316.7 0
316.8 0
316.9 3
316.9 16
317.0 15
317.1 33
317.1 82
317.2 28
317.3 4
317.3 1
317.4 0
317.5 0
317.5 0
317.6 0
317.7 0
317.7 0
317.8 14
317.9 6
317.9 40
318.0 162
318.1 185
318.1 8
318.2 1
318.3 15
318.3 33
318.4 24
318.5 2
318.5 0
318.6 1
318.7 25
318.7 46
318.8 11
318.9 0
318.9 0
319.0 0
319.1 4
319.1 19
319.2 44
319.3 25
319.3 5
319.4 1
319.5 0
319.5 0
319.6 0
319.7 0
319.7 0
319.8 1
319.9 17
319.9 50
320.0 53
320.1 52
320.1 25
320.2 3
320.3 0
320.3 0
320.4 0
320.5 4
320.5 18
320.6 52
320.7 113
320.7 176
320.8 84
320.9 20
320.9 71
321.0 170
321.1 253
321.1 216
321.2 118
321.3 112
321.3 84
321.4 58
321.5 38
321.5 23
321.6 15
321.7 2
321.7 0
321.8 0
321.9 0
321.9 0
322.0 14
322.1 35
322.1 32
322.2 0
322.3 0
322.3 4
322.4 38
322.5 60
322.5 27
322.6 41
322.7 53
322.7 27
322.8 8
322.9 15
322.9 31
323.0 36
323.1 67
323.1 109
323.2 177
323.3 109
323.3 27
323.4 0
323.5 27
323.5 55
323.6 56
323.7 10
323.7 2
323.8 0
323.9 0
323.9 0
324.0 0
324.1 0
324.1 21
324.2 106
324.3 96
324.3 65
324.4 96
324.5 77
324.5 53
324.6 18
324.7 1
324.7 0
324.8 0
324.9 0
324.9 3
325.1 22
325.1 56
325.0 70
325.2 22
325.3 14
325.3 3
325.4 0
325.5 0
325.5 0
325.6 0
325.7 0
325.7 0
325.8 4
325.9 19
325.9 34
326.0 12
326.1 2
326.1 28
326.2 243
326.3 251
326.3 107
326.4 16
326.5 29
326.5 67
326.6 49
326.7 12
326.7 1
326.8 0
326.9 7
326.9 57
327.0 121
327.1 107
327.1 82
327.2 124
327.3 61
327.3 23
327.4 7
327.5 2
327.5 0
327.6 0
327.7 15
327.7 66
327.8 96
327.9 19
327.9 40
328.0 87
328.1 162
328.1 174
328.2 50
328.3 20
328.3 34
328.4 14
328.5 84
328.5 79
328.6 75
328.7 108
328.7 98
328.8 90
328.9 43
328.9 32
329.0 43
329.1 14
329.1 1
329.2 0
329.3 0
329.3 0
329.4 0
329.5 0
329.5 0
329.6 0
329.7 0
329.7 0
329.8 0
329.9 3
329.9 27
330.0 70
330.1 52
330.1 49
330.2 26
330.3 5
330.3 0
330.4 0
330.5 0
330.5 0
330.6 0
330.7 0
330.7 0
330.8 8
330.9 101
330.9 79
331.0 45
331.1 65
331.1 88
331.2 68
331.3 32
331.3 46
331.4 47
331.5 39
331.5 42
331.6 98
331.7 49
331.7 51
331.8 34
331.9 10
331.9 6
332.0 21
332.1 32
332.1 4
332.2 0
332.3 0
332.3 0
332.4 0
332.5 0
332.5 0
332.6 0
332.7 0
332.7 0
332.8 0
332.9 12
332.9 27
333.0 11
333.1 3
333.1 0
333.2 7
333.3 35
333.3 51
333.4 6
333.5 2
333.5 0
333.6 3
333.7 17
333.7 20
333.8 6
333.9 0
333.9 0
334.0 0
334.1 0
334.1 0
334.2 0
334.3 0
334.3 0
334.4 0
334.5 0
334.5 16
334.6 43
334.7 58
334.7 33
334.8 7
334.9 0
334.9 0
335.0 0
335.1 0
335.1 0
335.2 0
335.3 0
335.3 0
335.4 3
335.5 25
335.5 67
335.6 70
335.7 29
335.7 1
335.8 0
335.9 0
335.9 0
336.0 0
336.1 0
336.1 0
336.2 0
336.3 0
336.3 0
336.4 0
336.5 3
336.5 52
336.6 72
336.7 31
336.7 7
336.8 21
336.9 51
336.9 52
337.0 103
337.1 163
337.1 191
337.2 154
337.3 18
337.3 41
337.4 135
337.5 140
337.5 2
337.6 0
337.7 3
337.7 15
337.8 46
337.9 66
337.9 50
338.0 31
338.1 27
338.1 1
338.2 0
338.3 0
338.3 0
338.4 0
338.5 0
338.5 7
338.6 20
338.7 24
338.7 55
338.8 36
338.9 28
338.9 24
339.0 3
339.1 100
339.1 121
339.2 53
339.3 9
339.3 2
339.4 0
339.5 0
339.5 0
339.6 0
339.7 0
339.7 0
339.8 0
339.9 0
339.9 28
340.0 75
340.1 63
340.1 3
340.2 16
340.3 40
340.3 30
340.4 21
340.5 29
340.5 82
340.6 38
340.7 9
340.7 1
340.8 0
340.9 0
340.9 0
341.0 0
341.1 0
341.1 0
341.2 0
341.3 0
341.3 0
341.4 0
341.5 0
341.5 0
341.6 0
341.7 0
341.7 0
341.8 0
341.9 0
341.9 0
342.0 0
342.1 0
342.1 0
342.2 0
342.3 0
342.3 0
342.4 0
342.5 0
342.5 7
342.6 29
342.7 67
342.7 98
342.8 42
342.9 13
342.9 5
343.0 43
343.1 39
343.1 14
343.2 2
343.3 1
343.3 12
343.4 26
343.5 19
343.5 2
343.6 3
343.7 11
343.7 17
343.8 12
343.9 3
343.9 0
344.0 0
344.1 14
344.1 19
344.2 9
344.3 0
344.3 0
344.4 0
344.5 0
344.5 0
344.6 0
344.7 0
344.7 0
344.8 0
344.9 0
344.9 5
345.0 18
345.1 77
345.1 49
345.2 12
345.3 1
345.3 0
345.4 0
345.5 0
345.5 0
345.6 18
345.7 52
345.7 18
345.8 3
345.9 1
345.9 0
346.0 0
346.1 0
346.1 0
346.2 0
346.3 0
346.3 0
346.4 0
346.5 0
346.5 0
346.6 9
346.7 20
346.7 13
346.8 0
346.9 0
346.9 20
347.0 75
347.1 281
347.1 492
347.2 453
347.3 261
347.3 105
347.4 8
347.5 1
347.5 0
347.6 0
347.7 0
347.7 0
347.8 0
347.9 0
347.9 0
348.0 0
348.1 99
348.1 238
348.2 110
348.3 41
348.3 39
348.4 80
348.5 82
348.5 58
348.6 92
348.7 102
348.7 46
348.8 7
348.9 16
348.9 47
349.0 158
349.1 210
349.1 231
349.2 194
349.3 94
349.3 50
349.4 12
349.5 0
349.5 3
349.6 11
349.7 20
349.7 47
349.8 116
349.9 66
349.9 116
350.0 236
350.1 213
350.1 276
350.2 362
350.3 486
350.3 222
350.4 71
350.5 130
350.5 280
350.6 182
350.7 56
350.7 7
350.8 1
350.9 0
350.9 0
351.0 0
351.1 3
351.1 26
351.2 65
351.3 43
351.3 39
351.4 21
351.5 6
351.5 0
351.6 0
351.7 0
351.7 0
351.8 0
351.9 0
351.9 0
352.0 0
352.1 0
352.1 0
352.2 27
352.3 74
352.3 66
352.4 22
352.5 0
352.5 0
352.6 0
352.7 0
352.7 3
352.8 19
352.9 27
352.9 6
353.0 21
353.1 46
353.1 81
353.2 126
353.3 123
353.3 53
353.4 11
353.5 3
353.5 0
353.6 0
353.7 2
353.7 43
353.8 30
353.9 8
353.9 1
354.0 15
354.1 32
354.1 31
354.2 20
354.3 11
354.3 26
354.4 30
354.5 5
354.5 0
354.6 0
354.7 0
354.7 0
354.8 0
354.9 3
354.9 25
355.0 56
355.1 17
355.1 2
355.2 0
355.3 0
355.3 0
355.4 0
355.5 0
355.5 0
355.6 0
355.7 0
355.7 0
355.8 0
355.9 0
355.9 0
356.0 0
356.1 0
356.1 0
356.2 0
356.3 0
356.3 0
356.4 0
356.5 0
356.5 0
356.6 0
356.7 0
356.7 0
356.8 0
356.9 0
356.9 8
357.0 29
357.1 49
357.1 86
357.2 42
357.3 10
357.3 50
357.4 44
357.5 16
357.5 5
357.6 12
357.7 22
357.7 22
357.8 10
357.9 0
357.9 0
358.0 0
358.1 0
358.1 0
358.2 0
358.3 0
358.3 0
358.4 0
358.5 0
358.5 0
358.6 0
358.7 0
358.7 0
358.8 0
358.9 0
358.9 0
359.0 6
359.1 111
359.1 116
359.2 103
359.3 46
359.3 37
359.4 27
359.5 8
359.5 0
359.6 0
359.7 0
359.7 0
359.8 0
359.9 0
359.9 0
360.0 0
360.1 0
360.1 0
360.2 0
360.3 0
360.3 0
360.4 0
360.5 0
360.5 0
360.6 0
360.7 0
360.7 0
360.8 0
360.9 0
360.9 0
361.0 0
361.1 0
361.1 0
361.2 0
361.3 0
361.3 0
361.4 0
361.5 0
361.5 0
361.6 0
361.7 0
361.7 0
361.8 0
361.9 0
361.9 0
362.0 0
362.1 0
362.1 9
362.2 20
362.3 4
362.3 1
362.4 0
362.5 0
362.5 0
362.6 0
362.7 0
362.7 0
362.8 0
362.9 5
362.9 22
363.0 33
363.1 23
363.1 26
363.2 36
363.3 22
363.3 0
363.4 0
363.5 0
363.5 0
363.6 0
363.7 0
363.7 0
363.8 0
363.9 27
363.9 97
364.0 149
364.1 143
364.1 31
364.2 5
364.3 1
364.3 0
364.4 0
364.5 0
364.5 0
364.6 0
364.7 32
364.7 125
364.8 174
364.9 103
364.9 130
365.0 153
365.1 161
365.1 193
365.2 226
365.3 190
365.3 127
365.4 196
365.5 165
365.5 126
365.6 22
365.7 36
365.7 81
365.8 136
365.9 94
365.9 18
366.0 6
366.1 51
366.1 90
366.2 36
366.3 7
366.3 3
366.4 1
366.5 0
366.5 25
366.6 19
366.7 6
366.7 1
366.8 0
366.9 0
366.9 0
367.0 0
367.1 69
367.1 71
367.2 29
367.3 5
367.3 2
367.4 0
367.5 0
367.5 0
367.6 0
367.7 0
367.7 0
367.8 0
367.9 0
367.9 0
368.0 0
368.1 4
368.1 17
368.2 21
368.3 22
368.3 7
368.4 10
368.5 66
368.5 179
368.6 82
368.7 13
368.7 0
368.8 0
368.9 1
368.9 0
369.0 21
369.1 53
369.1 13
369.2 1
369.3 0
369.3 0
369.4 0
369.5 0
369.5 0
369.6 0
369.7 0
369.7 0
369.8 0
369.9 4
369.9 1
370.0 17
370.1 111
370.1 161
370.2 11
370.3 3
370.3 14
370.4 45
370.5 69
370.5 42
370.6 0
370.7 0
370.7 0
370.8 1
370.9 25
370.9 64
371.0 59
371.1 23
371.1 6
371.2 2
371.3 85
371.3 135
371.4 102
371.5 26
371.5 74
371.6 104
371.7 62
371.7 27
371.8 27
371.9 46
371.9 174
372.0 243
372.1 259
372.1 416
372.2 605
372.3 435
372.3 312
372.4 252
372.5 174
372.5 44
372.6 18
372.7 6
372.7 47
372.8 70
372.9 64
372.9 19
373.0 4
373.1 0
373.1 0
373.2 0
373.3 0
373.3 0
373.4 0
373.5 0
373.5 0
373.6 0
373.7 0
373.7 0
373.8 0
373.9 15
373.9 48
374.0 51
374.1 4
374.1 1
374.2 0
374.3 0
374.3 0
374.4 3
374.5 46
374.5 69
374.6 42
374.7 9
374.7 12
374.8 30
374.9 26
374.9 9
375.0 14
375.1 44
375.1 97
375.2 118
375.3 71
375.3 0
375.4 0
375.5 0
375.5 0
375.6 0
375.7 0
375.7 0
375.8 0
375.9 0
375.9 37
376.0 37
376.1 15
376.1 4
376.2 2
376.3 0
376.3 0
376.4 0
376.5 0
376.5 0
376.6 3
376.7 22
376.7 37
376.8 22
376.9 3
376.9 0
377.0 0
377.1 0
377.1 3
377.2 70
377.3 63
377.3 23
377.4 3
377.5 1
377.5 0
377.6 0
377.7 0
377.7 0
377.8 4
377.9 18
377.9 31
378.0 110
378.1 144
378.1 115
378.2 57
378.3 17
378.3 0
378.4 0
378.5 0
378.5 0
378.6 0
378.7 0
378.7 0
378.8 0
378.9 13
378.9 33
379.0 28
379.1 33
379.1 25
379.2 28
379.3 62
379.3 54
379.4 17
379.5 0
379.5 0
379.6 0
379.7 0
379.7 0
379.8 0
379.9 0
379.9 0
380.0 1
380.1 20
380.1 63
380.2 121
380.3 152
380.3 101
380.4 15
380.5 6
380.5 18
380.6 34
380.7 38
380.7 37
380.8 86
380.9 93
380.9 73
381.0 1
381.1 29
381.1 118
381.2 213
381.3 107
381.3 41
381.4 2
381.5 0
381.5 0
381.6 0
381.7 0
381.7 0
381.8 0
381.9 6
381.9 24
382.0 52
382.1 81
382.1 66
382.2 4
382.3 7
382.3 18
382.4 5
382.5 1
382.5 0
382.6 0
382.7 0
382.7 0
382.8 0
382.9 0
382.9 0
383.0 19
383.1 74
383.1 108
383.2 108
383.3 86
383.3 9
383.4 2
383.5 0
383.5 0
383.6 0
383.7 0
383.7 0
383.8 0
383.9 0
383.9 0
384.0 0
384.1 0
384.1 0
384.2 0
384.3 0
384.3 24
384.4 34
384.5 20
384.5 2
384.6 18
384.7 67
384.7 144
384.8 75
384.9 11
384.9 0
385.0 3
385.1 14
385.1 35
385.2 21
385.3 15
385.3 54
385.4 52
385.5 20
385.5 22
385.6 7
385.7 1
385.7 0
385.8 0
385.9 0
385.9 0
386.0 3
386.1 14
386.1 34
386.2 22
386.3 5
386.3 1
386.4 0
386.5 0
386.5 0
386.6 0
386.7 0
386.7 0
386.8 11
386.9 33
386.9 16
387.0 78
387.1 151
387.1 112
387.2 30
387.3 1
387.3 0
387.4 0
387.5 0
387.5 0
387.6 0
387.7 0
387.7 0
387.8 0
387.9 0
387.9 0
388.0 0
388.1 0
388.1 0
388.2 0
388.3 0
388.3 0
388.4 0
388.5 0
388.5 0
388.6 0
388.7 0
388.7 0
388.8 0
388.9 0
388.9 24
389.0 79
389.1 116
389.1 69
389.2 10
389.3 10
389.3 24
389.4 4
389.5 0
389.5 0
389.6 0
389.7 0
389.7 0
389.8 0
389.9 0
389.9 0
390.0 31
390.1 28
390.1 8
390.2 0
390.3 0
390.3 0
390.4 0
390.5 0
390.5 6
390.6 36
390.7 53
390.7 8
390.8 2
390.9 5
390.9 61
391.0 104
391.1 130
391.1 91
391.2 75
391.3 171
391.3 131
391.4 73
391.5 24
391.5 5
391.6 0
391.7 0
391.7 0
391.8 0
391.9 0
391.9 0
392.0 0
392.1 0
392.1 0
392.2 0
392.3 0
392.3 0
392.4 3
392.5 26
392.5 50
392.6 37
392.7 9
392.7 0
392.8 0
392.9 3
392.9 66
393.0 152
393.1 121
393.1 0
393.2 13
393.3 95
393.3 105
393.4 177
393.5 85
393.5 36
393.6 16
393.7 5
393.7 0
393.8 1
393.9 14
393.9 67
394.0 109
394.1 173
394.1 277
394.2 275
394.3 191
394.3 89
394.4 22
394.5 0
394.5 0
394.6 0
394.7 0
394.7 0
394.8 0
394.9 0
394.9 4
395.0 19
395.1 34
395.1 25
395.2 0
395.3 0
395.3 0
395.4 0
395.5 0
395.5 0
395.6 0
395.7 0
395.7 0
395.8 0
395.9 0
395.9 0
396.0 0
396.1 0
396.1 0
396.2 0
396.3 0
396.3 0
396.4 0
396.5 0
396.5 0
396.6 7
396.7 19
396.7 16
396.8 0
396.9 0
396.9 0
397.0 0
397.1 0
397.1 0
397.2 0
397.3 0
397.3 0
397.4 7
397.5 20
397.5 3
397.6 1
397.7 0
397.7 0
397.8 0
397.9 0
397.9 0
398.0 0
398.1 0
398.1 0
398.2 15
398.3 26
398.3 25
398.4 12
398.5 4
398.5 0
398.6 0
398.7 0
398.7 0
398.8 0
398.9 0
398.9 0
399.0 0
399.1 0
399.1 8
399.2 15
399.3 2
399.3 0
399.4 0
399.5 0
399.5 0
399.6 0
399.7 0
399.7 0
399.8 0
399.9 0
399.9 3
400.0 45
400.1 40
400.1 39
400.2 145
400.3 250
400.3 207
400.4 82
400.5 11
400.5 0
400.6 0
400.7 0
400.7 0
400.8 0
400.9 0
400.9 7
401.0 25
401.1 21
401.1 9
401.2 16
401.3 15
401.3 36
401.4 83
401.5 86
401.5 12
401.6 2
401.7 0
401.7 0
401.8 0
401.9 0
401.9 0
402.0 0
402.1 0
402.1 0
402.2 14
402.3 13
402.3 11
402.4 47
402.5 78
402.5 48
402.6 17
402.7 37
402.7 57
402.8 33
402.9 6
402.9 2
403.0 0
403.1 0
403.1 0
403.2 0
403.3 0
403.3 0
403.4 0
403.5 0
403.5 0
403.6 0
403.7 0
403.7 0
403.8 0
403.9 0
403.9 0
404.0 3
404.1 27
404.1 35
404.2 25
404.3 74
404.3 106
404.4 63
404.5 14
404.5 1
404.6 0
404.7 0
404.7 0
404.8 0
404.9 2
404.9 17
405.0 32
405.1 22
405.1 0
405.2 0
405.3 0
405.3 0
405.4 0
405.5 0
405.5 0
405.6 0
405.7 8
405.7 22
405.8 18
405.9 4
405.9 0
406.0 21
406.1 30
406.1 14
406.2 2
406.3 0
406.3 0
406.4 0
406.5 42
406.5 86
406.6 43
406.7 7
406.7 1
406.8 1
406.9 21
406.9 86
407.0 72
407.1 16
407.1 10
407.2 16
407.3 20
407.3 40
407.4 51
407.5 16
407.5 34
407.6 44
407.7 34
407.7 34
407.8 33
407.9 30
407.9 40
408.0 7
408.1 0
408.1 0
408.2 0
408.3 0
408.3 0
408.4 0
408.5 0
408.5 0
408.6 0
408.7 4
408.7 126
408.8 173
408.9 239
408.9 221
409.0 156
409.1 153
409.1 251
409.2 386
409.3 360
409.3 217
409.4 136
409.5 75
409.5 70
409.6 143
409.7 94
409.7 23
409.8 31
409.9 64
409.9 65
410.0 141
410.1 158
410.1 111
410.2 56
410.3 61
410.3 104
410.4 75
410.5 26
410.5 4
410.6 1
410.7 0
410.7 0
410.8 0
410.9 0
410.9 0
411.0 0
411.1 9
411.1 27
411.2 69
411.3 136
411.3 168
411.4 101
411.5 33
411.5 1
411.6 0
411.7 0
411.7 32
411.8 90
411.9 73
411.9 21
412.0 0
412.1 6
412.1 11
412.2 3
412.3 10
412.3 27
412.4 11
412.5 26
412.5 59
412.6 47
412.7 0
412.7 0
412.8 12
412.9 45
412.9 71
413.0 63
413.1 18
413.1 2
413.2 0
413.3 0
413.3 0
413.4 0
413.5 0
413.5 0
413.6 0
413.7 0
413.7 21
413.8 68
413.9 83
413.9 46
414.0 2
414.1 32
414.1 32
414.2 11
414.3 0
414.3 0
414.4 0
414.5 0
414.5 0
414.6 0
414.7 0
414.7 0
414.8 0
414.9 0
414.9 10
415.0 49
415.1 67
415.1 39
415.2 112
415.3 61
415.3 12
415.4 2
415.5 0
415.5 0
415.6 0
415.7 0
415.7 0
415.8 0
415.9 0
415.9 2
416.0 33
416.1 90
416.1 74
416.2 51
416.3 105
416.3 88
416.4 32
416.5 5
416.5 2
416.6 104
416.7 125
416.7 57
416.8 8
416.9 1
416.9 0
417.0 0
417.1 0
417.1 4
417.2 30
417.3 59
417.3 45
417.4 11
417.5 0
417.5 0
417.6 0
417.7 0
417.7 0
417.8 0
417.9 0
417.9 0
418.0 0
418.1 0
418.1 0
418.2 0
418.3 0
418.3 0
418.4 0
418.5 0
418.5 0
418.6 0
418.7 0
418.7 0
418.8 0
418.9 13
418.9 12
419.0 34
419.1 80
419.1 108
419.2 134
419.3 114
419.3 128
419.4 104
419.5 47
419.5 13
419.6 22
419.7 27
419.7 4
419.8 2
419.9 0
419.9 0
420.0 1
420.1 31
420.1 93
420.2 37
420.3 5
420.3 1
420.4 1
420.5 11
420.5 25
420.6 5
420.7 0
420.7 0
420.8 0
420.9 0
420.9 0
421.0 0
421.1 0
421.1 0
421.2 23
421.3 62
421.3 56
421.4 17
421.5 0
421.5 0
421.6 0
421.7 0
421.7 0
421.8 0
421.9 0
421.9 0
422.0 0
422.1 0
422.1 0
422.2 0
422.3 0
422.3 0
422.4 0
422.5 0
422.5 0
422.6 0
422.7 11
422.7 47
422.8 67
422.9 11
422.9 15
423.0 20
423.1 22
423.1 19
423.2 52
423.3 102
423.3 79
423.4 0
423.5 9
423.5 44
423.6 20
423.7 7
423.7 74
423.8 58
423.9 15
423.9 19
424.0 58
424.1 55
424.1 6
424.2 29
424.3 12
424.3 1
424.4 0
424.5 0
424.5 0
424.6 0
424.7 0
424.7 9
424.8 52
424.9 97
424.9 55
425.0 27
425.1 80
425.1 97
425.2 47
425.3 1
425.3 12
425.4 7
425.5 1
425.5 1
425.6 0
425.7 0
425.7 0
425.8 0
425.9 0
425.9 0
426.0 0
426.1 0
426.1 0
426.2 0
426.3 0
426.3 4
426.4 15
426.5 41
426.5 32
426.6 7
426.7 1
426.7 11
426.8 29
426.9 7
426.9 0
427.0 0
427.1 0
427.1 0
427.2 0
427.3 0
427.3 0
427.4 0
427.5 13
427.5 54
427.6 69
427.7 6
427.7 1
427.8 11
427.9 55
427.9 93
428.0 76
428.1 44
428.1 85
428.2 141
428.3 140
428.3 78
428.4 22
428.5 5
428.5 2
428.6 0
428.7 0
428.7 0
428.8 0
428.9 7
428.9 53
429.0 90
429.1 83
429.1 31
429.2 15
429.3 47
429.3 50
429.4 21
429.5 4
429.5 3
429.6 35
429.7 13
429.7 0
429.8 0
429.9 0
429.9 0
430.0 0
430.1 0
430.1 0
430.2 0
430.3 0
430.3 0
430.4 0
430.5 0
430.5 23
430.6 72
430.7 75
430.7 27
430.8 2
430.9 0
430.9 0
431.0 0
431.1 0
431.1 0
431.2 7
431.3 30
431.3 30
431.4 30
431.5 28
431.5 3
431.6 2
431.7 16
431.7 66
431.8 108
431.9 42
431.9 10
432.0 1
432.1 0
432.1 13
432.2 36
432.3 48
432.3 60
432.4 66
432.5 40
432.5 2
432.6 0
432.7 0
432.7 0
432.8 0
432.9 0
432.9 0
433.0 0
433.1 0
433.1 18
433.2 54
433.3 61
433.3 3
433.4 0
433.5 0
433.5 0
433.6 0
433.7 0
433.7 0
433.8 0
433.9 0
433.9 0
434.0 0
434.1 0
434.1 0
434.2 0
434.3 0
434.3 0
434.4 0
434.5 0
434.5 1
434.6 10
434.7 37
434.7 49
434.8 28
434.9 60
434.9 76
435.0 87
435.1 131
435.1 188
435.2 169
435.3 78
435.3 37
435.4 77
435.5 100
435.5 43
435.6 9
435.7 3
435.7 0
435.8 0
435.9 0
435.9 0
436.0 15
436.1 61
436.1 83
436.2 57
436.3 58
436.3 74
436.4 49
436.5 0
436.5 0
436.6 0
436.7 0
436.7 0
436.8 17
436.9 86
436.9 138
437.0 201
437.1 176
437.1 54
437.2 110
437.3 240
437.3 226
437.4 155
437.5 140
437.5 91
437.6 77
437.7 30
437.7 9
437.8 3
437.9 0
437.9 0
438.0 0
438.1 7
438.1 32
438.2 133
438.3 271
438.3 322
438.4 199
438.5 37
438.5 18
438.6 33
438.7 24
438.7 6
438.8 0
438.9 0
438.9 0
439.0 0
439.1 0
439.1 0
439.2 8
439.3 26
439.3 78
439.4 118
439.5 25
439.5 0
439.6 0
439.7 0
439.7 0
439.8 0
439.9 0
439.9 14
440.0 21
440.1 4
440.1 1
440.2 0
440.3 0
440.3 0
440.4 0
440.5 0
440.5 0
440.6 0
440.7 0
440.7 0
440.8 0
440.9 0
440.9 0
441.0 0
441.1 0
441.1 0
441.2 0
441.3 0
441.3 0
441.4 0
441.5 0
441.5 0
441.6 0
441.7 0
441.7 0
441.8 20
441.9 50
441.9 9
442.0 1
442.1 0
442.1 0
442.2 0
442.3 0
442.3 0
442.4 0
442.5 0
442.5 0
442.6 0
442.7 0
442.7 1
442.8 10
442.9 28
442.9 18
443.0 25
443.1 33
443.1 24
443.2 16
443.3 13
443.3 2
443.4 0
443.5 6
443.5 19
443.6 16
443.7 1
443.7 0
443.8 0
443.9 0
443.9 0
444.0 0
444.1 0
444.1 0
444.2 0
444.3 0
444.3 0
444.4 0
444.5 0
444.5 0
444.6 0
444.7 0
444.7 0
444.8 0
444.9 0
444.9 0
445.0 0
445.1 0
445.1 0
445.2 0
445.3 0
445.3 31
445.4 31
445.5 12
445.5 5
445.6 27
445.7 51
445.7 35
445.8 0
445.9 0
445.9 0
446.0 6
446.1 36
446.1 72
446.2 54
446.3 14
446.3 0
446.4 0
446.5 0
446.5 0
446.6 0
446.7 0
446.7 0
446.8 0
446.9 0
446.9 0
447.0 3
447.1 21
447.1 74
447.2 176
447.3 184
447.3 21
447.4 1
447.5 0
447.5 0
447.6 0
447.7 0
447.7 0
447.8 0
447.9 0
447.9 0
448.0 45
448.1 41
448.1 13
448.2 1
448.3 0
448.3 6
448.4 30
448.5 42
448.5 6
448.6 1
448.7 0
448.7 0
448.8 6
448.9 24
448.9 32
449.0 16
449.1 2
449.1 0
449.2 10
449.3 43
449.3 29
449.4 6
449.5 0
449.5 0
449.6 0
449.7 0
449.7 0
449.8 0
449.9 0
449.9 0
450.0 0
450.1 0
450.1 8
450.2 10
450.3 12
450.3 32
450.4 37
450.5 35
450.5 39
450.6 11
450.7 0
450.7 0
450.8 0
450.9 0
450.9 0
451.0 0
451.1 3
451.1 14
451.2 26
451.3 27
451.3 18
451.4 17
451.5 5
451.5 0
451.6 0
451.7 0
451.7 0
451.8 0
451.9 0
451.9 0
452.0 7
452.1 31
452.1 42
452.2 23
452.3 9
452.3 33
452.4 65
452.5 135
452.5 177
452.6 139
452.7 40
452.7 18
452.8 42
452.9 83
452.9 177
453.0 227
453.1 202
453.1 175
453.2 238
453.3 275
453.3 179
453.4 78
453.5 40
453.5 8
453.6 0
453.7 0
453.7 0
453.8 0
453.9 15
453.9 41
454.0 40
454.1 0
454.1 0
454.2 0
454.3 0
454.3 0
454.4 0
454.5 0
454.5 0
454.6 0
454.7 0
454.7 0
454.8 0
454.9 0
454.9 0
455.0 0
455.1 0
455.1 7
455.2 19
455.3 14
455.3 4
455.4 1
455.5 0
455.5 0
455.6 0
455.7 0
455.7 0
455.8 0
455.9 0
455.9 0
456.0 0
456.1 0
456.1 38
456.2 43
456.3 31
456.3 24
456.4 19
456.5 3
456.5 4
456.6 18
456.7 74
456.7 74
456.8 32
456.9 4
456.9 0
457.0 0
457.1 3
457.1 37
457.2 87
457.3 44
457.3 37
457.4 20
457.5 5
457.5 0
457.6 0
457.7 0
457.7 0
457.8 0
457.9 0
457.9 0
458.0 0
458.1 6
458.1 41
458.2 88
458.3 51
458.3 3
458.4 0
458.5 0
458.5 0
458.6 0
458.7 0
458.7 0
458.8 0
458.9 0
458.9 0
459.0 0
459.1 41
459.1 75
459.2 77
459.3 80
459.3 50
459.4 88
459.5 126
459.5 61
459.6 31
459.7 2
459.7 10
459.8 6
459.9 47
459.9 197
460.1 242
460.1 14
460.1 14
460.2 38
460.3 41
460.3 43
460.4 28
460.5 24
460.5 34
460.6 28
460.7 57
460.0 118
460.8 102
460.9 24
460.9 9
461.0 4
461.1 14
461.1 39
461.2 87
461.3 23
461.3 5
461.4 2
461.5 13
461.5 36
461.6 30
461.7 8
461.7 0
461.8 0
461.9 0
461.9 0
462.0 0
462.1 0
462.1 25
462.2 67
462.3 67
462.3 26
462.4 3
462.5 0
462.5 0
462.6 0
462.7 1
462.7 19
462.8 47
462.9 126
462.9 105
463.0 155
463.1 256
463.1 308
463.2 272
463.3 297
463.3 373
463.4 451
463.5 470
463.5 316
463.6 172
463.7 32
463.7 29
463.8 46
463.9 145
463.9 241
464.0 80
464.1 31
464.1 17
464.2 29
464.3 69
464.3 109
464.4 205
464.5 234
464.5 136
464.6 49
464.7 109
464.7 137
464.8 76
464.9 4
464.9 6
465.0 36
465.1 98
465.1 157
465.2 69
465.3 40
465.3 43
465.4 13
465.5 1
465.5 0
465.6 0
465.7 0
465.7 0
465.8 0
465.9 0
465.9 0
466.0 0
466.1 0
466.1 0
466.2 0
466.3 0
466.3 0
466.4 0
466.5 0
466.5 6
466.6 5
466.7 118
466.7 125
466.8 47
466.9 6
466.9 2
467.0 30
467.1 77
467.1 103
467.2 121
467.3 103
467.3 30
467.4 1
467.5 1
467.5 22
467.6 55
467.7 65
467.7 60
467.8 25
467.9 2
467.9 12
468.0 34
468.1 33
468.1 0
468.2 28
468.3 40
468.3 21
468.4 3
468.5 0
468.5 0
468.6 0
468.7 0
468.7 0
468.8 0
468.9 0
468.9 0
469.0 0
469.1 0
469.1 12
469.2 33
469.3 22
469.3 36
469.4 67
469.5 73
469.5 96
469.6 37
469.7 8
469.7 13
469.8 52
469.9 51
469.9 25
470.0 1
470.1 0
470.1 0
470.2 0
470.3 0
470.3 0
470.4 0
470.5 0
470.5 0
470.6 0
470.7 1
470.7 65
470.8 89
470.9 48
470.9 9
471.0 1
471.1 0
471.1 13
471.2 38
471.3 32
471.3 0
471.4 15
471.5 12
471.5 3
471.6 0
471.7 0
471.7 0
471.8 0
471.9 0
471.9 0
472.0 0
472.1 10
472.1 8
472.2 3
472.3 1
472.3 0
472.4 0
472.5 0
472.5 1
472.6 37
472.7 100
472.7 94
472.8 4
472.9 18
472.9 37
473.0 34
473.1 33
473.1 16
473.2 0
473.3 0
473.3 0
473.4 0
473.5 0
473.5 0
473.6 0
473.7 3
473.7 18
473.8 7
473.9 10
473.9 25
474.0 6
474.1 0
474.1 22
474.2 149
474.3 195
474.3 146
474.4 138
474.5 71
474.5 64
474.6 129
474.7 35
474.7 2
474.8 0
474.9 0
474.9 4
475.0 19
475.1 23
475.1 9
475.2 0
475.3 0
475.3 0
475.4 0
475.5 0
475.5 0
475.6 0
475.7 0
475.7 0
475.8 0
475.9 0
475.9 0
476.0 0
476.1 0
476.1 0
476.2 0
476.3 0
476.3 0
476.4 4
476.5 24
476.5 15
476.6 5
476.7 17
476.7 40
476.8 7
476.9 0
476.9 0
477.0 0
477.1 16
477.1 21
477.2 31
477.3 40
477.3 64
477.4 16
477.5 0
477.5 21
477.6 22
477.7 15
477.7 59
477.8 117
477.9 92
477.9 109
478.0 122
478.1 49
478.1 14
478.2 5
478.3 1
478.3 0
478.4 0
478.5 0
478.5 12
478.6 70
478.7 76
478.7 69
478.8 158
478.9 144
478.9 76
479.0 104
479.1 218
479.1 265
479.2 110
479.3 48
479.3 59
479.4 35
479.5 16
479.5 32
479.6 42
479.7 4
479.7 0
479.8 10
479.9 53
479.9 28
480.0 7
480.1 35
480.1 85
480.2 70
480.3 20
480.3 0
480.4 0
480.5 0
480.5 0
480.6 0
480.7 0
480.7 1
480.8 16
480.9 70
480.9 106
481.0 112
481.1 115
481.1 89
481.2 85
481.3 110
481.3 78
481.4 80
481.5 119
481.5 64
481.6 2
481.7 1
481.7 0
481.8 0
481.9 34
481.9 113
482.0 43
482.1 59
482.1 180
482.2 197
482.3 80
482.3 41
482.4 81
482.5 75
482.5 27
482.6 12
482.7 18
482.7 9
482.8 0
482.9 0
482.9 15
483.0 34
483.1 60
483.1 18
483.2 3
483.3 1
483.3 0
483.4 34
483.5 66
483.5 17
483.6 0
483.7 0
483.7 7
483.8 17
483.9 2
483.9 0
484.0 0
484.1 0
484.1 0
484.2 0
484.3 0
484.3 0
484.4 0
484.5 0
484.5 0
484.6 5
484.7 20
484.7 10
484.8 19
484.9 26
484.9 16
485.0 4
485.1 0
485.1 0
485.2 0
485.3 0
485.3 0
485.4 0
485.5 0
485.5 0
485.6 0
485.7 14
485.7 83
485.8 87
485.9 51
485.9 16
486.0 22
486.1 54
486.1 14
486.2 1
486.3 0
486.3 0
486.4 0
486.5 0
486.5 0
486.6 0
486.7 0
486.7 0
486.8 1
486.9 31
486.9 37
487.0 74
487.1 166
487.1 190
487.2 124
487.3 83
487.3 30
487.4 25
487.5 6
487.5 1
487.6 0
487.7 0
487.7 0
487.8 0
487.9 0
487.9 0
488.0 0
488.1 0
488.1 0
488.2 0
488.3 34
488.3 117
488.4 146
488.5 52
488.5 1
488.6 14
488.7 43
488.7 40
488.8 0
488.9 0
488.9 0
489.0 3
489.1 22
489.1 12
489.2 1
489.3 54
489.3 71
489.4 53
489.5 37
489.5 12
489.6 1
489.7 0
489.7 0
489.8 0
489.9 0
489.9 0
490.0 0
490.1 0
490.1 6
490.2 17
490.3 17
490.3 5
490.4 0
490.5 27
490.5 18
490.6 3
490.7 0
490.7 0
490.8 19
490.9 53
490.9 45
491.0 14
491.1 33
491.1 108
491.2 152
491.3 123
491.3 111
491.4 9
491.5 2
491.5 0
491.6 0
491.7 0
491.7 0
491.8 0
491.9 3
491.9 22
492.0 10
492.1 31
492.1 74
492.2 90
492.3 63
492.3 25
492.4 6
492.5 0
492.5 1
492.6 17
492.7 48
492.7 79
492.8 27
492.9 9
492.9 23
493.0 18
493.1 3
493.1 0
493.2 0
493.3 0
493.3 0
493.4 0
493.5 17
493.5 37
493.6 32
493.7 22
493.7 0
493.8 4
493.9 36
493.9 26
494.0 40
494.1 114
494.1 85
494.2 35
494.3 5
494.3 0
494.4 14
494.5 37
494.5 28
494.6 7
494.7 0
494.7 27
494.8 137
494.9 136
494.9 102
495.0 128
495.1 149
495.1 102
495.2 72
495.3 45
495.3 15
495.4 82
495.5 196
495.5 110
495.6 34
495.7 1
495.7 0
495.8 0
495.9 0
495.9 0
496.0 20
496.1 71
496.1 45
496.2 46
496.3 116
496.3 173
496.4 132
496.5 111
496.5 75
496.6 19
496.7 55
496.7 42
496.8 53
496.9 152
496.9 273
497.0 172
497.1 97
497.1 129
497.2 234
497.3 300
497.3 167
497.4 96
497.5 89
497.5 91
497.6 86
497.7 111
497.7 95
497.8 42
497.9 3
497.9 10
498.0 28
498.1 23
498.1 4
498.2 0
498.3 30
498.3 23
498.4 8
498.5 2
498.5 0
498.6 0
498.7 0
498.7 0
498.8 0
498.9 18
498.9 47
499.0 18
499.1 2
499.1 0
499.2 0
499.3 0
499.3 0
499.4 0
499.5 0
499.5 0
499.6 0
499.7 0
499.7 0
499.8 0
499.9 0
499.9 1
500.0 10
500.1 9
500.1 3
500.2 2
500.3 0
500.3 0
500.4 0
500.5 0
500.5 12
500.6 28
500.7 22
500.7 36
500.8 110
500.9 160
500.9 56
501.0 5
501.1 24
501.1 36
501.2 57
501.3 52
501.3 16
501.4 3
501.5 1
501.5 0
501.6 0
501.7 0
501.7 11
501.8 64
501.9 92
501.9 17
502.0 0
502.1 6
502.1 53
502.2 135
502.3 133
502.3 27
502.4 40
502.5 32
502.5 8
502.6 0
502.7 0
502.7 15
502.8 14
502.9 48
502.9 127
503.0 116
503.1 40
503.1 53
503.2 152
503.3 117
503.3 44
503.4 8
503.5 0
503.5 0
503.6 0
503.7 0
503.7 0
503.8 0
503.9 0
503.9 3
504.0 17
504.1 234
504.1 332
504.2 265
504.3 93
504.3 17
504.4 4
504.5 1
504.5 16
504.6 38
504.7 10
504.7 0
504.8 0
504.9 0
504.9 7
505.0 37
505.1 174
505.1 360
505.2 313
505.3 144
505.3 97
505.4 106
505.5 71
505.5 18
505.6 0
505.7 0
505.7 0
505.8 0
505.9 0
505.9 0
506.0 37
506.1 127
506.1 144
506.2 19
506.3 31
506.3 39
506.4 27
506.5 37
506.5 39
506.6 38
506.7 29
506.7 96
506.8 135
506.9 153
506.9 149
507.0 144
507.1 182
507.1 276
507.2 278
507.3 422
507.3 622
507.4 711
507.5 636
507.5 408
507.6 408
507.7 273
507.7 226
507.8 152
507.9 87
507.9 83
508.0 77
508.1 70
508.1 96
508.2 207
508.3 338
508.3 422
508.4 245
508.5 84
508.5 44
508.6 39
508.7 19
508.7 5
508.8 1
508.9 10
508.9 39
509.0 63
509.1 81
509.1 43
509.2 9
509.3 14
509.3 65
509.4 69
509.5 33
509.5 29
509.6 61
509.7 19
509.7 3
509.8 0
509.9 33
509.9 40
510.0 68
510.1 67
510.1 52
510.2 53
510.3 76
510.3 29
510.4 6
510.5 0
510.5 0
510.6 0
510.7 0
510.7 0
510.8 0
510.9 5
510.9 13
511.0 4
511.1 20
511.1 54
511.2 55
511.3 23
511.3 5
511.4 0
511.5 0
511.5 0
511.6 0
511.7 0
511.7 0
511.8 0
511.9 0
511.9 0
512.0 0
512.1 0
512.1 1
512.2 39
512.3 88
512.3 66
512.4 0
512.5 0
512.5 0
512.6 0
512.7 0
512.7 0
512.8 0
512.9 0
512.9 0
513.0 0
513.1 8
513.1 24
513.2 24
513.3 4
513.3 1
513.4 22
513.5 65
513.5 69
513.6 31
513.7 7
513.7 0
513.8 0
513.9 0
513.9 47
514.0 58
514.1 30
514.1 7
514.2 2
514.3 0
514.3 0
514.4 0
514.5 0
514.5 0
514.6 0
514.7 0
514.7 0
514.8 0
514.9 18
514.9 52
515.0 67
515.1 47
515.1 79
515.2 46
515.3 8
515.3 0
515.4 0
515.5 0
515.5 0
515.6 0
515.7 0
515.7 0
515.8 0
515.9 0
515.9 0
516.0 0
516.1 2
516.1 13
516.2 135
516.3 171
516.3 66
516.4 6
516.5 19
516.5 94
516.6 136
516.7 68
516.7 11
516.8 0
516.9 6
516.9 58
517.0 132
517.1 78
517.1 12
517.2 12
517.3 8
517.3 24
517.4 40
517.5 25
517.5 1
517.6 0
517.7 0
517.7 0
517.8 0
517.9 12
517.9 36
518.0 34
518.1 13
518.1 5
518.2 2
518.3 13
518.3 23
518.4 15
518.5 0
518.5 0
518.6 0
518.7 0
518.7 17
518.8 70
518.9 53
518.9 11
519.0 32
519.1 50
519.1 105
519.2 72
519.3 54
519.3 30
519.4 6
519.5 0
519.5 0
519.6 0
519.7 0
519.7 0
519.8 0
519.9 21
519.9 50
520.0 47
520.1 44
520.1 92
520.2 152
520.3 142
520.3 139
520.4 108
520.5 69
520.5 63
520.6 84
520.7 99
520.7 11
520.8 0
520.9 6
520.9 23
521.0 49
521.1 56
521.1 28
521.2 2
521.3 28
521.3 101
521.4 136
521.5 85
521.5 22
521.6 2
521.7 0
521.7 0
521.8 0
521.9 0
521.9 3
522.0 14
522.1 47
522.1 51
522.2 21
522.3 5
522.3 17
522.4 12
522.5 51
522.5 120
522.6 105
522.7 36
522.7 5
522.8 0
522.9 0
522.9 12
523.0 33
523.1 28
523.1 85
523.2 207
523.3 126
523.3 74
523.4 44
523.5 30
523.5 0
523.6 0
523.7 0
523.7 0
523.8 0
523.9 0
523.9 0
524.0 0
524.1 0
524.1 11
524.2 39
524.3 47
524.3 42
524.4 112
524.5 51
524.5 20
524.6 1
524.7 0
524.7 1
524.8 23
524.9 95
524.9 89
525.0 41
525.1 94
525.1 176
525.2 219
525.3 247
525.3 210
525.4 88
525.5 7
525.5 0
525.6 12
525.7 44
525.7 66
525.8 25
525.9 44
525.9 103
526.0 160
526.1 223
526.1 253
526.2 235
526.3 149
526.3 191
526.4 203
526.5 180
526.5 136
526.6 24
526.7 0
526.7 0
526.8 24
526.9 72
526.9 104
527.0 105
527.1 113
527.1 36
527.2 9
527.3 24
527.3 53
527.4 52
527.5 13
527.5 2
527.6 0
527.7 1
527.7 24
527.8 61
527.9 65
527.9 30
528.0 7
528.1 0
528.1 0
528.2 0
528.3 0
528.3 0
528.4 0
528.5 0
528.5 0
528.6 0
528.7 0
528.7 0
528.8 0
528.9 0
528.9 0
529.0 8
529.1 16
529.1 29
529.2 68
529.3 61
529.3 20
529.4 1
529.5 0
529.5 0
529.6 0
529.7 0
529.7 0
529.8 0
529.9 0
529.9 3
530.0 13
530.1 20
530.1 15
530.2 4
530.3 0
530.3 0
530.4 0
530.5 0
530.5 0
530.6 0
530.7 0
530.7 0
530.8 0
530.9 0
530.9 0
531.0 0
531.1 0
531.1 18
531.2 35
531.3 71
531.3 27
531.4 5
531.5 2
531.5 0
531.6 0
531.7 0
531.7 20
531.8 36
531.9 10
531.9 0
532.0 0
532.1 1
532.1 23
532.2 61
532.3 56
532.3 10
532.4 1
532.5 0
532.5 0
532.6 0
532.7 0
532.7 0
532.8 7
532.9 34
532.9 45
533.0 23
533.1 10
533.1 38
533.2 83
533.3 121
533.3 99
533.4 114
533.5 64
533.5 11
533.6 0
533.7 0
533.7 0
533.8 0
533.9 0
533.9 0
534.0 0
534.1 0
534.1 0
534.2 0
534.3 0
534.3 0
534.4 0
534.5 0
534.5 0
534.6 0
534.7 0
534.7 0
534.8 13
534.9 35
534.9 32
535.0 48
535.1 39
535.1 88
535.2 104
535.3 78
535.3 26
535.4 4
535.5 37
535.5 186
535.6 97
535.7 45
535.7 41
535.8 18
535.9 3
535.9 0
536.0 0
536.1 0
536.1 12
536.2 31
536.3 25
536.3 56
536.4 60
536.5 16
536.5 2
536.6 0
536.7 0
536.7 7
536.8 20
536.9 4
536.9 1
537.0 6
537.1 5
537.1 115
537.2 143
537.3 73
537.3 32
537.4 24
537.5 11
537.5 1
537.6 0
537.7 0
537.7 0
537.8 0
537.9 1
537.9 20
538.0 36
538.1 11
538.1 16
538.2 79
538.3 152
538.3 136
538.4 88
538.5 39
538.5 17
538.6 30
538.7 11
538.7 0
538.8 0
538.9 0
538.9 0
539.0 22
539.1 62
539.1 24
539.2 3
539.3 6
539.3 24
539.4 32
539.5 25
539.5 12
539.6 2
539.7 5
539.7 22
539.8 9
539.9 18
539.9 45
540.0 48
540.1 0
540.1 39
540.2 133
540.3 153
540.3 15
540.4 2
540.5 0
540.5 0
540.6 0
540.7 0
540.7 0
540.8 1
540.9 27
540.9 77
541.0 31
541.1 58
541.1 110
541.2 188
541.3 87
541.3 49
541.4 18
541.5 2
541.5 0
541.6 0
541.7 0
541.7 0
541.8 0
541.9 0
541.9 5
542.0 13
542.1 140
542.1 160
542.2 96
542.3 33
542.3 13
542.4 19
542.5 6
542.5 0
542.6 6
542.7 20
542.7 13
542.8 3
542.9 2
542.9 20
543.0 48
543.1 14
543.1 2
543.2 2
543.3 9
543.3 21
543.4 7
543.5 2
543.5 0
543.6 0
543.7 0
543.7 0
543.8 0
543.9 0
543.9 0
544.0 3
544.1 41
544.1 78
544.2 63
544.3 55
544.3 54
544.4 26
544.5 4
544.5 0
544.6 7
544.7 21
544.7 22
544.8 10
544.9 34
544.9 49
545.0 27
545.1 11
545.1 40
545.2 87
545.3 62
545.3 10
545.4 0
545.5 0
545.5 0
545.6 0
545.7 0
545.7 0
545.8 0
545.9 0
545.9 0
546.0 0
546.1 0
546.1 15
546.2 41
546.3 41
546.3 15
546.4 24
546.5 53
546.5 10
546.6 37
546.7 25
546.7 6
546.8 1
546.9 0
546.9 0
547.0 0
547.1 0
547.1 20
547.2 88
547.3 84
547.3 35
547.4 68
547.5 84
547.5 12
547.6 2
547.7 10
547.7 21
547.8 3
547.9 10
547.9 46
548.0 127
548.1 57
548.1 41
548.2 60
548.3 63
548.3 18
548.4 22
548.5 6
548.5 1
548.6 0
548.7 0
548.7 0
548.8 0
548.9 0
548.9 14
549.0 47
549.1 50
549.1 0
549.2 15
549.3 74
549.3 82
549.4 41
549.5 25
549.5 0
549.6 0
549.7 0
549.7 0
549.8 0
549.9 43
549.9 119
550.0 60
550.1 29
550.1 168
550.2 190
550.3 101
550.3 31
550.4 56
550.5 44
550.5 44
550.6 95
550.7 121
550.7 126
550.8 128
550.9 60
550.9 24
551.0 55
551.1 108
551.1 146
551.2 155
551.3 52
551.3 68
551.4 111
551.5 74
551.5 137
551.6 136
551.7 71
551.7 17
551.8 1
551.9 0
551.9 8
552.0 22
552.1 4
552.1 0
552.2 0
552.3 50
552.3 39
552.4 11
552.5 0
552.5 0
552.6 0
552.7 0
552.7 0
552.8 0
552.9 3
552.9 13
553.0 14
553.1 1
553.1 0
553.2 0
553.3 0
553.3 0
553.4 0
553.5 27
553.5 70
553.6 58
553.7 49
553.7 120
553.8 39
553.9 17
553.9 30
554.0 23
554.1 7
554.1 22
554.2 76
554.3 87
554.3 38
554.4 25
554.5 62
554.5 116
554.6 90
554.7 0
554.7 0
554.8 0
554.9 0
554.9 0
555.0 0
555.1 0
555.1 0
555.2 10
555.3 37
555.3 50
555.4 5
555.5 1
555.5 0
555.6 0
555.7 0
555.7 0
555.8 0
555.9 0
555.9 0
556.0 0
556.1 0
556.1 1
556.2 10
556.3 36
556.3 26
556.4 6
556.5 1
556.5 0
556.6 0
556.7 0
556.7 0
556.8 20
556.9 77
556.9 114
557.0 106
557.1 34
557.1 53
557.2 87
557.3 44
557.3 10
557.4 0
557.5 5
557.5 44
557.6 198
557.7 236
557.7 110
557.8 36
557.9 25
557.9 34
558.0 74
558.1 70
558.1 9
558.2 59
558.3 116
558.3 94
558.4 47
558.5 48
558.5 33
558.6 27
558.7 15
558.7 2
558.8 0
558.9 0
558.9 0
559.0 0
559.1 0
559.1 0
559.2 0
559.3 0
559.3 0
559.4 0
559.5 0
559.5 0
559.6 0
559.7 4
559.7 115
559.8 174
559.9 71
559.9 13
560.0 1
560.1 0
560.1 0
560.2 6
560.3 16
560.3 12
560.4 13
560.5 46
560.5 61
560.6 23
560.7 26
560.7 39
560.8 35
560.9 0
560.9 0
561.0 0
561.1 21
561.1 53
561.2 53
561.3 34
561.3 7
561.4 0
561.5 0
561.5 0
561.6 0
561.7 0
561.7 0
561.8 0
561.9 0
561.9 0
562.0 0
562.1 0
562.1 0
562.2 33
562.3 30
562.3 24
562.4 115
562.5 178
562.5 102
562.6 2
562.7 0
562.7 0
562.8 0
562.9 0
562.9 0
563.0 0
563.1 0
563.1 0
563.2 10
563.3 32
563.3 11
563.4 0
563.5 0
563.5 0
563.6 0
563.7 0
563.7 5
563.8 25
563.9 12
563.9 4
564.0 12
564.1 34
564.1 86
564.2 130
564.3 56
564.3 13
564.4 19
564.5 34
564.5 54
564.6 78
564.7 65
564.7 24
564.8 16
564.9 35
564.9 63
565.0 106
565.1 128
565.1 81
565.2 12
565.3 15
565.3 17
565.4 7
565.5 0
565.5 0
565.6 4
565.7 10
565.7 3
565.8 1
565.9 0
565.9 9
566.0 23
566.1 17
566.1 133
566.2 188
566.3 111
566.3 25
566.4 1
566.5 0
566.5 0
566.6 0
566.7 23
566.7 54
566.8 15
566.9 33
566.9 15
567.0 8
567.1 28
567.1 70
567.2 203
567.3 123
567.3 36
567.4 0
567.5 0
567.5 0
567.6 0
567.7 0
567.7 0
567.8 0
567.9 0
567.9 0
568.0 0
568.1 0
568.1 0
568.2 0
568.3 0
568.3 0
568.4 0
568.5 16
568.5 47
568.6 44
568.7 16
568.7 3
568.8 13
568.9 46
568.9 76
569.0 64
569.1 52
569.1 60
569.2 25
569.3 0
569.3 2
569.4 16
569.5 50
569.5 30
569.6 5
569.7 1
569.7 0
569.8 0
569.9 0
569.9 0
570.0 0
570.1 0
570.1 1
570.2 101
570.3 214
570.3 70
570.4 23
570.5 44
570.5 35
570.6 9
570.7 0
570.7 0
570.8 14
570.9 38
570.9 13
571.0 1
571.1 16
571.1 46
571.2 17
571.3 12
571.3 37
571.4 84
571.5 76
571.5 87
571.6 30
571.7 4
571.7 0
571.8 0
571.9 0
571.9 9
572.0 33
572.1 35
572.1 79
572.2 50
572.3 48
572.3 48
572.4 24
572.5 4
572.5 1
572.6 0
572.7 0
572.7 0
572.8 21
572.9 53
572.9 42
573.0 11
573.1 22
573.1 77
573.2 96
573.3 55
573.3 25
573.4 38
573.5 109
573.5 158
573.6 42
573.7 69
573.7 71
573.8 30
573.9 5
573.9 0
574.0 0
574.1 0
574.1 0
574.2 0
574.3 0
574.3 0
574.4 0
574.5 0
574.5 0
574.6 0
574.7 0
574.7 0
574.8 0
574.9 16
574.9 35
575.0 24
575.1 7
575.1 2
575.2 0
575.3 34
575.3 41
575.4 51
575.5 86
575.5 42
575.6 10
575.7 22
575.7 16
575.8 6
575.9 9
575.9 46
576.0 96
576.1 105
576.1 71
576.2 48
576.3 26
576.3 9
576.4 0
576.5 0
576.5 0
576.6 4
576.7 35
576.7 54
576.8 51
576.9 46
576.9 90
577.0 80
577.1 151
577.1 88
577.2 72
577.3 66
577.3 111
577.4 149
577.5 194
577.5 182
577.6 96
577.7 74
577.7 34
577.8 38
577.9 21
577.9 19
578.0 41
578.1 71
578.1 118
578.2 86
578.3 79
578.3 117
578.4 74
578.5 12
578.5 0
578.6 37
578.7 114
578.7 112
578.8 55
578.9 43
578.9 7
579.0 29
579.1 112
579.1 139
579.2 169
579.3 222
579.3 197
579.4 114
579.5 76
579.5 111
579.6 94
579.7 59
579.7 18
579.8 6
579.9 23
579.9 54
580.0 81
580.1 103
580.1 57
580.2 132
580.3 198
580.3 117
580.4 52
580.5 33
580.5 36
580.6 104
580.7 156
580.7 80
580.8 39
580.9 23
580.9 7
581.0 2
581.1 58
581.1 96
581.2 78
581.3 28
581.3 1
581.4 15
581.5 36
581.5 9
581.6 41
581.7 102
581.7 88
581.8 2
581.9 1
581.9 0
582.0 0
582.1 45
582.1 143
582.2 171
582.3 93
582.3 24
582.4 1
582.5 0
582.5 0
582.6 0
582.7 0
582.7 0
582.8 0
582.9 0
582.9 0
583.0 0
583.1 0
583.1 0
583.2 0
583.3 0
583.3 0
583.4 0
583.5 0
583.5 0
583.6 0
583.7 0
583.7 0
583.8 18
583.9 19
583.9 8
584.0 1
584.1 0
584.1 0
584.2 0
584.3 0
584.3 0
584.4 0
584.5 0
584.5 0
584.6 0
584.7 0
584.7 0
584.8 0
584.9 0
584.9 0
585.0 0
585.1 38
585.1 123
585.2 119
585.3 48
585.3 2
585.4 0
585.5 0
585.5 0
585.6 0
585.7 0
585.7 0
585.8 0
585.9 0
585.9 30
586.0 84
586.1 25
586.1 3
586.2 19
586.3 118
586.3 122
586.4 109
586.5 112
586.5 84
586.6 85
586.7 55
586.7 78
586.8 180
586.9 225
586.9 124
587.0 88
587.1 67
587.1 70
587.2 85
587.3 102
587.3 150
587.4 110
587.5 23
587.5 10
587.6 1
587.7 0
587.7 15
587.8 68
587.9 43
587.9 28
588.0 100
588.1 149
588.1 89
588.2 157
588.3 155
588.3 83
588.4 23
588.5 3
588.5 45
588.6 104
588.7 113
588.7 79
588.8 37
588.9 1
588.9 50
589.0 40
589.1 10
589.1 17
589.2 36
589.3 35
589.3 56
589.4 48
589.5 23
589.5 5
589.6 6
589.7 22
589.7 28
589.8 12
589.9 0
589.9 0
590.0 51
590.1 85
590.1 82
590.2 52
590.3 3
590.3 49
590.4 115
590.5 56
590.5 38
590.6 11
590.7 0
590.7 0
590.8 0
590.9 0
590.9 10
591.0 34
591.1 36
591.1 24
591.2 109
591.3 88
591.3 28
591.4 31
591.5 73
591.5 56
591.6 65
591.7 37
591.7 13
591.8 1
591.9 0
591.9 3
592.0 36
592.1 61
592.1 37
592.2 23
592.3 44
592.3 15
592.4 6
592.5 23
592.5 46
592.6 71
592.7 66
592.7 30
592.8 5
592.9 0
592.9 29
593.0 75
593.1 63
593.1 44
593.2 79
593.3 87
593.3 29
593.4 16
593.5 72
593.5 109
593.6 93
593.7 78
593.7 73
593.8 89
593.9 61
593.9 5
594.0 15
594.1 34
594.1 46
594.2 98
594.3 72
594.3 46
594.4 11
594.5 21
594.5 54
594.6 46
594.7 0
594.7 1
594.8 13
594.9 80
594.9 212
595.0 271
595.1 203
595.1 173
595.2 259
595.3 286
595.3 579
595.4 520
595.5 305
595.5 141
595.6 191
595.7 280
595.7 264
595.8 157
595.9 161
595.9 140
596.0 35
596.1 8
596.1 2
596.2 0
596.3 0
596.3 16
596.4 37
596.5 7
596.5 0
596.6 0
596.7 1
596.7 40
596.8 119
596.9 121
596.9 44
597.0 30
597.1 73
597.1 60
597.2 27
597.3 64
597.3 55
597.4 1
597.5 0
597.5 0
597.6 0
597.7 0
597.7 0
597.8 0
597.9 0
597.9 0
598.0 0
598.1 0
598.1 0
598.2 0
598.3 0
598.3 0
598.4 0
598.5 0
598.5 0
598.6 0
598.7 0
598.7 0
598.8 0
598.9 0
598.9 0
599.0 0
599.1 0
599.1 0
599.2 0
599.3 0
599.3 0
599.4 0
599.5 0
599.5 0
599.6 0
599.7 15
599.7 49
599.8 33
599.9 8
599.9 0
600.0 0
600.1 0
600.1 0
600.2 0
600.3 0
600.3 0
600.4 0
600.5 0
600.5 0
600.6 0
600.7 21
600.7 61
600.8 92
600.9 71
600.9 30
601.0 18
601.1 33
601.1 53
601.2 81
601.3 95
601.3 99
601.4 29
601.5 1
601.5 0
601.6 0
601.7 89
601.7 108
601.8 53
601.9 20
601.9 89
602.0 95
602.1 25
602.1 16
602.2 48
602.3 70
602.3 89
602.4 13
602.5 35
602.5 30
602.6 10
602.7 12
602.7 74
602.8 45
602.9 9
602.9 0
603.0 47
603.1 112
603.1 88
603.2 25
603.3 1
603.3 0
603.4 0
603.5 0
603.5 0
603.6 0
603.7 0
603.7 0
603.8 0
603.9 0
603.9 0
604.0 0
604.1 10
604.1 44
604.2 42
604.3 25
604.3 7
604.4 0
604.5 0
604.5 13
604.6 37
604.7 31
604.7 9
604.8 1
604.9 0
604.9 0
605.0 2
605.1 34
605.1 168
605.2 322
605.3 245
605.3 188
605.4 129
605.5 119
605.5 164
605.6 95
605.7 55
605.7 22
605.8 5
605.9 0
605.9 39
606.0 93
606.1 68
606.1 26
606.2 50
606.3 76
606.3 103
606.4 83
606.5 4
606.5 1
606.6 0
606.7 0
606.7 0
606.8 14
606.9 68
606.9 101
607.0 62
607.1 36
607.1 44
607.2 43
607.3 79
607.3 168
607.4 297
607.5 300
607.5 260
607.6 211
607.7 83
607.7 16
607.8 56
607.9 40
607.9 7
608.0 16
608.1 43
608.1 71
608.2 122
608.3 124
608.3 96
608.4 148
608.5 198
608.5 98
608.6 20
608.7 36
608.7 22
608.8 3
608.9 0
608.9 0
609.0 0
609.1 0
609.1 2
609.2 31
609.3 65
609.3 49
609.4 38
609.5 46
609.5 6
609.6 24
609.7 37
609.7 22
609.8 6
609.9 1
609.9 36
610.0 116
610.1 72
610.1 17
610.2 1
610.3 0
610.3 0
610.4 0
610.5 0
610.5 0
610.6 0
610.7 0
610.7 0
610.8 0
610.9 0
610.9 52
611.0 60
611.1 38
611.1 73
611.2 85
611.3 33
611.3 4
611.4 0
611.5 0
611.5 0
611.6 0
611.7 7
611.7 56
611.8 107
611.9 77
611.9 20
612.0 0
612.1 0
612.1 0
612.2 0
612.3 0
612.3 1
612.4 10
612.5 22
612.5 18
612.6 5
612.7 0
612.7 0
612.8 0
612.9 0
612.9 0
613.0 0
613.1 33
613.1 114
613.2 132
613.3 69
613.3 74
613.4 98
613.5 79
613.5 29
613.6 9
613.7 0
613.7 0
613.8 0
613.9 19
613.9 52
614.0 17
614.1 3
614.1 1
614.2 0
614.3 4
614.3 26
614.4 12
614.5 5
614.5 3
614.6 1
614.7 0
614.7 0
614.8 0
614.9 0
614.9 0
615.0 0
615.1 0
615.1 0
615.2 0
615.3 0
615.3 0
615.4 0
615.5 0
615.5 0
615.6 0
615.7 0
615.7 0
615.8 0
615.9 0
615.9 0
616.0 34
616.1 85
616.1 75
616.2 32
616.3 27
616.3 9
616.4 6
616.5 15
616.5 12
616.6 3
616.7 0
616.7 0
616.8 0
616.9 0
616.9 0
617.0 0
617.1 0
617.1 0
617.2 0
617.3 0
617.3 0
617.4 0
617.5 0
617.5 0
617.6 0
617.7 0
617.7 0
617.8 0
617.9 0
617.9 0
618.0 0
618.1 0
618.1 0
618.2 0
618.3 0
618.3 0
618.4 0
618.5 0
618.5 0
618.6 0
618.7 0
618.7 4
618.8 11
618.9 17
618.9 48
619.0 128
619.1 289
619.1 229
619.2 141
619.3 129
619.3 128
619.4 148
619.5 200
619.5 221
619.6 238
619.7 156
619.7 32
619.8 2
619.9 0
619.9 28
620.0 79
620.1 88
620.1 45
620.2 48
620.3 140
620.3 250
620.4 156
620.5 84
620.5 75
620.6 70
620.7 47
620.7 10
620.8 29
620.9 100
620.9 101
621.0 225
621.1 281
621.1 270
621.2 166
621.3 69
621.3 19
621.4 3
621.5 0
621.5 10
621.6 37
621.7 29
621.7 6
621.8 2
621.9 0
621.9 1
622.0 19
622.1 64
622.1 99
622.2 91
622.3 105
622.3 156
622.4 150
622.5 91
622.5 106
622.6 58
622.7 14
622.7 2
622.8 0
622.9 0
622.9 0
623.0 0
623.1 10
623.1 39
623.2 67
623.3 54
623.3 6
623.4 9
623.5 16
623.5 10
623.6 0
623.7 0
623.7 0
623.8 20
623.9 74
623.9 84
624.0 49
624.1 38
624.1 24
624.2 30
624.3 105
624.3 139
624.4 70
624.5 2
624.5 0
624.6 0
624.7 0
624.7 0
624.8 0
624.9 7
624.9 25
625.0 5
625.1 2
625.1 0
625.2 0
625.3 0
625.3 0
625.4 0
625.5 0
625.5 0
625.6 0
625.7 0
625.7 0
625.8 0
625.9 0
625.9 0
626.0 0
626.1 0
626.1 0
626.2 0
626.3 0
626.3 0
626.4 0
626.5 0
626.5 0
626.6 0
626.7 0
626.7 0
626.8 0
626.9 0
626.9 0
627.0 0
627.1 0
627.1 0
627.2 0
627.3 0
627.3 0
627.4 0
627.5 0
627.5 0
627.6 0
627.7 0
627.7 0
627.8 0
627.9 0
627.9 0
628.0 0
628.1 24
628.1 74
628.2 54
628.3 18
628.3 6
628.4 1
628.5 8
628.5 24
628.6 11
628.7 2
628.7 1
628.8 0
628.9 0
628.9 0
629.0 0
629.1 1
629.1 25
629.2 65
629.3 61
629.3 27
629.4 31
629.5 4
629.5 10
629.6 17
629.7 3
629.7 0
629.8 0
629.9 0
629.9 0
630.0 0
630.1 41
630.1 64
630.2 63
630.3 129
630.3 142
630.4 58
630.5 13
630.5 28
630.6 81
630.7 45
630.7 10
630.8 0
630.9 1
630.9 11
631.0 73
631.1 171
631.1 234
631.2 172
631.3 54
631.3 68
631.4 81
631.5 35
631.5 6
631.6 0
631.7 0
631.7 0
631.8 0
631.9 0
631.9 0
632.0 0
632.1 30
632.1 100
632.2 126
632.3 72
632.3 17
632.4 4
632.5 0
632.5 0
632.6 0
632.7 0
632.7 0
632.8 0
632.9 0
632.9 0
633.0 0
633.1 0
633.1 3
633.2 39
633.3 90
633.3 80
633.4 28
633.5 7
633.5 24
633.6 26
633.7 10
633.7 11
633.8 60
633.9 116
633.9 103
634.0 62
634.1 117
634.1 231
634.2 230
634.3 204
634.3 289
634.4 296
634.5 342
634.5 432
634.6 263
634.7 302
634.7 488
634.8 739
634.9 1345
634.9 2250
635.1 3936
635.1 6315
635.1 8190
635.2 10064
635.3 13325
635.3 16374
635.0 17437
635.5 15027
635.5 11142
635.6 8134
635.7 5411
635.7 3037
635.8 1591
635.9 893
635.9 509
636.0 336
636.1 253
636.1 149
636.2 338
636.3 332
636.3 185
636.4 71
636.5 52
636.5 36
636.6 111
636.7 120
636.7 72
636.8 17
636.9 2
636.9 0
637.0 0
637.1 0
637.1 0
637.2 18
637.3 64
637.3 73
637.4 33
637.5 3
637.5 0
637.6 0
637.7 0
637.7 8
637.8 33
637.9 39
637.9 17
638.0 3
638.1 0
638.1 0
638.2 0
638.3 0
638.3 0
638.4 10
638.5 33
638.5 44
638.6 24
638.7 6
638.7 0
638.8 0
638.9 0
638.9 10
639.0 32
639.1 13
639.1 3
639.2 1
639.3 0
639.3 29
639.4 20
639.5 3
639.5 0
639.6 0
639.7 0
639.7 0
639.8 0
639.9 0
639.9 0
640.0 0
640.1 0
640.1 0
640.2 0
640.3 0
640.3 3
640.4 40
640.5 93
640.5 78
640.6 25
640.7 2
640.7 0
640.8 24
640.9 44
640.9 9
641.0 0
641.1 0
641.1 0
641.2 11
641.3 33
641.3 30
641.4 8
641.5 0
641.5 0
641.6 0
641.7 0
641.7 0
641.8 0
641.9 0
641.9 0
642.0 0
642.1 0
642.1 0
642.2 0
642.3 0
642.3 0
642.4 0
642.5 0
642.5 0
642.6 0
642.7 0
642.7 0
642.8 0
642.9 0
642.9 0
643.0 0
643.1 0
643.1 0
643.2 0
643.3 0
643.3 0
643.4 0
643.5 0
643.5 0
643.6 0
643.7 0
643.7 0
643.8 0
643.9 0
643.9 0
644.0 0
644.1 0
644.1 0
644.2 0
644.3 0
644.3 0
644.4 0
644.5 0
644.5 0
644.6 0
644.7 0
644.7 0
644.8 0
644.9 0
644.9 0
645.0 0
645.1 0
645.1 0
645.2 0
645.3 0
645.3 0
645.4 0
645.5 0
645.5 0
645.6 0
645.7 0
645.7 0
645.8 0
645.9 0
645.9 0
646.0 0
646.1 0
646.1 0
646.2 0
646.3 0
646.3 0
646.4 0
646.5 0
646.5 0
646.6 0
646.7 0
646.7 0
646.8 0
646.9 0
646.9 0
647.0 0
647.1 0
647.1 0
647.2 0
647.3 0
647.3 0
647.4 0
647.5 0
647.5 0
647.6 0
647.7 0
647.7 0
647.8 0
647.9 0
647.9 0
648.0 0
648.1 0
648.1 12
648.2 29
648.3 21
648.3 1
648.4 19
648.5 67
648.5 92
648.6 73
648.7 0
648.7 0
648.8 0
648.9 0
648.9 0
649.1 3
649.1 20
649.1 31
649.2 75
649.3 92
649.3 71
649.4 94
649.0 400
649.5 80
649.6 34
649.7 34
649.7 54
649.8 18
649.9 5
649.9 0
650.0 0
650.1 0
650.1 0
650.2 0
650.3 0
650.3 0
650.4 0
650.5 0
650.5 0
650.6 0
650.7 0
650.7 0
650.8 0
650.9 0
650.9 0
651.0 0
651.1 0
651.1 0
651.2 0
651.3 0
651.3 0
651.4 0
651.5 0
651.5 0
651.6 0
651.7 0
651.7 0
651.8 0
651.9 0
651.9 0
652.0 0
652.1 0
652.1 2
652.2 15
652.3 46
652.3 20
652.4 11
652.5 17
652.5 0
652.6 967
652.7 3407
652.7 3850
652.8 345
652.9 0
652.9 0
653.0 0
653.1 1
653.1 3
653.2 4
653.3 1
653.3 0
653.4 0
653.5 14
653.5 34
653.6 27
653.7 8
653.7 1
653.8 0
653.9 0
653.9 0
654.0 0
654.1 0
654.1 0
654.2 0
654.3 0
654.3 0
654.4 0
654.5 0
654.5 0
654.6 0
654.7 0
654.7 0
654.8 0
654.9 0
654.9 0
655.0 0
655.1 0
655.1 0
655.2 0
655.3 0
655.3 0
655.4 0
655.5 0
655.5 0
655.6 0
655.7 0
655.7 0
655.8 0
655.9 0
655.9 0
656.0 0
656.1 0
656.1 0
656.2 0
656.3 0
656.3 0
656.4 0
656.5 0
656.5 0
656.6 0
656.7 0
656.7 0
656.8 0
656.9 0
656.9 0
657.0 0
657.1 0
657.1 0
657.2 0
657.3 0
657.3 18
657.4 18
657.5 6
657.5 0
657.6 0
657.7 0
657.7 0
657.8 0
657.9 0
657.9 0
658.0 0
658.1 0
658.1 0
658.2 1
658.3 11
658.3 22
658.4 4
658.5 1
658.5 0
658.6 0
658.7 0
658.7 0
658.8 0
658.9 0
658.9 0
659.0 0
659.1 0
659.1 0
659.2 0
659.3 0
659.3 0
659.4 0
659.5 0
659.5 0
659.6 0
659.7 0
659.7 0
659.8 0
659.9 0
659.9 0
660.0 0
660.1 0
660.1 0
660.2 0
660.3 0
660.3 0
660.4 0
660.5 0
660.5 0
660.6 0
660.7 0
660.7 0
660.8 0
660.9 0
660.9 0
661.0 0
661.1 0
661.1 0
661.2 0
661.3 0
661.3 0
661.4 0
661.5 0
661.5 0
661.6 0
661.7 0
661.7 0
661.8 0
661.9 0
661.9 0
662.0 0
662.1 0
662.1 0
662.2 0
662.3 0
662.3 0
662.4 0
662.5 0
662.5 0
662.6 0
662.7 0
662.7 0
662.8 0
662.9 0
662.9 0
663.0 0
663.1 0
663.1 0
663.2 0
663.3 0
663.3 0
663.4 0
663.5 0
663.5 0
663.6 0
663.7 0
663.7 0
663.8 0
663.9 0
663.9 0
664.0 0
664.1 0
664.1 0
664.2 0
664.3 0
664.3 0
664.4 0
664.5 0
664.5 0
664.6 0
664.7 0
664.7 0
664.8 0
664.9 0
664.9 0
665.0 0
665.1 0
665.1 0
665.2 0
665.3 0
665.3 0
665.4 0
665.5 0
665.5 3
665.6 67
665.7 114
665.7 112
665.8 165
665.9 270
665.9 478
666.0 534
666.1 918
666.1 1550
666.2 1789
666.3 2520
666.3 2788
666.4 2718
666.5 2210
666.5 1585
666.6 1255
666.7 1558
666.7 2194
666.8 2655
666.9 2563
666.9 3285
667.1 4694
667.1 6207
667.1 8292
667.2 9980
667.3 10870
667.3 11418
667.0 11298
667.5 9860
667.5 7866
667.6 5324
667.7 3111
667.7 1478
667.8 899
667.9 678
667.9 295
668.0 146
668.1 76
668.1 22
668.2 54
668.3 42
668.3 10
668.4 12
668.5 37
668.5 32
668.6 9
668.7 0
668.7 0
668.8 0
668.9 0
668.9 0
669.0 0
669.1 0
669.1 0
669.2 0
669.3 0
669.3 0
669.4 0
669.5 0
669.5 0
669.6 0
669.7 0
669.7 0
669.8 0
669.9 0
669.9 0
670.0 0
670.1 0
670.1 0
670.2 0
670.3 0
670.3 0
670.4 0
670.5 0
670.5 0
670.6 0
670.7 0
670.7 0
670.8 0
670.9 0
670.9 0
671.0 0
671.1 0
671.1 0
671.2 0
671.3 0
671.3 0
671.4 0
671.5 0
671.5 0
671.6 0
671.7 0
671.7 0
671.8 0
671.9 0
671.9 0
672.0 0
672.1 0
672.1 0
672.2 0
672.3 0
672.3 0
672.4 0
672.5 0
672.5 0
672.6 0
672.7 0
672.7 0
672.8 0
672.9 0
672.9 0
673.0 0
673.1 0
673.1 0
673.2 0
673.3 0
673.3 0
673.4 0
673.5 0
673.5 0
673.6 0
673.7 0
673.7 0
673.8 0
673.9 0
673.9 0
674.0 0
674.1 0
674.1 0
674.2 0
674.3 0
674.3 0
674.4 0
674.5 0
674.5 0
674.6 0
674.7 0
674.7 0
674.8 0
674.9 0
674.9 0
675.0 0
675.1 0
675.1 0
675.2 0
675.3 0
675.3 0
675.4 0
675.5 0
675.5 0
675.6 0
675.7 0
675.7 0
675.8 0
675.9 0
675.9 0
676.0 0
676.1 0
676.1 0
676.2 0
676.3 0
676.3 0
676.4 0
676.5 0
676.5 0
676.6 0
676.7 0
676.7 0
676.8 0
676.9 0
676.9 0
677.0 0
677.1 0
677.1 0
677.2 0
677.3 0
677.3 0
677.4 0
677.5 0
677.5 0
677.6 0
677.7 0
677.7 0
677.8 0
677.9 0
677.9 0
678.0 0
678.1 0
678.1 0
678.2 0
678.3 0
678.3 0
678.4 0
678.5 0
678.5 0
678.6 0
678.7 0
678.7 0
678.8 0
678.9 0
678.9 0
679.0 0
679.1 0
679.1 1
679.2 10
679.3 12
679.3 5
679.4 2
679.5 0
679.5 0
679.6 0
679.7 0
679.7 0
679.8 0
679.9 0
679.9 0
680.0 0
680.1 0
680.1 0
680.2 0
680.3 0
680.3 0
680.4 0
680.5 0
680.5 0
680.6 0
680.7 0
680.7 0
680.8 0
680.9 0
680.9 0
681.0 0
681.1 0
681.1 0
681.2 0
681.3 0
681.3 0
681.4 0
681.5 0
681.5 0
681.6 0
681.7 0
681.7 0
681.8 0
681.9 0
681.9 0
682.0 0
682.1 0
682.1 0
682.2 0
682.3 0
682.3 0
682.4 0
682.5 0
682.5 0
682.6 0
682.7 0
682.7 0
682.8 0
682.9 0
682.9 0
683.0 0
683.1 0
683.1 0
683.2 0
683.3 0
683.3 12
683.4 42
683.5 46
683.5 19
683.6 3
683.7 0
683.7 0
683.8 0
683.9 0
683.9 0
684.0 0
684.1 0
684.1 0
684.2 0
684.3 0
684.3 0
684.4 0
684.5 0
684.5 0
684.6 0
684.7 0
684.7 0
684.8 0
684.9 0
684.9 0
685.0 0
685.1 0
685.1 0
685.2 0
685.3 0
685.3 0
685.4 0
685.5 0
685.5 0
685.6 0
685.7 0
685.7 0
685.8 0
685.9 0
685.9 0
686.0 0
686.1 0
686.1 0
686.2 0
686.3 0
686.3 0
686.4 0
686.5 0
686.5 0
686.6 0
686.7 0
686.7 0
686.8 0
686.9 0
686.9 0
687.0 0
687.1 0
687.1 0
687.2 0
687.3 0
687.3 0
687.4 0
687.5 0
687.5 0
687.6 0
687.7 0
687.7 0
687.8 0
687.9 0
687.9 0
688.0 0
688.1 0
688.1 0
688.2 0
688.3 0
688.3 0
688.4 0
688.5 0
688.5 0
688.6 0
688.7 0
688.7 0
688.8 0
688.9 0
688.9 0
689.0 0
689.1 0
689.1 0
689.2 0
689.3 0
689.3 0
689.4 0
689.5 0
689.5 0
689.6 0
689.7 0
689.7 0
689.8 0
689.9 0
689.9 0
690.0 0
690.1 0
690.1 0
690.2 0
690.3 0
690.3 0
690.4 0
690.5 0
690.5 0
690.6 0
690.7 0
690.7 0
690.8 0
690.9 0
690.9 0
691.0 0
691.1 0
691.1 0
691.2 0
691.3 0
691.3 0
691.4 0
691.5 0
691.5 0
691.6 0
691.7 0
691.7 0
691.8 0
691.9 0
691.9 0
692.0 0
692.1 0
692.1 0
692.2 0
692.3 0
692.3 0
692.4 0
692.5 0
692.5 0
692.6 0
692.7 0
692.7 0
692.8 0
692.9 0
692.9 0
693.0 0
693.1 0
693.1 0
693.2 0
693.3 0
693.3 0
693.4 0
693.5 3
693.5 18
693.6 41
693.7 17
693.7 2
693.8 1
693.9 0
693.9 0
694.0 0
694.1 0
694.1 0
694.2 0
694.3 0
694.3 0
694.4 11
694.5 44
694.5 60
694.6 7
694.7 2
694.7 0
694.8 0
694.9 0
694.9 0
695.0 0
695.1 0
695.1 0
695.2 0
695.3 0
695.3 0
695.4 0
695.5 0
695.5 0
695.6 0
695.7 0
695.7 0
695.8 0
695.9 0
695.9 0
696.0 0
696.1 0
696.1 0
696.2 0
696.3 0
696.3 0
696.4 0
696.5 0
696.5 0
696.6 0
696.7 0
696.7 0
696.8 0
696.9 0
696.9 0
697.0 0
697.1 0
697.1 0
697.2 0
697.3 5
697.3 27
697.4 35
697.5 16
697.5 2
697.6 0
697.7 0
697.7 0
697.8 0
697.9 0
697.9 0
698.0 0
698.1 0
698.1 0
698.2 0
698.3 0
698.3 0
698.4 0
698.5 0
698.5 0
698.6 0
698.7 0
698.7 0
698.8 0
698.9 0
698.9 0
699.0 1
699.1 26
699.1 46
699.2 29
699.3 2
699.3 0
699.4 10
699.5 19
699.5 15
699.6 5
699.7 1
699.7 0
699.8 0
699.9 0
699.9 3
700.0 31
700.1 94
700.1 100
700.2 11
700.3 1
700.3 0
700.4 0
700.5 0
700.5 0
700.6 0
700.7 0
700.7 0
700.8 0
700.9 0
700.9 0
701.0 0
701.1 0
701.1 9
701.2 11
701.3 5
701.3 46
701.4 40
701.5 60
701.5 105
701.6 105
701.7 32
701.7 45
701.8 81
701.9 72
701.9 25
702.0 3
702.1 0
702.1 0
702.2 0
702.3 0
702.3 18
702.4 60
702.5 74
702.5 44
702.6 10
702.7 0
702.7 0
702.8 0
702.9 0
702.9 0
703.0 0
703.1 0
703.1 0
703.2 0
703.3 0
703.3 0
703.4 0
703.5 0
703.5 0
703.6 0
703.7 0
703.7 0
703.8 0
703.9 0
703.9 0
704.0 0
704.1 0
704.1 0
704.2 0
704.3 29
704.3 87
704.4 83
704.5 27
704.5 0
704.6 0
704.7 0
704.7 0
704.8 0
704.9 0
704.9 0
705.0 0
705.1 0
705.1 0
705.2 0
705.3 0
705.3 0
705.4 0
705.5 0
705.5 0
705.6 0
705.7 0
705.7 0
705.8 0
705.9 0
705.9 0
706.0 0
706.1 0
706.1 0
706.2 0
706.3 0
706.3 0
706.4 0
706.5 0
706.5 0
706.6 0
706.7 0
706.7 0
706.8 0
706.9 0
706.9 0
707.0 0
707.1 0
707.1 0
707.2 0
707.3 0
707.3 0
707.4 0
707.5 0
707.5 0
707.6 0
707.7 0
707.7 0
707.8 0
707.9 19
707.9 64
708.0 66
708.1 2
708.1 0
708.2 0
708.3 0
708.3 0
708.4 0
708.5 0
708.5 0
708.6 0
708.7 0
708.7 0
708.8 0
708.9 4
708.9 16
709.0 33
709.1 34
709.1 4
709.2 2
709.3 0
709.3 0
709.4 0
709.5 0
709.5 0
709.6 0
709.7 0
709.7 0
709.8 0
709.9 0
709.9 0
710.0 0
710.1 0
710.1 0
710.2 0
710.3 0
710.3 0
710.4 0
710.5 0
710.5 0
710.6 0
710.7 0
710.7 0
710.8 0
710.9 0
710.9 0
711.0 0
711.1 0
711.1 0
711.2 0
711.3 0
711.3 0
711.4 12
711.5 32
711.5 27
711.6 7
711.7 0
711.7 0
711.8 0
711.9 0
711.9 0
712.0 0
712.1 0
712.1 0
712.2 0
712.3 0
712.3 0
712.4 0
712.5 0
712.5 0
712.6 0
712.7 0
712.7 0
712.8 0
712.9 0
712.9 0
713.0 0
713.1 0
713.1 0
713.2 0
713.3 0
713.3 0
713.4 0
713.5 0
713.5 0
713.6 0
713.7 0
713.7 0
713.8 0
713.9 0
713.9 0
714.0 0
714.1 0
714.1 0
714.2 0
714.3 0
714.3 0
714.4 0
714.5 0
714.5 0
714.6 0
714.7 0
714.7 0
714.8 0
714.9 0
714.9 0
715.0 0
715.1 0
715.1 0
715.2 0
715.3 0
715.3 0
715.4 0
715.5 0
715.5 0
715.6 0
715.7 0
715.7 0
715.8 0
715.9 14
715.9 32
716.0 25
716.1 9
716.1 2
716.2 0
716.3 0
716.3 0
716.4 0
716.5 0
716.5 0
716.6 0
716.7 0
716.7 0
716.8 4
716.9 19
716.9 9
717.0 26
717.1 70
717.1 64
717.2 22
717.3 18
717.3 61
717.4 124
717.5 81
717.5 11
717.6 0
717.7 0
717.7 0
717.8 0
717.9 0
717.9 0
718.0 0
718.1 0
718.1 0
718.2 0
718.3 0
718.3 0
718.4 0
718.5 0
718.5 0
718.6 0
718.7 0
718.7 0
718.8 0
718.9 0
718.9 0
719.0 0
719.1 0
719.1 0
719.2 0
719.3 0
719.3 0
719.4 0
719.5 0
719.5 0
719.6 0
719.7 0
719.7 0
719.8 0
719.9 0
719.9 0
720.0 0
720.1 0
720.1 0
720.2 0
720.3 0
720.3 0
720.4 0
720.5 0
720.5 0
720.6 0
720.7 0
720.7 0
720.8 0
720.9 0
720.9 0
721.0 0
721.1 0
721.1 0
721.2 0
721.3 0
721.3 0
721.4 0
721.5 0
721.5 0
721.6 0
721.7 0
721.7 0
721.8 0
721.9 0
721.9 0
722.0 0
722.1 0
722.1 0
722.2 0
722.3 0
722.3 0
722.4 0
722.5 16
722.5 17
722.6 6
722.7 0
722.7 0
722.8 0
722.9 0
722.9 0
723.0 31
723.1 77
723.1 65
723.2 20
723.3 0
723.3 0
723.4 0
723.5 0
723.5 0
723.6 0
723.7 0
723.7 0
723.8 0
723.9 0
723.9 1
724.0 33
724.1 77
724.1 139
724.2 152
724.3 53
724.3 16
724.4 44
724.5 70
724.5 44
724.6 12
724.7 22
724.7 16
724.8 0
724.9 0
724.9 0
725.0 0
725.1 0
725.1 0
725.2 0
725.3 0
725.3 0
725.4 0
725.5 0
725.5 5
725.6 14
725.7 14
725.7 2
725.8 0
725.9 0
725.9 0
726.0 0
726.1 0
726.1 0
726.2 0
726.3 0
726.3 0
726.4 0
726.5 0
726.5 0
726.6 0
726.7 0
726.7 0
726.8 0
726.9 0
726.9 0
727.0 0
727.1 0
727.1 10
727.2 22
727.3 19
727.3 10
727.4 39
727.5 21
727.5 4
727.6 1
727.7 0
727.7 0
727.8 0
727.9 0
727.9 0
728.0 0
728.1 0
728.1 0
728.2 0
728.3 0
728.3 0
728.4 0
728.5 0
728.5 0
728.6 0
728.7 0
728.7 33
728.8 102
728.9 106
728.9 7
729.0 3
729.1 1
729.1 0
729.2 0
729.3 0
729.3 0
729.4 0
729.5 0
729.5 0
729.6 0
729.7 0
729.7 0
729.8 0
729.9 0
729.9 0
730.0 0
730.1 0
730.1 0
730.2 0
730.3 0
730.3 0
730.4 0
730.5 0
730.5 0
730.6 0
730.7 0
730.7 0
730.8 0
730.9 0
730.9 5
731.0 15
731.1 4
731.1 0
731.2 1
731.3 9
731.3 24
731.4 13
731.5 1
731.5 0
731.6 0
731.7 0
731.7 0
731.8 0
731.9 0
731.9 0
732.0 0
732.1 0
732.1 0
732.2 0
732.3 36
732.3 68
732.4 18
732.5 0
732.5 0
732.6 0
732.7 0
732.7 0
732.8 0
732.9 0
732.9 0
733.0 0
733.1 0
733.1 0
733.2 0
733.3 0
733.3 0
733.4 0
733.5 0
733.5 0
733.6 0
733.7 0
733.7 0
733.8 0
733.9 0
733.9 0
734.0 0
734.1 0
734.1 0
734.2 0
734.3 0
734.3 0
734.4 0
734.5 0
734.5 0
734.6 0
734.7 0
734.7 0
734.8 0
734.9 0
734.9 0
735.0 0
735.1 0
735.1 0
735.2 0
735.3 0
735.3 0
735.4 0
735.5 0
735.5 0
735.6 0
735.7 0
735.7 0
735.8 0
735.9 0
735.9 0
736.0 0
736.1 0
736.1 0
736.2 0
736.3 0
736.3 0
736.4 0
736.5 0
736.5 0
736.6 0
736.7 0
736.7 0
736.8 0
736.9 0
736.9 0
737.0 0
737.1 0
737.1 0
737.2 0
737.3 0
737.3 10
737.4 23
737.5 7
737.5 0
737.6 0
737.7 0
737.7 0
737.8 0
737.9 0
737.9 0
738.0 0
738.1 0
738.1 0
738.2 0
738.3 0
738.3 0
738.4 1
738.5 12
738.5 57
738.6 104
738.7 85
738.7 4
738.8 0
738.9 0
738.9 0
739.0 0
739.1 0
739.1 0
739.2 0
739.3 0
739.3 0
739.4 0
739.5 0
739.5 0
739.6 0
739.7 0
739.7 49
739.8 41
739.9 11
739.9 0
740.0 0
740.1 0
740.1 0
740.2 0
740.3 0
740.3 0
740.4 0
740.5 0
740.5 0
740.6 0
740.7 0
740.7 0
740.8 0
740.9 0
740.9 0
741.0 0
741.1 0
741.1 0
741.2 0
741.3 0
741.3 0
741.4 0
741.5 0
741.5 0
741.6 0
741.7 0
741.7 0
741.8 0
741.9 0
741.9 0
742.0 0
742.1 0
742.1 0
742.2 0
742.3 0
742.3 0
742.4 0
742.5 0
742.5 0
742.6 0
742.7 0
742.7 0
742.8 0
742.9 0
742.9 0
743.0 0
743.1 0
743.1 0
743.2 0
743.3 9
743.3 30
743.4 34
743.5 4
743.5 2
743.6 0
743.7 0
743.7 0
743.8 0
743.9 0
743.9 0
744.0 0
744.1 0
744.1 0
744.2 0
744.3 11
744.3 39
744.4 46
744.5 30
744.5 7
744.6 1
744.7 0
744.7 30
744.8 46
744.9 48
744.9 62
745.0 45
745.1 4
745.1 0
745.2 0
745.3 0
745.3 0
745.4 40
745.5 164
745.5 226
745.6 220
745.7 137
745.7 38
745.8 2
745.9 0
745.9 0
746.0 3
746.1 22
746.1 16
746.2 5
746.3 0
746.3 0
746.4 0
746.5 0
746.5 45
746.6 96
746.7 31
746.7 4
746.8 0
746.9 0
746.9 0
747.0 0
747.1 0
747.1 0
747.2 0
747.3 0
747.3 0
747.4 0
747.5 0
747.5 0
747.6 0
747.7 0
747.7 0
747.8 0
747.9 0
747.9 0
748.0 0
748.1 0
748.1 0
748.2 0
748.3 0
748.3 0
748.4 0
748.5 0
748.5 0
748.6 19
748.7 46
748.7 35
748.8 10
748.9 0
748.9 0
749.0 0
749.1 0
749.1 0
749.2 0
749.3 0
749.3 0
749.4 0
749.5 0
749.5 0
749.6 0
749.7 0
749.7 0
749.8 0
749.9 0
749.9 0
750.0 0
750.1 0
750.1 0
750.2 0
750.3 0
750.3 0
750.4 0
750.5 0
750.5 0
750.6 0
750.7 0
750.7 0
750.8 0
750.9 0
750.9 0
751.0 0
751.1 0
751.1 0
751.2 0
751.3 0
751.3 21
751.4 49
751.5 14
751.5 0
751.6 0
751.7 0
751.7 0
751.8 0
751.9 0
751.9 0
752.0 0
752.1 0
752.1 0
752.2 0
752.3 0
752.3 0
752.4 0
752.5 0
752.5 0
752.6 0
752.7 0
752.7 0
752.8 0
752.9 0
752.9 0
753.0 0
753.1 0
753.1 0
753.2 0
753.3 0
753.3 0
753.4 0
753.5 0
753.5 0
753.6 0
753.7 0
753.7 0
753.8 0
753.9 0
753.9 0
754.0 0
754.1 0
754.1 0
754.2 0
754.3 0
754.3 0
754.4 0
754.5 0
754.5 0
754.6 0
754.7 0
754.7 0
754.8 0
754.9 0
754.9 0
755.0 0
755.1 0
755.1 0
755.2 0
755.3 0
755.3 41
755.4 96
755.5 78
755.5 40
755.6 8
755.7 0
755.7 0
755.8 0
755.9 0
755.9 0
756.0 0
756.1 0
756.1 0
756.2 0
756.3 0
756.3 0
756.4 0
756.5 0
756.5 0
756.6 0
756.7 0
756.7 0
756.8 0
756.9 0
756.9 0
757.0 0
757.1 0
757.1 0
757.2 0
757.3 0
757.3 0
757.4 0
757.5 0
757.5 0
757.6 0
757.7 0
757.7 0
757.8 0
757.9 0
757.9 0
758.0 0
758.1 0
758.1 0
758.2 0
758.3 0
758.3 0
758.4 0
758.5 0
758.5 0
758.6 0
758.7 0
758.7 0
758.8 0
758.9 0
758.9 0
759.0 0
759.1 0
759.1 0
759.2 0
759.3 0
759.3 0
759.4 0
759.5 0
759.5 0
759.6 0
759.7 0
759.7 0
759.8 0
759.9 0
759.9 0
760.0 0
760.1 0
760.1 0
760.2 12
760.3 26
760.3 18
760.4 3
760.5 0
760.5 0
760.6 0
760.7 3
760.7 11
760.8 10
760.9 0
760.9 9
761.0 65
761.1 149
761.1 128
761.2 71
761.3 179
761.3 257
761.4 371
761.5 310
761.5 236
761.6 172
761.7 67
761.7 5
761.8 0
761.9 0
761.9 0
762.0 0
762.1 12
762.1 35
762.2 28
762.3 19
762.3 27
762.4 8
762.5 0
762.5 0
762.6 0
762.7 0
762.7 0
762.8 0
762.9 0
762.9 0
763.0 0
763.1 0
763.1 0
763.2 0
763.3 0
763.3 0
763.4 0
763.5 0
763.5 0
763.6 0
763.7 0
763.7 0
763.8 0
763.9 0
763.9 0
764.0 0
764.1 0
764.1 0
764.2 0
764.3 0
764.3 0
764.4 0
764.5 0
764.5 0
764.6 0
764.7 0
764.7 0
764.8 0
764.9 0
764.9 0
765.0 0
765.1 0
765.1 0
765.2 15
765.3 36
765.3 28
765.4 9
765.5 0
765.5 0
765.6 0
765.7 0
765.7 0
765.8 0
765.9 0
765.9 0
766.0 0
766.1 0
766.1 29
766.2 80
766.3 78
766.3 29
766.4 4
766.5 0
766.5 0
766.6 0
766.7 0
766.7 0
766.8 0
766.9 0
766.9 0
767.0 0
767.1 0
767.1 0
767.2 0
767.3 0
767.3 0
767.4 0
767.5 0
767.5 0
767.6 0
767.7 0
767.7 0
767.8 0
767.9 0
767.9 0
768.0 0
768.1 0
768.1 0
768.2 0
768.3 0
768.3 0
768.4 25
768.5 37
768.5 20
768.6 3
768.7 0
768.7 0
768.8 0
768.9 0
768.9 0
769.0 0
769.1 0
769.1 0
769.2 0
769.3 0
769.3 0
769.4 0
769.5 0
769.5 0
769.6 0
769.7 0
769.7 0
769.8 0
769.9 0
769.9 0
770.0 0
770.1 0
770.1 0
770.2 0
770.3 0
770.3 0
770.4 0
770.5 0
770.5 0
770.6 0
770.7 0
770.7 0
770.8 0
770.9 0
770.9 0
771.0 0
771.1 0
771.1 0
771.2 0
771.3 0
771.3 0
771.4 0
771.5 0
771.5 0
771.6 0
771.7 0
771.7 0
771.8 0
771.9 0
771.9 0
772.0 0
772.1 0
772.1 0
772.2 0
772.3 0
772.3 0
772.4 0
772.5 0
772.5 0
772.6 0
772.7 0
772.7 0
772.8 0
772.9 0
772.9 0
773.0 0
773.1 0
773.1 0
773.2 0
773.3 0
773.3 0
773.4 7
773.5 20
773.5 14
773.6 0
773.7 0
773.7 0
773.8 0
773.9 0
773.9 0
774.0 0
774.1 0
774.1 0
774.2 0
774.3 0
774.3 0
774.4 0
774.5 0
774.5 0
774.6 0
774.7 0
774.7 0
774.8 0
774.9 0
774.9 0
775.0 0
775.1 0
775.1 0
775.2 0
775.3 0
775.3 0
775.4 0
775.5 0
775.5 0
775.6 0
775.7 0
775.7 0
775.8 3
775.9 12
775.9 12
776.0 1
776.1 0
776.1 0
776.2 0
776.3 0
776.3 0
776.4 0
776.5 0
776.5 0
776.6 0
776.7 0
776.7 0
776.8 0
776.9 0
776.9 0
777.0 0
777.1 0
777.1 13
777.2 44
777.3 55
777.3 6
777.4 1
777.5 35
777.5 40
777.6 16
777.7 0
777.7 0
777.8 0
777.9 0
777.9 0
778.0 0
778.1 0
778.1 0
778.2 0
778.3 0
778.3 0
778.4 0
778.5 0
778.5 0
778.6 0
778.7 0
778.7 0
778.8 0
778.9 0
778.9 0
779.0 0
779.1 0
779.1 0
779.2 0
779.3 0
779.3 0
779.4 0
779.5 0
779.5 0
779.6 0
779.7 0
779.7 0
779.8 0
779.9 0
779.9 0
780.0 0
780.1 0
780.1 0
780.2 0
780.3 0
780.3 0
780.4 0
780.5 0
780.5 0
780.6 0
780.7 0
780.7 0
780.8 0
780.9 0
780.9 0
781.0 0
781.1 0
781.1 0
781.2 0
781.3 0
781.3 0
781.4 0
781.5 0
781.5 0
781.6 0
781.7 0
781.7 0
781.8 0
781.9 0
781.9 0
782.0 0
782.1 0
782.1 0
782.2 0
782.3 0
782.3 0
782.4 0
782.5 0
782.5 0
782.6 0
782.7 0
782.7 0
782.8 0
782.9 0
782.9 0
783.0 0
783.1 0
783.1 0
783.2 0
783.3 0
783.3 0
783.4 0
783.5 0
783.5 0
783.6 0
783.7 0
783.7 0
783.8 0
783.9 0
783.9 0
784.0 0
784.1 0
784.1 0
784.2 0
784.3 0
784.3 0
784.4 0
784.5 0
784.5 0
784.6 0
784.7 0
784.7 0
784.8 0
784.9 0
784.9 0
785.0 0
785.1 12
785.1 26
785.2 18
785.3 6
785.3 2
785.4 0
785.5 0
785.5 0
785.6 0
785.7 0
785.7 0
785.8 0
785.9 0
785.9 0
786.0 0
786.1 0
786.1 4
786.2 28
786.3 39
786.3 5
786.4 1
786.5 0
786.5 0
786.6 0
786.7 0
786.7 0
786.8 0
786.9 0
786.9 0
787.0 0
787.1 0
787.1 4
787.2 16
787.3 17
787.3 24
787.4 65
787.5 66
787.5 40
787.6 10
787.7 0
787.7 0
787.8 0
787.9 0
787.9 0
788.0 0
788.1 0
788.1 0
788.2 0
788.3 0
788.3 0
788.4 0
788.5 0
788.5 0
788.6 0
788.7 0
788.7 5
788.8 57
788.9 35
788.9 9
789.0 2
789.1 0
789.1 11
789.2 43
789.3 49
789.3 34
789.4 16
789.5 26
789.5 26
789.6 7
789.7 0
789.7 0
789.8 0
789.9 0
789.9 0
790.0 0
790.1 0
790.1 0
790.2 0
790.3 2
790.3 17
790.4 47
790.5 78
790.5 79
790.6 9
790.7 3
790.7 0
790.8 0
790.9 0
790.9 0
791.0 0
791.1 0
791.1 0
791.2 3
791.3 18
791.3 22
791.4 2
791.5 1
791.5 0
791.6 0
791.7 0
791.7 0
791.8 0
791.9 0
791.9 0
792.0 0
792.1 0
792.1 0
792.2 0
792.3 0
792.3 0
792.4 0
792.5 0
792.5 0
792.6 0
792.7 0
792.7 0
792.8 0
792.9 0
792.9 0
793.0 0
793.1 0
793.1 0
793.2 89
793.3 69
793.3 25
793.4 20
793.5 17
793.5 4
793.6 0
793.7 0
793.7 0
793.8 0
793.9 0
793.9 0
794.0 0
794.1 0
794.1 0
794.2 0
794.3 0
794.3 0
794.4 0
794.5 0
794.5 0
794.6 0
794.7 0
794.7 0
794.8 0
794.9 0
794.9 0
795.0 0
795.1 0
795.1 0
795.2 0
795.3 0
795.3 0
795.4 0
795.5 0
795.5 0
795.6 0
795.7 0
795.7 0
795.8 0
795.9 0
795.9 0
796.0 0
796.1 0
796.1 0
796.2 0
796.3 0
796.3 0
796.4 0
796.5 0
796.5 0
796.6 0
796.7 0
796.7 0
796.8 0
796.9 0
796.9 0
797.0 0
797.1 0
797.1 0
797.2 0
797.3 0
797.3 0
797.4 0
797.5 0
797.5 0
797.6 0
797.7 0
797.7 0
797.8 0
797.9 0
797.9 0
798.0 0
798.1 0
798.1 0
798.2 0
798.3 0
798.3 0
798.4 0
798.5 0
798.5 0
798.6 0
798.7 0
798.7 0
798.8 0
798.9 0
798.9 0
799.0 0
799.1 0
799.1 0
799.2 0
799.3 0
799.3 0
799.4 0
799.5 0
799.5 0
799.6 0
799.7 0
799.7 0
799.8 0
799.9 0
799.9 0
800.0 0
800.1 0
800.1 0
800.2 0
800.3 0
800.3 0
800.4 0
800.5 0
800.5 0
800.6 0
800.7 0
800.7 0
800.8 0
800.9 0
800.9 0
801.0 0
801.1 0
801.1 0
801.2 0
801.3 0
801.3 0
801.4 0
801.5 0
801.5 0
801.6 0
801.7 0
801.7 0
801.8 0
801.9 0
801.9 0
802.0 0
802.1 0
802.1 0
802.2 0
802.3 0
802.3 0
802.4 0
802.5 0
802.5 0
802.6 0
802.7 0
802.7 0
802.8 0
802.9 0
802.9 0
803.0 0
803.1 0
803.1 0
803.2 0
803.3 0
803.3 0
803.4 0
803.5 0
803.5 0
803.6 0
803.7 0
803.7 0
803.8 0
803.9 0
803.9 0
804.0 0
804.1 0
804.1 0
804.2 0
804.3 0
804.3 0
804.4 0
804.5 0
804.5 0
804.6 0
804.7 0
804.7 0
804.8 0
804.9 0
804.9 0
805.0 0
805.1 0
805.1 0
805.2 0
805.3 0
805.3 0
805.4 0
805.5 0
805.5 11
805.6 26
805.7 22
805.7 7
805.8 0
805.9 0
805.9 0
806.0 0
806.1 0
806.1 0
806.2 0
806.3 0
806.3 0
806.4 6
806.5 36
806.5 20
806.6 4
806.7 1
806.7 0
806.8 0
806.9 0
806.9 0
807.0 0
807.1 0
807.1 0
807.2 0
807.3 0
807.3 0
807.4 0
807.5 0
807.5 0
807.6 0
807.7 0
807.7 0
807.8 0
807.9 0
807.9 0
808.0 0
808.1 0
808.1 0
808.2 0
808.3 0
808.3 0
808.4 0
808.5 0
808.5 0
808.6 0
808.7 0
808.7 0
808.8 0
808.9 0
808.9 0
809.0 0
809.1 0
809.1 0
809.2 0
809.3 0
809.3 0
809.4 0
809.5 0
809.5 0
809.6 0
809.7 0
809.7 0
809.8 0
809.9 0
809.9 0
810.0 0
810.1 0
810.1 0
810.2 0
810.3 0
810.3 0
810.4 0
810.5 0
810.5 0
810.6 35
810.7 110
810.7 118
810.8 6
810.9 0
810.9 0
811.0 0
811.1 0
811.1 0
811.2 15
811.3 36
811.3 30
811.4 9
811.5 1
811.5 0
811.6 0
811.7 0
811.7 15
811.8 72
811.9 98
811.9 8
812.0 1
812.1 0
812.1 44
812.2 43
812.3 25
812.3 12
812.4 2
812.5 0
812.5 0
812.6 0
812.7 0
812.7 0
812.8 0
812.9 0
812.9 0
813.0 0
813.1 0
813.1 0
813.2 0
813.3 0
813.3 0
813.4 0
813.5 0
813.5 0
813.6 0
813.7 0
813.7 0
813.8 0
813.9 0
813.9 0
814.0 0
814.1 0
814.1 0
814.2 0
814.3 0
814.3 0
814.4 0
814.5 0
814.5 0
814.6 1
814.7 20
814.7 50
814.8 44
814.9 15
814.9 2
815.0 0
815.1 0
815.1 0
815.2 0
815.3 0
815.3 0
815.4 0
815.5 0
815.5 0
815.6 0
815.7 0
815.7 0
815.8 0
815.9 0
815.9 0
816.0 0
816.1 0
816.1 0
816.2 0
816.3 0
816.3 0
816.4 0
816.5 0
816.5 0
816.6 0
816.7 0
816.7 0
816.8 0
816.9 0
816.9 0
817.0 0
817.1 0
817.1 0
817.2 0
817.3 0
817.3 0
817.4 0
817.5 0
817.5 0
817.6 0
817.7 0
817.7 0
817.8 0
817.9 0
817.9 0
818.0 0
818.1 0
818.1 0
818.2 0
818.3 0
818.3 0
818.4 0
818.5 0
818.5 0
818.6 0
818.7 0
818.7 0
818.8 0
818.9 0
818.9 0
819.0 0
819.1 0
819.1 0
819.2 0
819.3 0
819.3 0
819.4 0
819.5 0
819.5 0
819.6 0
819.7 0
819.7 0
819.8 0
819.9 0
819.9 0
820.0 0
820.1 0
820.1 0
820.2 0
820.3 0
820.3 0
820.4 0
820.5 2
820.5 17
820.6 10
820.7 3
820.7 2
820.8 0
820.9 0
820.9 0
821.0 0
821.1 0
821.1 0
821.2 0
821.3 0
821.3 0
821.4 0
821.5 0
821.5 0
821.6 35
821.7 88
821.7 75
821.8 23
821.9 1
821.9 0
822.0 0
822.1 0
822.1 0
822.2 0
822.3 0
822.3 0
822.4 0
822.5 0
822.5 0
822.6 0
822.7 0
822.7 0
822.8 0
822.9 0
822.9 0
823.0 0
823.1 0
823.1 0
823.2 0
823.3 0
823.3 0
823.4 0
823.5 0
823.5 0
823.6 0
823.7 0
823.7 0
823.8 0
823.9 0
823.9 0
824.0 0
824.1 0
824.1 0
824.2 0
824.3 0
824.3 0
824.4 0
824.5 0
824.5 0
824.6 0
824.7 29
824.7 70
824.8 77
824.9 37
824.9 8
825.0 0
825.1 0
825.1 0
825.2 0
825.3 0
825.3 0
825.4 16
825.5 37
825.5 26
825.6 0
825.7 0
825.7 0
825.8 0
825.9 0
825.9 0
826.0 0
826.1 0
826.1 0
826.2 0
826.3 0
826.3 0
826.4 0
826.5 0
826.5 0
826.6 0
826.7 0
826.7 0
826.8 0
826.9 0
826.9 0
827.0 0
827.1 0
827.1 0
827.2 2
827.3 11
827.3 20
827.4 4
827.5 1
827.5 0
827.6 0
827.7 0
827.7 0
827.8 0
827.9 0
827.9 0
828.0 0
828.1 0
828.1 0
828.2 0
828.3 0
828.3 0
828.4 0
828.5 14
828.5 43
828.6 40
828.7 13
828.7 20
828.8 5
828.9 1
828.9 0
829.0 8
829.1 19
829.1 16
829.2 4
829.3 6
829.3 35
829.4 36
829.5 47
829.5 11
829.6 0
829.7 0
829.7 0
829.8 0
829.9 0
829.9 0
830.0 0
830.1 0
830.1 0
830.2 0
830.3 0
830.3 0
830.4 0
830.5 0
830.5 0
830.6 0
830.7 0
830.7 0
830.8 0
830.9 0
830.9 0
831.0 0
831.1 0
831.1 0
831.2 0
831.3 0
831.3 0
831.4 0
831.5 0
831.5 0
831.6 0
831.7 0
831.7 0
831.8 31
831.9 131
831.9 172
832.0 86
832.1 1
832.1 0
832.2 0
832.3 0
832.3 0
832.4 0
832.5 0
832.5 0
832.6 0
832.7 0
832.7 0
832.8 0
832.9 0
832.9 0
833.0 0
833.1 0
833.1 0
833.2 0
833.3 29
833.3 80
833.4 85
833.5 44
833.5 10
833.6 41
833.7 49
833.7 23
833.8 3
833.9 1
833.9 0
834.0 0
834.1 0
834.1 0
834.2 0
834.3 0
834.3 0
834.4 0
834.5 0
834.5 0
834.6 0
834.7 0
834.7 0
834.8 0
834.9 0
834.9 0
835.0 0
835.1 0
835.1 0
835.2 0
835.3 0
835.3 0
835.4 0
835.5 0
835.5 0
835.6 0
835.7 0
835.7 0
835.8 0
835.9 0
835.9 0
836.0 0
836.1 0
836.1 0
836.2 0
836.3 0
836.3 0
836.4 0
836.5 0
836.5 0
836.6 0
836.7 0
836.7 0
836.8 0
836.9 0
836.9 0
837.0 0
837.1 0
837.1 0
837.2 0
837.3 0
837.3 0
837.4 0
837.5 0
837.5 13
837.6 26
837.7 7
837.7 0
837.8 0
837.9 0
837.9 0
838.0 0
838.1 0
838.1 0
838.2 0
838.3 0
838.3 0
838.4 0
838.5 0
838.5 0
838.6 0
838.7 0
838.7 0
838.8 0
838.9 0
838.9 0
839.0 0
839.1 0
839.1 0
839.2 0
839.3 0
839.3 0
839.4 0
839.5 0
839.5 0
839.6 0
839.7 0
839.7 0
839.8 0
839.9 0
839.9 0
840.0 0
840.1 0
840.1 0
840.2 0
840.3 0
840.3 0
840.4 0
840.5 0
840.5 0
840.6 0
840.7 0
840.7 0
840.8 0
840.9 0
840.9 0
841.0 0
841.1 0
841.1 0
841.2 0
841.3 0
841.3 0
841.4 0
841.5 0
841.5 0
841.6 0
841.7 0
841.7 0
841.8 0
841.9 0
841.9 0
842.0 0
842.1 0
842.1 0
842.2 0
842.3 0
842.3 0
842.4 0
842.5 0
842.5 0
842.6 0
842.7 0
842.7 0
842.8 0
842.9 0
842.9 0
843.0 0
843.1 0
843.1 0
843.2 0
843.3 0
843.3 0
843.4 0
843.5 0
843.5 0
843.6 0
843.7 0
843.7 0
843.8 0
843.9 0
843.9 0
844.0 0
844.1 0
844.1 0
844.2 0
844.3 0
844.3 0
844.4 0
844.5 0
844.5 0
844.6 0
844.7 0
844.7 0
844.8 0
844.9 0
844.9 0
845.0 0
845.1 0
845.1 0
845.2 0
845.3 0
845.3 0
845.4 0
845.5 0
845.5 20
845.6 67
845.7 73
845.7 5
845.8 1
845.9 0
845.9 0
846.0 0
846.1 0
846.1 0
846.2 0
846.3 10
846.3 28
846.4 5
846.5 0
846.5 0
846.6 0
846.7 23
846.7 78
846.8 91
846.9 42
846.9 7
847.0 1
847.1 0
847.1 0
847.2 0
847.3 0
847.3 0
847.4 0
847.5 0
847.5 0
847.6 0
847.7 0
847.7 0
847.8 0
847.9 0
847.9 0
848.0 0
848.1 0
848.1 0
848.2 0
848.3 0
848.3 0
848.4 0
848.5 0
848.5 0
848.6 0
848.7 0
848.7 0
848.8 0
848.9 0
848.9 0
849.0 0
849.1 0
849.1 1
849.2 38
849.3 29
849.3 8
849.4 0
849.5 3
849.5 16
849.6 4
849.7 0
849.7 5
849.8 45
849.9 54
849.9 14
850.0 2
