300.1 2
300.1 0
300.2 0
300.3 0
300.3 0
300.4 0
300.5 0
300.5 0
300.6 0
300.7 0
300.7 0
300.8 0
300.9 8
300.9 42
301.0 83
301.1 256
301.1 311
301.2 226
301.3 113
301.3 63
301.4 24
301.5 0
301.5 0
301.6 0
301.7 0
301.7 0
301.8 10
301.9 113
301.9 88
302.0 25
302.1 1
302.1 4
302.2 28
302.3 33
302.3 8
302.4 0
302.5 0
302.5 9
302.6 50
302.7 139
302.7 194
302.8 269
302.9 357
302.9 261
303.0 174
303.1 270
303.1 410
303.2 409
303.3 376
303.3 224
303.4 222
303.5 266
303.5 155
303.6 126
303.7 120
303.7 84
303.8 63
303.9 67
303.9 143
304.0 204
304.1 100
304.1 57
304.2 120
304.3 156
304.3 95
304.4 39
304.5 35
304.5 23
304.6 7
304.7 0
304.7 0
304.8 3
304.9 38
304.9 148
305.0 226
305.1 178
305.1 113
305.2 87
305.3 55
305.3 41
305.4 65
305.5 65
305.5 25
305.6 5
305.7 4
305.7 19
305.8 14
305.9 34
305.9 66
306.0 16
306.1 1
306.1 0
306.2 0
306.3 0
306.3 0
306.4 0
306.5 6
306.5 36
306.6 210
306.7 347
306.7 348
306.8 361
306.9 566
306.9 750
307.0 752
307.1 1078
307.1 995
307.2 793
307.3 843
307.3 837
307.4 873
307.5 580
307.5 167
307.6 107
307.7 147
307.7 345
307.8 529
307.9 445
307.9 234
308.0 221
308.1 395
308.1 578
308.2 637
308.3 373
308.3 488
308.4 1171
308.5 1734
308.5 2196
308.6 3300
308.7 4857
308.7 6726
308.8 9783
308.9 17002
308.9 26650
309.1 36012
309.1 48239
309.1 62549
309.2 73385
309.0 74366
309.3 63648
309.4 49847
309.5 34344
309.5 20112
309.6 10680
309.7 6528
309.7 4206
309.8 2909
309.9 2185
309.9 2317
310.0 2805
310.1 3051
310.1 2974
310.2 3079
310.3 3130
310.3 3326
310.4 2988
310.5 2224
310.5 1518
310.6 673
310.7 479
310.7 428
310.8 292
310.9 211
310.9 287
311.0 413
311.1 426
311.1 372
311.2 492
311.3 451
311.3 358
311.4 168
311.5 123
311.5 143
311.6 157
311.7 121
311.7 85
311.8 3
311.9 0
311.9 0
312.0 18
312.1 77
312.1 140
312.2 222
312.3 136
312.3 71
312.4 35
312.5 30
312.5 20
312.6 4
312.7 0
312.7 3
312.8 31
312.9 80
312.9 156
313.0 292
313.1 155
313.1 31
313.2 1
313.3 0
313.3 0
313.4 0
313.5 0
313.5 0
313.6 0
313.7 0
313.7 0
313.8 0
313.9 0
313.9 0
314.0 0
314.1 0
314.1 0
314.2 0
314.3 0
314.3 0
314.4 0
314.5 0
314.5 3
314.6 10
314.7 2
314.7 3
314.8 49
314.9 112
314.9 90
315.0 15
315.1 1
315.1 0
315.2 0
315.3 9
315.3 38
315.4 67
315.5 124
315.5 174
315.6 52
315.7 12
315.7 2
315.8 0
315.9 0
315.9 0
316.0 0
316.1 0
316.1 0
316.2 0
316.3 11
316.3 51
316.4 68
316.5 30
316.5 9
316.6 2
316.7 1
316.7 15
316.8 113
316.9 107
316.9 84
317.0 106
317.1 57
317.1 76
317.2 152
317.3 150
317.3 165
317.4 102
317.5 54
317.5 40
317.6 13
317.7 0
317.7 0
317.8 0
317.9 7
317.9 44
318.0 102
318.1 75
318.1 11
318.2 3
318.3 21
318.3 63
318.4 43
318.5 4
318.5 0
318.6 0
318.7 21
318.7 71
318.8 84
318.9 38
318.9 0
319.0 7
319.1 32
319.1 26
319.2 86
319.3 135
319.3 60
319.4 6
319.5 6
319.5 42
319.6 96
319.7 92
319.7 6
319.8 2
319.9 0
319.9 0
320.0 114
320.1 95
320.1 27
320.2 0
320.3 0
320.3 14
320.4 74
320.5 39
320.5 7
320.6 0
320.7 0
320.7 1
320.8 9
320.9 32
320.9 57
321.0 184
321.1 260
321.1 237
321.2 161
321.3 135
321.3 108
321.4 152
321.5 96
321.5 71
321.6 1
321.7 0
321.7 0
321.8 0
321.9 0
321.9 13
322.0 49
322.1 109
322.1 108
322.2 61
322.3 24
322.3 6
322.4 19
322.5 44
322.5 70
322.6 138
322.7 272
322.7 220
322.8 108
322.9 43
322.9 102
323.0 201
323.1 217
323.1 162
323.2 204
323.3 180
323.3 149
323.4 136
323.5 25
323.5 0
323.6 0
323.7 0
323.7 0
323.8 0
323.9 0
323.9 0
324.0 0
324.1 12
324.1 24
324.2 39
324.3 62
324.3 48
324.4 12
324.5 0
324.5 0
324.6 6
324.7 19
324.7 32
324.8 33
324.9 62
324.9 114
325.0 161
325.1 155
325.1 285
325.2 461
325.3 484
325.3 161
325.4 102
325.5 92
325.5 53
325.6 45
325.7 68
325.7 15
325.8 4
325.9 41
325.9 145
326.0 257
326.1 214
326.1 149
326.2 159
326.3 139
326.3 65
326.4 232
326.5 355
326.5 366
326.6 230
326.7 251
326.7 703
326.8 963
326.9 1196
326.9 1627
327.0 1484
327.1 909
327.1 1017
327.2 1218
327.3 767
327.3 292
327.4 78
327.5 39
327.5 22
327.6 28
327.7 8
327.7 19
327.8 62
327.9 136
327.9 232
328.0 287
328.1 246
328.1 226
328.2 108
328.3 38
328.3 6
328.4 1
328.5 0
328.5 0
328.6 0
328.7 54
328.7 108
328.8 115
328.9 47
328.9 145
329.0 295
329.1 216
329.1 34
329.2 22
329.3 36
329.3 85
329.4 56
329.5 19
329.5 22
329.6 22
329.7 21
329.7 8
329.8 1
329.9 0
329.9 0
330.0 7
330.1 16
330.1 35
330.2 32
330.3 49
330.3 57
330.4 72
330.5 53
330.5 54
330.6 89
330.7 114
330.7 390
330.8 768
330.9 982
330.9 1245
331.0 970
331.1 623
331.1 517
331.2 338
331.3 179
331.3 90
331.4 14
331.5 26
331.5 24
331.6 56
331.7 92
331.7 86
331.8 103
331.9 217
331.9 270
332.0 142
332.1 105
332.1 160
332.2 142
332.3 17
332.3 1
332.4 12
332.5 35
332.5 66
332.6 113
332.7 186
332.7 174
332.8 266
332.9 430
332.9 474
333.0 322
333.1 424
333.1 515
333.2 441
333.3 413
333.3 418
333.4 682
333.5 466
333.5 125
333.6 25
333.7 138
333.7 138
333.8 53
333.9 42
333.9 97
334.0 75
334.1 20
334.1 0
334.2 20
334.3 91
334.3 47
334.4 17
334.5 190
334.5 312
334.6 457
334.7 588
334.7 612
334.8 510
334.9 885
334.9 1607
335.0 2323
335.1 3420
335.1 3897
335.2 3832
335.3 3103
335.3 2378
335.4 1441
335.5 873
335.5 740
335.6 393
335.7 173
335.7 133
335.8 68
335.9 83
335.9 71
336.0 98
336.1 181
336.1 277
336.2 282
336.3 351
336.3 324
336.4 154
336.5 13
336.5 8
336.6 40
336.7 33
336.7 38
336.8 41
336.9 37
336.9 103
337.0 158
337.1 186
337.1 302
337.2 359
337.3 307
337.3 356
337.4 398
337.5 302
337.5 168
337.6 95
337.7 77
337.7 93
337.8 68
337.9 4
337.9 1
338.0 0
338.1 0
338.1 1
338.2 21
338.3 51
338.3 119
338.4 259
338.5 250
338.5 157
338.6 152
338.7 99
338.7 100
338.8 65
338.9 49
338.9 9
339.0 3
339.1 29
339.1 83
339.2 69
339.3 77
339.3 92
339.4 68
339.5 146
339.5 206
339.6 134
339.7 58
339.7 16
339.8 6
339.9 17
339.9 29
340.0 15
340.1 38
340.1 58
340.2 38
340.3 9
340.3 11
340.4 27
340.5 21
340.5 2
340.6 0
340.7 0
340.7 28
340.8 99
340.9 85
340.9 84
341.0 91
341.1 103
341.1 181
341.2 124
341.3 71
341.3 54
341.4 19
341.5 2
341.5 1
341.6 0
341.7 7
341.7 23
341.8 20
341.9 5
341.9 0
342.0 0
342.1 0
342.1 0
342.2 6
342.3 20
342.3 1
342.4 11
342.5 45
342.5 62
342.6 61
342.7 276
342.7 347
342.8 254
342.9 122
342.9 120
343.0 208
343.1 253
343.1 201
343.2 106
343.3 73
343.3 45
343.4 11
343.5 3
343.5 9
343.6 28
343.7 31
343.7 25
343.8 45
343.9 65
343.9 39
344.0 22
344.1 82
344.1 55
344.2 16
344.3 32
344.3 59
344.4 42
344.5 0
344.5 0
344.6 0
344.7 0
344.7 0
344.8 0
344.9 44
344.9 138
345.0 109
345.1 135
345.1 221
345.2 134
345.3 37
345.3 41
345.4 53
345.5 8
345.5 21
345.6 49
345.7 16
345.7 39
345.8 87
345.9 75
345.9 24
346.0 13
346.1 50
346.1 24
346.2 30
346.3 58
346.3 45
346.4 23
346.5 14
346.5 2
346.6 0
346.7 0
346.7 39
346.8 58
346.9 116
346.9 114
347.0 60
347.1 106
347.1 131
347.2 158
347.3 133
347.3 55
347.4 61
347.5 22
347.5 2
347.6 0
347.7 42
347.7 72
347.8 46
347.9 11
347.9 29
348.0 25
348.1 14
348.1 56
348.2 101
348.3 42
348.3 9
348.4 3
348.5 17
348.5 41
348.6 13
348.7 49
348.7 49
348.8 21
348.9 31
348.9 80
349.0 65
349.1 22
349.1 74
349.2 35
349.3 4
349.3 0
349.4 9
349.5 27
349.5 26
349.6 12
349.7 61
349.7 190
349.8 127
349.9 77
349.9 47
350.0 53
350.1 60
350.1 60
350.2 130
350.3 163
350.3 93
350.4 60
350.5 139
350.5 194
350.6 199
350.7 156
350.7 168
350.8 301
350.9 414
350.9 584
351.0 928
351.1 1250
351.1 1559
351.2 1415
351.3 874
351.3 788
351.4 692
351.5 399
351.5 250
351.6 93
351.7 25
351.7 89
351.8 102
351.9 105
351.9 247
352.0 335
352.1 278
352.1 252
352.2 374
352.3 434
352.3 531
352.4 505
352.5 596
352.5 1201
352.6 1747
352.7 2246
352.7 2996
352.8 4177
352.9 5667
352.9 6991
353.0 8859
353.1 10018
353.1 8863
353.2 8099
353.3 7212
353.3 5765
353.4 4227
353.5 2497
353.5 1174
353.6 799
353.7 520
353.7 178
353.8 167
353.9 343
353.9 613
354.0 743
354.1 622
354.1 375
354.2 302
354.3 232
354.3 229
354.4 173
354.5 142
354.5 103
354.6 83
354.7 65
354.7 73
354.8 71
354.9 35
354.9 29
355.0 62
355.1 110
355.1 91
355.2 96
355.3 134
355.3 113
355.4 76
355.5 32
355.5 0
355.6 0
355.7 0
355.7 0
355.8 23
355.9 73
355.9 31
356.0 6
356.1 1
356.1 0
356.2 13
356.3 63
356.3 32
356.4 20
356.5 36
356.5 25
356.6 9
356.7 33
356.7 53
356.8 70
356.9 139
356.9 209
357.0 182
357.1 180
357.1 164
357.2 264
357.3 232
357.3 163
357.4 68
357.5 30
357.5 65
357.6 49
357.7 20
357.7 59
357.8 22
357.9 23
357.9 76
358.0 93
358.1 103
358.1 178
358.2 125
358.3 32
358.3 1
358.4 0
358.5 0
358.5 8
358.6 72
358.7 164
358.7 141
358.8 24
358.9 22
358.9 112
359.0 269
359.1 644
359.1 657
359.2 359
359.3 82
359.3 5
359.4 11
359.5 34
359.5 29
359.6 38
359.7 29
359.7 8
359.8 0
359.9 0
359.9 0
360.0 21
360.1 102
360.1 95
360.2 44
360.3 41
360.3 5
360.4 60
360.5 40
360.5 33
360.6 67
360.7 75
360.7 93
360.8 79
360.9 51
360.9 70
361.0 191
361.1 289
361.1 293
361.2 175
361.3 77
361.3 110
361.4 196
361.5 97
361.5 19
361.6 26
361.7 50
361.7 5
361.8 0
361.9 0
361.9 0
362.0 0
362.1 0
362.1 26
362.2 66
362.3 62
362.3 36
362.4 13
362.5 22
362.5 111
362.6 158
362.7 111
362.7 88
362.8 26
362.9 54
362.9 128
363.0 80
363.1 74
363.1 49
363.2 35
363.3 42
363.3 6
363.4 0
363.5 8
363.5 63
363.6 99
363.7 67
363.7 63
363.8 56
363.9 74
363.9 94
364.0 71
364.1 7
364.1 3
364.2 0
364.3 0
364.3 1
364.4 33
364.5 127
364.5 105
364.6 123
364.7 88
364.7 20
364.8 0
364.9 13
364.9 47
365.0 60
365.1 39
365.1 55
365.2 123
365.3 166
365.3 160
365.4 27
365.5 5
365.5 1
365.6 7
365.7 38
365.7 72
365.8 188
365.9 277
365.9 132
366.0 108
366.1 119
366.1 45
366.2 3
366.3 0
366.3 0
366.4 0
366.5 0
366.5 0
366.6 0
366.7 0
366.7 0
366.8 10
366.9 47
366.9 70
367.0 219
367.1 204
367.1 108
367.2 48
367.3 30
367.3 124
367.4 252
367.5 57
367.5 5
367.6 0
367.7 29
367.7 83
367.8 57
367.9 98
367.9 152
368.0 171
368.1 203
368.1 363
368.2 272
368.3 126
368.3 167
368.4 109
368.5 93
368.5 78
368.6 32
368.7 3
368.7 0
368.8 1
368.9 46
368.9 164
369.0 296
369.1 268
369.1 190
369.2 87
369.3 119
369.3 358
369.4 249
369.5 113
369.5 17
369.6 0
369.7 13
369.7 9
369.8 2
369.9 0
369.9 9
370.0 19
370.1 13
370.1 4
370.2 13
370.3 72
370.3 162
370.4 183
370.5 207
370.5 260
370.6 54
370.7 10
370.7 48
370.8 112
370.9 184
370.9 225
371.0 464
371.1 593
371.1 495
371.2 300
371.3 239
371.3 178
371.4 44
371.5 93
371.5 79
371.6 32
371.7 24
371.7 27
371.8 51
371.9 49
371.9 94
372.0 188
372.1 246
372.1 156
372.2 188
372.3 188
372.3 159
372.4 132
372.5 65
372.5 17
372.6 30
372.7 60
372.7 52
372.8 62
372.9 86
372.9 103
373.0 46
373.1 55
373.1 102
373.2 81
373.3 134
373.3 46
373.4 10
373.5 2
373.5 0
373.6 0
373.7 6
373.7 36
373.8 52
373.9 25
373.9 15
374.0 60
374.1 40
374.1 7
374.2 1
374.3 39
374.3 123
374.4 165
374.5 117
374.5 76
374.6 61
374.7 212
374.7 327
374.8 255
374.9 36
374.9 109
375.0 273
375.1 276
375.1 167
375.2 80
375.3 134
375.3 89
375.4 23
375.5 8
375.5 39
375.6 130
375.7 99
375.7 55
375.8 75
375.9 77
375.9 90
376.0 65
376.1 19
376.1 0
376.2 0
376.3 0
376.3 0
376.4 12
376.5 39
376.5 33
376.6 45
376.7 65
376.7 90
376.8 193
376.9 159
376.9 54
377.0 37
377.1 63
377.1 149
377.2 170
377.3 149
377.3 144
377.4 72
377.5 45
377.5 2
377.6 0
377.7 0
377.7 19
377.8 57
377.9 44
377.9 76
378.0 109
378.1 115
378.1 39
378.2 44
378.3 67
378.3 57
378.4 27
378.5 20
378.5 52
378.6 104
378.7 143
378.7 118
378.8 68
378.9 105
378.9 161
379.0 221
379.1 246
379.1 357
379.2 452
379.3 469
379.3 411
379.4 406
379.5 310
379.5 187
379.6 68
379.7 52
379.7 61
379.8 32
379.9 55
379.9 163
380.0 116
380.1 96
380.1 65
380.2 49
380.3 40
380.3 42
380.4 12
380.5 0
380.5 0
380.6 0
380.7 0
380.7 2
380.8 24
380.9 62
380.9 54
381.0 14
381.1 2
381.1 0
381.2 9
381.3 48
381.3 85
381.4 94
381.5 74
381.5 40
381.6 36
381.7 32
381.7 1
381.8 0
381.9 0
381.9 69
382.0 186
382.1 54
382.1 5
382.2 0
382.3 0
382.3 0
382.4 0
382.5 16
382.5 79
382.6 38
382.7 7
382.7 2
382.8 30
382.9 54
382.9 65
383.0 134
383.1 155
383.1 54
383.2 18
383.3 6
383.3 0
383.4 0
383.5 0
383.5 0
383.6 0
383.7 0
383.7 0
383.8 45
383.9 112
383.9 85
384.0 0
384.1 0
384.1 0
384.2 50
384.3 123
384.3 43
384.4 7
384.5 0
384.5 11
384.6 60
384.7 160
384.7 140
384.8 66
384.9 51
384.9 32
385.0 4
385.1 0
385.1 0
385.2 0
385.3 14
385.3 78
385.4 114
385.5 65
385.5 27
385.6 81
385.7 91
385.7 42
385.8 45
385.9 25
385.9 20
386.0 13
386.1 9
386.1 59
386.2 103
386.3 69
386.3 2
386.4 0
386.5 5
386.5 20
386.6 38
386.7 49
386.7 25
386.8 0
386.9 0
386.9 0
387.0 0
387.1 14
387.1 140
387.2 262
387.3 249
387.3 96
387.4 14
387.5 2
387.5 0
387.6 0
387.7 0
387.7 0
387.8 8
387.9 26
387.9 20
388.0 66
388.1 54
388.1 9
388.2 0
388.3 0
388.3 0
388.4 0
388.5 0
388.5 0
388.6 23
388.7 63
388.7 17
388.8 14
388.9 78
388.9 58
389.0 51
389.1 68
389.1 111
389.2 210
389.3 350
389.3 261
389.4 84
389.5 8
389.5 10
389.6 33
389.7 61
389.7 125
389.8 180
389.9 120
389.9 16
390.0 42
390.1 30
390.1 8
390.2 1
390.3 0
390.3 0
390.4 0
390.5 0
390.5 0
390.6 0
390.7 0
390.7 6
390.8 37
390.9 71
390.9 204
391.0 250
391.1 143
391.1 79
391.2 59
391.3 10
391.3 0
391.4 0
391.5 0
391.5 0
391.6 0
391.7 0
391.7 0
391.8 0
391.9 0
391.9 23
392.0 74
392.1 109
392.1 117
392.2 148
392.3 54
392.3 12
392.4 15
392.5 3
392.5 1
392.6 0
392.7 13
392.7 37
392.8 13
392.9 17
392.9 86
393.0 154
393.1 150
393.1 286
393.2 192
393.3 103
393.3 17
393.4 0
393.5 0
393.5 0
393.6 2
393.7 28
393.7 22
393.8 30
393.9 47
393.9 94
394.0 62
394.1 21
394.1 10
394.2 22
394.3 18
394.3 15
394.4 13
394.5 8
394.5 22
394.6 134
394.7 173
394.7 155
394.8 139
394.9 224
394.9 330
395.0 435
395.1 666
395.1 843
395.2 818
395.3 963
395.3 810
395.4 417
395.5 178
395.5 139
395.6 89
395.7 26
395.7 0
395.8 0
395.9 0
395.9 0
396.0 17
396.1 72
396.1 129
396.2 278
396.3 349
396.3 319
396.4 172
396.5 97
396.5 118
396.6 507
396.7 558
396.7 792
396.8 1294
396.9 1947
396.9 2685
397.0 3368
397.1 2837
397.1 2097
397.2 1640
397.3 1333
397.3 893
397.4 316
397.5 109
397.5 58
397.6 74
397.7 88
397.7 155
397.8 223
397.9 155
397.9 213
398.0 213
398.1 72
398.1 110
398.2 222
398.3 161
398.3 36
398.4 6
398.5 1
398.5 2
398.6 11
398.7 61
398.7 140
398.8 120
398.9 30
398.9 21
399.0 70
399.1 106
399.1 145
399.2 97
399.3 35
399.3 6
399.4 53
399.5 52
399.5 23
399.6 7
399.7 47
399.7 103
399.8 140
399.9 56
399.9 65
400.0 60
400.1 78
400.1 110
400.2 123
400.3 123
400.3 89
400.4 27
400.5 2
400.5 0
400.6 0
400.7 0
400.7 10
400.8 56
400.9 96
400.9 41
401.0 29
401.1 44
401.1 109
401.2 93
401.3 47
401.3 29
401.4 0
401.5 0
401.5 0
401.6 0
401.7 10
401.7 38
401.8 35
401.9 79
401.9 126
402.0 84
402.1 30
402.1 16
402.2 62
402.3 79
402.3 4
402.4 0
402.5 0
402.5 8
402.6 56
402.7 96
402.7 60
402.8 14
402.9 43
402.9 107
403.0 89
403.1 0
403.1 8
403.2 54
403.3 43
403.3 40
403.4 81
403.5 92
403.5 103
403.6 63
403.7 38
403.7 20
403.8 3
403.9 1
403.9 0
404.0 41
404.1 108
404.1 84
404.2 96
404.3 85
404.3 81
404.4 72
404.5 29
404.5 3
404.6 0
404.7 37
404.7 31
404.8 7
404.9 9
404.9 33
405.0 38
405.1 19
405.1 14
405.2 21
405.3 61
405.3 140
405.4 195
405.5 162
405.5 107
405.6 29
405.7 25
405.7 75
405.8 92
405.9 53
405.9 14
406.0 1
406.1 0
406.1 0
406.2 16
406.3 84
406.3 77
406.4 32
406.5 82
406.5 185
406.6 85
406.7 39
406.7 49
406.8 65
406.9 231
406.9 211
407.0 185
407.1 105
407.1 39
407.2 50
407.3 85
407.3 18
407.4 0
407.5 0
407.5 5
407.6 13
407.7 4
407.7 13
407.8 50
407.9 92
407.9 48
408.0 8
408.1 2
408.1 0
408.2 0
408.3 0
408.3 0
408.4 0
408.5 0
408.5 0
408.6 1
408.7 28
408.7 56
408.8 66
408.9 72
408.9 96
409.0 93
409.1 63
409.1 69
409.2 140
409.3 127
409.3 66
409.4 14
409.5 0
409.5 1
409.6 26
409.7 71
409.7 71
409.8 28
409.9 25
409.9 89
410.0 118
410.1 62
410.1 76
410.2 97
410.3 124
410.3 66
410.4 92
410.5 129
410.5 76
410.6 16
410.7 0
410.7 0
410.8 0
410.9 0
410.9 0
411.0 0
411.1 0
411.1 19
411.2 219
411.3 271
411.3 236
411.4 90
411.5 16
411.5 0
411.6 0
411.7 0
411.7 0
411.8 0
411.9 0
411.9 0
412.0 0
412.1 0
412.1 0
412.2 11
412.3 21
412.3 6
412.4 6
412.5 17
412.5 14
412.6 2
412.7 13
412.7 51
412.8 151
412.9 115
412.9 33
413.0 111
413.1 110
413.1 117
413.2 122
413.3 120
413.3 64
413.4 3
413.5 0
413.5 0
413.6 0
413.7 1
413.7 17
413.8 31
413.9 23
413.9 40
414.0 87
414.1 77
414.1 23
414.2 2
414.3 15
414.3 36
414.4 48
414.5 74
414.5 194
414.6 256
414.7 318
414.7 344
414.8 419
414.9 705
414.9 895
415.0 1064
415.1 1342
415.1 1176
415.2 718
415.3 367
415.3 164
415.4 53
415.5 1
415.5 0
415.6 0
415.7 0
415.7 33
415.8 118
415.9 118
415.9 177
416.0 164
416.1 40
416.1 1
416.2 59
416.3 320
416.3 237
416.4 193
416.5 143
416.5 31
416.6 0
416.7 0
416.7 0
416.8 15
416.9 64
416.9 98
417.0 45
417.1 10
417.1 34
417.2 90
417.3 45
417.3 0
417.4 9
417.5 40
417.5 20
417.6 4
417.7 0
417.7 0
417.8 0
417.9 0
417.9 0
418.0 0
418.1 0
418.1 23
418.2 82
418.3 84
418.3 40
418.4 52
418.5 90
418.5 21
418.6 24
418.7 53
418.7 50
418.8 210
418.9 231
418.9 202
419.0 199
419.1 219
419.1 124
419.2 73
419.3 83
419.3 140
419.4 115
419.5 91
419.5 136
419.6 64
419.7 11
419.7 3
419.8 56
419.9 53
419.9 26
420.0 46
420.1 90
420.1 57
420.2 36
420.3 52
420.3 73
420.4 39
420.5 53
420.5 18
420.6 44
420.7 44
420.7 20
420.8 7
420.9 45
420.9 85
421.0 158
421.1 68
421.1 4
421.2 1
421.3 0
421.3 0
421.4 16
421.5 84
421.5 47
421.6 13
421.7 5
421.7 24
421.8 102
421.9 135
421.9 89
422.0 7
422.1 0
422.1 0
422.2 79
422.3 147
422.3 118
422.4 55
422.5 28
422.5 48
422.6 38
422.7 13
422.7 38
422.8 94
422.9 144
422.9 131
423.0 249
423.1 328
423.1 224
423.2 229
423.3 270
423.3 153
423.4 87
423.5 113
423.5 125
423.6 46
423.7 112
423.7 113
423.8 58
423.9 41
423.9 38
424.0 16
424.1 31
424.1 28
424.2 101
424.3 49
424.3 21
424.4 90
424.5 139
424.5 69
424.6 31
424.7 36
424.7 27
424.8 2
424.9 23
424.9 52
425.0 18
425.1 9
425.1 76
425.2 71
425.3 33
425.3 2
425.4 0
425.5 13
425.5 34
425.6 30
425.7 4
425.7 17
425.8 32
425.9 45
425.9 38
426.0 3
426.1 0
426.1 0
426.2 34
426.3 94
426.3 83
426.4 56
426.5 110
426.5 123
426.6 53
426.7 25
426.7 49
426.8 14
426.9 0
426.9 3
427.0 75
427.1 177
427.1 95
427.2 3
427.3 3
427.3 12
427.4 20
427.5 91
427.5 158
427.6 26
427.7 14
427.7 31
427.8 12
427.9 2
427.9 1
428.0 0
428.1 0
428.1 0
428.2 0
428.3 29
428.3 92
428.4 63
428.5 18
428.5 59
428.6 61
428.7 85
428.7 112
428.8 81
428.9 35
428.9 24
429.0 1
429.1 82
429.1 73
429.2 54
429.3 160
429.3 316
429.4 318
429.5 164
429.5 50
429.6 88
429.7 162
429.7 148
429.8 97
429.9 102
429.9 84
430.0 71
430.1 15
430.1 2
430.2 0
430.3 8
430.3 32
430.4 15
430.5 4
430.5 2
430.6 0
430.7 8
430.7 23
430.8 45
430.9 63
430.9 69
431.0 67
431.1 70
431.1 87
431.2 77
431.3 43
431.3 48
431.4 38
431.5 0
431.5 7
431.6 17
431.7 15
431.7 7
431.8 2
431.9 13
431.9 13
432.0 3
432.1 1
432.1 48
432.2 125
432.3 59
432.3 21
432.4 1
432.5 0
432.5 0
432.6 0
432.7 1
432.7 37
432.8 129
432.9 188
432.9 146
433.0 167
433.1 112
433.1 58
433.2 242
433.3 301
433.3 181
433.4 67
433.5 58
433.5 52
433.6 40
433.7 36
433.7 75
433.8 143
433.9 162
433.9 91
434.0 65
434.1 76
434.1 75
434.2 71
434.3 106
434.3 86
434.4 70
434.5 68
434.5 104
434.6 123
434.7 91
434.7 22
434.8 15
434.9 57
434.9 93
435.0 50
435.1 67
435.1 197
435.2 237
435.3 199
435.3 104
435.4 6
435.5 51
435.5 191
435.6 250
435.7 95
435.7 2
435.8 101
435.9 241
435.9 228
436.0 49
436.1 3
436.1 1
436.2 0
436.3 0
436.3 0
436.4 0
436.5 0
436.5 0
436.6 0
436.7 0
436.7 4
436.8 17
436.9 133
436.9 190
437.0 136
437.1 46
437.1 99
437.2 155
437.3 75
437.3 28
437.4 90
437.5 154
437.5 43
437.6 1
437.7 0
437.7 1
437.8 41
437.9 130
437.9 192
438.0 182
438.1 61
438.1 29
438.2 73
438.3 44
438.3 23
438.4 68
438.5 108
438.5 110
438.6 62
438.7 159
438.7 535
438.8 667
438.9 496
438.9 301
439.0 303
439.1 458
439.1 471
439.2 318
439.3 176
439.3 221
439.4 167
439.5 114
439.5 120
439.6 156
439.7 175
439.7 294
439.8 248
439.9 170
439.9 213
440.0 327
440.1 467
440.1 457
440.2 409
440.3 573
440.3 803
440.4 609
440.5 890
440.5 1406
440.6 1728
440.7 1921
440.7 2808
440.8 4257
440.9 5646
440.9 6616
441.0 7948
441.1 8468
441.1 6883
441.2 5839
441.3 4113
441.3 2044
441.4 1030
441.5 377
441.5 187
441.6 217
441.7 166
441.7 125
441.8 159
441.9 394
441.9 948
442.0 835
442.1 667
442.1 483
442.2 133
442.3 100
442.3 164
442.4 170
442.5 133
442.5 24
442.6 59
442.7 46
442.7 126
442.8 133
442.9 92
442.9 117
443.0 202
443.1 188
443.1 116
443.2 79
443.3 20
443.3 2
443.4 26
443.5 91
443.5 89
443.6 5
443.7 0
443.7 0
443.8 0
443.9 54
443.9 146
444.0 140
444.1 52
444.1 3
444.2 13
444.3 25
444.3 7
444.4 12
444.5 76
444.5 97
444.6 27
444.7 3
444.7 2
444.8 110
444.9 152
444.9 81
445.0 24
445.1 28
445.1 63
445.2 116
445.3 134
445.3 174
445.4 134
445.5 53
445.5 37
445.6 58
445.7 34
445.7 6
445.8 1
445.9 0
445.9 54
446.0 209
446.1 384
446.1 392
446.2 146
446.3 102
446.3 83
446.4 7
446.5 35
446.5 19
446.6 6
446.7 2
446.7 4
446.8 52
446.9 147
446.9 95
447.0 24
447.1 18
447.1 61
447.2 92
447.3 55
447.3 77
447.4 167
447.5 79
447.5 35
447.6 17
447.7 3
447.7 8
447.8 19
447.9 16
447.9 32
448.0 31
448.1 29
448.1 9
448.2 1
448.3 6
448.3 16
448.4 13
448.5 5
448.5 2
448.6 0
448.7 0
448.7 31
448.8 164
448.9 117
448.9 23
449.0 3
449.1 29
449.1 83
449.2 70
449.3 0
449.3 0
449.4 0
449.5 0
449.5 0
449.6 0
449.7 0
449.7 1
449.8 26
449.9 28
449.9 61
450.0 99
450.1 152
450.1 206
450.2 188
450.3 40
450.3 14
450.4 43
450.5 120
450.5 104
450.6 98
450.7 68
450.7 57
450.8 111
450.9 132
450.9 66
451.0 14
451.1 0
451.1 215
451.2 452
451.3 373
451.3 79
451.4 6
451.5 12
451.5 6
451.6 0
451.7 1
451.7 16
451.8 56
451.9 85
451.9 96
452.0 64
452.1 37
452.1 30
452.2 2
452.3 3
452.3 14
452.4 13
452.5 0
452.5 0
452.6 5
452.7 23
452.7 38
452.8 26
452.9 15
452.9 41
453.0 264
453.1 271
453.1 213
453.2 55
453.3 7
453.3 0
453.4 0
453.5 0
453.5 4
453.6 51
453.7 30
453.7 6
453.8 1
453.9 0
453.9 0
454.0 0
454.1 0
454.1 33
454.2 36
454.3 14
454.3 1
454.4 1
454.5 0
454.5 0
454.6 0
454.7 1
454.7 7
454.8 46
454.9 134
454.9 124
455.0 119
455.1 166
455.1 138
455.2 79
455.3 0
455.3 0
455.4 0
455.5 0
455.5 0
455.6 0
455.7 0
455.7 0
455.8 0
455.9 0
455.9 0
456.0 0
456.1 23
456.1 96
456.2 194
456.3 73
456.3 29
456.4 78
456.5 46
456.5 15
456.6 3
456.7 0
456.7 51
456.8 128
456.9 144
456.9 26
457.0 7
457.1 37
457.1 108
457.2 108
457.3 41
457.3 25
457.4 81
457.5 48
457.5 21
457.6 11
457.7 9
457.7 2
457.8 1
457.9 0
457.9 0
458.0 0
458.1 120
458.1 317
458.2 230
458.3 142
458.3 49
458.4 7
458.5 0
458.5 18
458.6 52
458.7 50
458.7 56
458.8 332
458.9 685
458.9 649
459.0 628
459.1 687
459.1 746
459.2 563
459.3 351
459.3 248
459.4 131
459.5 59
459.5 138
459.6 177
459.7 92
459.7 13
459.8 31
459.9 46
459.9 67
460.0 72
460.1 28
460.1 3
460.2 0
460.3 9
460.3 26
460.4 20
460.5 34
460.5 10
460.6 1
460.7 145
460.7 140
460.8 63
460.9 49
460.9 120
461.0 159
461.1 123
461.1 48
461.2 193
461.3 272
461.3 234
461.4 171
461.5 93
461.5 29
461.6 7
461.7 2
461.7 0
461.8 0
461.9 0
461.9 20
462.0 69
462.1 89
462.1 75
462.2 64
462.3 44
462.3 5
462.4 2
462.5 20
462.5 59
462.6 53
462.7 0
462.7 26
462.8 95
462.9 121
462.9 83
463.0 67
463.1 85
463.1 189
463.2 151
463.3 55
463.3 121
463.4 152
463.5 120
463.5 66
463.6 3
463.7 0
463.7 15
463.8 49
463.9 180
463.9 132
464.0 78
464.1 42
464.1 23
464.2 47
464.3 47
464.3 24
464.4 28
464.5 10
464.5 67
464.6 241
464.7 240
464.7 322
464.8 396
464.9 193
464.9 152
465.0 242
465.1 392
465.1 263
465.2 184
465.3 151
465.3 176
465.4 79
465.5 18
465.5 2
465.6 0
465.7 41
465.7 130
465.8 63
465.9 72
465.9 226
466.0 243
466.1 278
466.1 186
466.2 170
466.3 256
466.3 231
466.4 183
466.5 65
466.5 10
466.6 3
466.7 0
466.7 6
466.8 41
466.9 22
466.9 4
467.0 20
467.1 119
467.1 123
467.2 56
467.3 124
467.3 107
467.4 36
467.5 81
467.5 91
467.6 40
467.7 29
467.7 84
467.8 98
467.9 3
467.9 0
468.0 0
468.1 19
468.1 16
468.2 4
468.3 0
468.3 0
468.4 0
468.5 0
468.5 0
468.6 0
468.7 0
468.7 89
468.8 186
468.9 140
468.9 37
469.0 54
469.1 181
469.1 202
469.2 93
469.3 20
469.3 20
469.4 18
469.5 2
469.5 16
469.6 78
469.7 64
469.7 61
469.8 38
469.9 381
469.9 350
470.0 148
470.1 27
470.1 69
470.2 120
470.3 163
470.3 61
470.4 26
470.5 7
470.5 0
470.6 23
470.7 85
470.7 250
470.8 183
470.9 109
470.9 106
471.0 62
471.1 94
471.1 207
471.2 107
471.3 106
471.3 37
471.4 55
471.5 63
471.5 28
471.6 3
471.7 0
471.7 0
471.8 0
471.9 20
471.9 59
472.0 33
472.1 85
472.1 122
472.2 51
472.3 22
472.3 24
472.4 32
472.5 67
472.5 146
472.6 194
472.7 120
472.7 10
472.8 0
472.9 17
472.9 102
473.0 174
473.1 146
473.1 64
473.2 80
473.3 76
473.3 38
473.4 8
473.5 4
473.5 26
473.6 35
473.7 70
473.7 128
473.8 96
473.9 6
473.9 31
474.0 57
474.1 88
474.1 80
474.2 31
474.3 3
474.3 0
474.4 0
474.5 0
474.5 0
474.6 40
474.7 119
474.7 100
474.8 96
474.9 44
474.9 1
475.0 78
475.1 106
475.1 63
475.2 64
475.3 47
475.3 29
475.4 132
475.5 291
475.5 273
475.6 147
475.7 77
475.7 24
475.8 53
475.9 39
475.9 63
476.0 112
476.1 111
476.1 38
476.2 3
476.3 0
476.3 0
476.4 0
476.5 0
476.5 0
476.6 0
476.7 0
476.7 13
476.8 114
476.9 181
476.9 171
477.0 274
477.1 418
477.1 297
477.2 318
477.3 282
477.3 250
477.4 204
477.5 304
477.5 284
477.6 112
477.7 21
477.7 2
477.8 0
477.9 0
477.9 11
478.0 19
478.1 30
478.1 100
478.2 164
478.3 129
478.3 83
478.4 25
478.5 3
478.5 1
478.6 25
478.7 84
478.7 64
478.8 61
478.9 35
478.9 18
479.0 76
479.1 85
479.1 201
479.2 234
479.3 100
479.3 13
479.4 3
479.5 47
479.5 89
479.6 63
479.7 65
479.7 76
479.8 79
479.9 162
479.9 108
480.0 13
480.1 5
480.1 27
480.2 78
480.3 30
480.3 2
480.4 0
480.5 0
480.5 15
480.6 39
480.7 75
480.7 135
480.8 214
480.9 160
480.9 94
481.0 47
481.1 30
481.1 97
481.2 277
481.3 148
481.3 42
481.4 7
481.5 0
481.5 0
481.6 0
481.7 0
481.7 0
481.8 0
481.9 0
481.9 7
482.0 29
482.1 54
482.1 114
482.2 77
482.3 25
482.3 0
482.4 6
482.5 25
482.5 49
482.6 16
482.7 26
482.7 212
482.8 414
482.9 343
482.9 150
483.0 157
483.1 277
483.1 402
483.2 548
483.3 474
483.3 338
483.4 155
483.5 52
483.5 15
483.6 5
483.7 1
483.7 15
483.8 60
483.9 94
483.9 76
484.0 162
484.1 299
484.1 301
484.2 208
484.3 227
484.3 197
484.4 331
484.5 788
484.5 1016
484.6 962
484.7 1096
484.7 1712
484.8 2409
484.9 2227
484.9 2318
485.0 2682
485.1 2634
485.1 2357
485.2 1902
485.3 1313
485.3 614
485.4 343
485.5 169
485.5 105
485.6 135
485.7 189
485.7 265
485.8 480
485.9 525
485.9 374
486.0 262
486.1 159
486.1 42
486.2 49
486.3 21
486.3 21
486.4 88
486.5 45
486.5 8
486.6 0
486.7 0
486.7 40
486.8 126
486.9 128
486.9 49
487.0 6
487.1 6
487.1 37
487.2 42
487.3 22
487.3 5
487.4 0
487.5 0
487.5 0
487.6 0
487.7 61
487.7 58
487.8 51
487.9 85
487.9 96
488.0 60
488.1 32
488.1 21
488.2 5
488.3 24
488.3 53
488.4 41
488.5 47
488.5 158
488.6 284
488.7 250
488.7 155
488.8 99
488.9 44
488.9 16
489.0 66
489.1 96
489.1 65
489.2 36
489.3 135
489.3 137
489.4 89
489.5 100
489.5 107
489.6 4
489.7 1
489.7 0
489.8 1
489.9 29
489.9 42
490.0 41
490.1 84
490.1 139
490.2 105
490.3 72
490.3 174
490.4 147
490.5 189
490.5 266
490.6 294
490.7 139
490.7 83
490.8 55
490.9 30
490.9 11
491.0 31
491.1 44
491.1 16
491.2 46
491.3 76
491.3 94
491.4 51
491.5 14
491.5 0
491.6 0
491.7 0
491.7 0
491.8 0
491.9 0
491.9 0
492.0 9
492.1 26
492.1 32
492.2 43
492.3 53
492.3 33
492.4 53
492.5 199
492.5 215
492.6 183
492.7 132
492.7 24
492.8 34
492.9 34
492.9 13
493.0 2
493.1 0
493.1 0
493.2 0
493.3 0
493.3 0
493.4 0
493.5 5
493.5 15
493.6 13
493.7 5
493.7 8
493.8 20
493.9 15
493.9 5
494.0 32
494.1 54
494.1 96
494.2 193
494.3 157
494.3 36
494.4 20
494.5 44
494.5 61
494.6 62
494.7 15
494.7 0
494.8 0
494.9 39
494.9 123
495.0 50
495.1 8
495.1 3
495.2 6
495.3 33
495.3 57
495.4 9
495.5 1
495.5 58
495.6 134
495.7 66
495.7 62
495.8 50
495.9 13
495.9 0
496.0 14
496.1 144
496.1 303
496.2 218
496.3 107
496.3 32
496.4 0
496.5 26
496.5 68
496.6 57
496.7 0
496.7 0
496.8 28
496.9 89
496.9 216
497.0 368
497.1 287
497.1 125
497.2 53
497.3 20
497.3 1
497.4 0
497.5 0
497.5 0
497.6 0
497.7 0
497.7 3
497.8 35
497.9 103
497.9 162
498.0 119
498.1 160
498.1 281
498.2 257
498.3 20
498.3 2
498.4 0
498.5 18
498.5 15
498.6 4
498.7 0
498.7 54
498.8 127
498.9 114
498.9 81
499.0 55
499.1 29
499.1 9
499.2 4
499.3 11
499.3 9
499.4 20
499.5 37
499.5 25
499.6 59
499.7 85
499.7 86
499.8 181
499.9 206
499.9 234
500.0 121
500.1 101
500.1 58
500.2 92
500.3 89
500.3 61
500.4 57
500.5 81
500.5 15
500.6 16
500.7 71
500.7 105
500.8 50
500.9 45
500.9 79
501.0 110
501.1 145
501.1 326
501.2 448
501.3 362
501.3 82
501.4 9
501.5 1
501.5 43
501.6 32
501.7 14
501.7 41
501.8 61
501.9 45
501.9 54
502.0 86
502.1 39
502.1 53
502.2 118
502.3 102
502.3 50
502.4 55
502.5 28
502.5 10
502.6 39
502.7 68
502.7 85
502.8 300
502.9 663
502.9 819
503.0 940
503.1 826
503.1 749
503.2 629
503.3 512
503.3 268
503.4 124
503.5 212
503.5 140
503.6 47
503.7 45
503.7 78
503.8 65
503.9 56
503.9 38
504.0 23
504.1 6
504.1 5
504.2 49
504.3 194
504.3 258
504.4 66
504.5 43
504.5 21
504.6 6
504.7 0
504.7 0
504.8 0
504.9 0
504.9 0
505.0 0
505.1 8
505.1 49
505.2 148
505.3 239
505.3 167
505.4 64
505.5 27
505.5 27
505.6 44
505.7 68
505.7 39
505.8 97
505.9 279
505.9 340
506.0 171
506.1 111
506.1 184
506.2 171
506.3 113
506.3 143
506.4 191
506.5 68
506.5 60
506.6 2
506.7 145
506.7 121
506.8 74
506.9 249
506.9 217
507.0 139
507.1 102
507.1 129
507.2 120
507.3 175
507.3 110
507.4 37
507.5 46
507.5 106
507.6 39
507.7 30
507.7 68
507.8 61
507.9 21
507.9 41
508.0 173
508.1 304
508.1 278
508.2 205
508.3 27
508.3 3
508.4 25
508.5 18
508.5 5
508.6 0
508.7 0
508.7 99
508.8 117
508.9 53
508.9 11
509.0 81
509.1 209
509.1 195
509.2 34
509.3 49
509.3 74
509.4 24
509.5 2
509.5 0
509.6 10
509.7 43
509.7 44
509.8 65
509.9 171
509.9 228
510.0 98
510.1 49
510.1 51
510.2 31
510.3 21
510.3 75
510.4 89
510.5 23
510.5 4
510.6 1
510.7 0
510.7 12
510.8 35
510.9 47
510.9 153
511.0 140
511.1 63
511.1 14
511.2 75
511.3 229
511.3 238
511.4 105
511.5 47
511.5 12
511.6 4
511.7 6
511.7 30
511.8 44
511.9 26
511.9 9
512.0 73
512.1 130
512.1 121
512.2 236
512.3 330
512.3 308
512.4 150
512.5 169
512.5 105
512.6 40
512.7 1
512.7 0
512.8 0
512.9 0
512.9 12
513.0 48
513.1 45
513.1 26
513.2 65
513.3 62
513.3 27
513.4 37
513.5 94
513.5 94
513.6 36
513.7 38
513.7 101
513.8 103
513.9 79
513.9 57
514.0 58
514.1 39
514.1 9
514.2 0
514.3 0
514.3 0
514.4 0
514.5 0
514.5 0
514.6 17
514.7 61
514.7 71
514.8 7
514.9 15
514.9 93
515.0 81
515.1 82
515.1 76
515.2 29
515.3 48
515.3 99
515.4 28
515.5 0
515.5 0
515.6 4
515.7 17
515.7 17
515.8 30
515.9 57
515.9 73
516.0 136
516.1 101
516.1 135
516.2 161
516.3 78
516.3 35
516.4 71
516.5 35
516.5 8
516.6 33
516.7 25
516.7 48
516.8 128
516.9 85
516.9 31
517.0 79
517.1 128
517.1 252
517.2 278
517.3 183
517.3 17
517.4 5
517.5 1
517.5 0
517.6 8
517.7 26
517.7 6
517.8 5
517.9 16
517.9 13
518.0 53
518.1 152
518.1 111
518.2 108
518.3 156
518.3 269
518.4 88
518.5 21
518.5 28
518.6 8
518.7 1
518.7 0
518.8 31
518.9 53
518.9 11
519.0 17
519.1 105
519.1 232
519.2 242
519.3 157
519.3 88
519.4 39
519.5 1
519.5 0
519.6 27
519.7 24
519.7 31
519.8 142
519.9 216
519.9 136
520.0 226
520.1 173
520.1 147
520.2 135
520.3 277
520.3 258
520.4 122
520.5 6
520.5 9
520.6 6
520.7 53
520.7 206
520.8 295
520.9 135
520.9 126
521.0 237
521.1 371
521.1 437
521.2 420
521.3 428
521.3 286
521.4 90
521.5 99
521.5 71
521.6 62
521.7 13
521.7 3
521.8 0
521.9 0
521.9 23
522.0 68
522.1 62
522.1 23
522.2 33
522.3 63
522.3 141
522.4 174
522.5 158
522.5 153
522.6 83
522.7 14
522.7 0
522.8 0
522.9 64
522.9 269
523.0 418
523.1 291
523.1 152
523.2 148
523.3 245
523.3 240
523.4 162
523.5 192
523.5 113
523.6 44
523.7 18
523.7 3
523.8 0
523.9 13
523.9 54
524.0 207
524.1 391
524.1 219
524.2 149
524.3 85
524.3 26
524.4 1
524.5 0
524.5 1
524.6 7
524.7 11
524.7 32
524.8 90
524.9 132
524.9 53
525.0 21
525.1 50
525.1 171
525.2 161
525.3 190
525.3 196
525.4 218
525.5 88
525.5 3
525.6 0
525.7 0
525.7 0
525.8 0
525.9 10
525.9 23
526.0 89
526.1 101
526.1 108
526.2 89
526.3 98
526.3 89
526.4 100
526.5 138
526.5 105
526.6 59
526.7 81
526.7 113
526.8 118
526.9 72
526.9 94
527.0 103
527.1 157
527.1 317
527.2 256
527.3 141
527.3 53
527.4 98
527.5 110
527.5 35
527.6 9
527.7 27
527.7 63
527.8 56
527.9 43
527.9 14
528.0 43
528.1 54
528.1 222
528.2 599
528.3 633
528.3 364
528.4 167
528.5 119
528.5 169
528.6 233
528.7 660
528.7 736
528.8 647
528.9 532
528.9 728
529.0 624
529.1 416
529.1 751
529.2 791
529.3 454
529.3 401
529.4 408
529.5 308
529.5 74
529.6 132
529.7 182
529.7 128
529.8 50
529.9 31
529.9 124
530.0 162
530.1 148
530.1 134
530.2 108
530.3 112
530.3 41
530.4 10
530.5 1
530.5 0
530.6 0
530.7 9
530.7 27
530.8 33
530.9 17
530.9 4
531.0 0
531.1 17
531.1 46
531.2 36
531.3 90
531.3 90
531.4 19
531.5 2
531.5 0
531.6 0
531.7 0
531.7 0
531.8 41
531.9 141
531.9 271
532.0 432
532.1 352
532.1 247
532.2 191
532.3 76
532.3 21
532.4 3
532.5 0
532.5 0
532.6 30
532.7 128
532.7 230
532.8 274
532.9 215
532.9 123
533.0 350
533.1 255
533.1 202
533.2 249
533.3 190
533.3 349
533.4 329
533.5 140
533.5 23
533.6 2
533.7 0
533.7 12
533.8 50
533.9 157
533.9 285
534.0 419
534.1 676
534.1 812
534.2 768
534.3 740
534.3 763
534.4 846
534.5 445
534.5 314
534.6 122
534.7 39
534.7 60
534.8 78
534.9 64
534.9 57
535.0 67
535.1 73
535.1 71
535.2 12
535.3 38
535.3 144
535.4 209
535.5 93
535.5 33
535.6 65
535.7 66
535.7 0
535.8 0
535.9 0
535.9 0
536.0 0
536.1 0
536.1 0
536.2 0
536.3 51
536.3 210
536.4 208
536.5 165
536.5 130
536.6 65
536.7 31
536.7 57
536.8 147
536.9 157
536.9 30
537.0 3
537.1 190
537.1 230
537.2 146
537.3 57
537.3 55
537.4 118
537.5 154
537.5 129
537.6 136
537.7 146
537.7 102
537.8 15
537.9 5
537.9 9
538.0 23
538.1 44
538.1 92
538.2 143
538.3 86
538.3 31
538.4 44
538.5 85
538.5 74
538.6 40
538.7 28
538.7 85
538.8 92
538.9 143
538.9 250
539.0 172
539.1 77
539.1 102
539.2 145
539.3 144
539.3 100
539.4 31
539.5 13
539.5 9
539.6 1
539.7 9
539.7 45
539.8 63
539.9 60
539.9 129
540.0 248
540.1 180
540.1 71
540.2 53
540.3 135
540.3 173
540.4 99
540.5 114
540.5 151
540.6 186
540.7 290
540.7 288
540.8 131
540.9 222
540.9 203
541.0 172
541.1 194
541.1 188
541.2 248
541.3 226
541.3 108
541.4 44
541.5 63
541.5 54
541.6 40
541.7 131
541.7 320
541.8 507
541.9 511
541.9 363
542.0 359
542.1 377
542.1 793
542.2 783
542.3 342
542.3 124
542.4 72
542.5 29
542.5 17
542.6 75
542.7 140
542.7 84
542.8 14
542.9 28
542.9 149
543.0 199
543.1 84
543.1 70
543.2 246
543.3 405
543.3 415
543.4 462
543.5 215
543.5 127
543.6 206
543.7 195
543.7 106
543.8 71
543.9 46
543.9 41
544.0 87
544.1 302
544.1 322
544.2 206
544.3 85
544.3 41
544.4 84
544.5 193
544.5 177
544.6 91
544.7 51
544.7 40
544.8 67
544.9 96
544.9 185
545.0 228
545.1 199
545.1 160
545.2 123
545.3 58
545.3 63
545.4 61
545.5 29
545.5 13
545.6 3
545.7 0
545.7 63
545.8 173
545.9 62
545.9 19
546.0 66
546.1 163
546.1 143
546.2 143
546.3 160
546.3 202
546.4 168
546.5 222
546.5 330
546.6 525
546.7 714
546.7 955
546.8 1614
546.9 2166
546.9 2289
547.0 2266
547.1 2665
547.1 2912
547.2 2408
547.3 1438
547.3 828
547.4 475
547.5 253
547.5 79
547.6 98
547.7 276
547.7 174
547.8 120
547.9 110
547.9 75
548.0 56
548.1 219
548.1 359
548.2 300
548.3 256
548.3 145
548.4 106
548.5 35
548.5 7
548.6 49
548.7 71
548.7 43
548.8 21
548.9 46
548.9 77
549.0 39
549.1 83
549.1 70
549.2 30
549.3 28
549.3 70
549.4 117
549.5 86
549.5 15
549.6 21
549.7 41
549.7 28
549.8 38
549.9 109
549.9 272
550.0 379
550.1 269
550.1 21
550.2 5
550.3 15
550.3 52
550.4 59
550.5 28
550.5 42
550.6 78
550.7 53
550.7 14
550.8 16
550.9 259
550.9 304
551.0 236
551.1 119
551.1 55
551.2 29
551.3 103
551.3 136
551.4 118
551.5 66
551.5 27
551.6 36
551.7 16
551.7 1
551.8 14
551.9 260
551.9 325
552.0 110
552.1 90
552.1 148
552.2 120
552.3 77
552.3 104
552.4 190
552.5 242
552.5 208
552.6 62
552.7 117
552.7 190
552.8 115
552.9 39
552.9 64
553.0 91
553.1 86
553.1 101
553.2 55
553.3 13
553.3 3
553.4 38
553.5 116
553.5 32
553.6 1
553.7 25
553.7 59
553.8 50
553.9 15
553.9 73
554.0 145
554.1 69
554.1 31
554.2 37
554.3 127
554.3 222
554.4 93
554.5 12
554.5 5
554.6 1
554.7 15
554.7 35
554.8 52
554.9 68
554.9 41
555.0 122
555.1 205
555.1 119
555.2 66
555.3 44
555.3 55
555.4 76
555.5 20
555.5 80
555.6 316
555.7 222
555.7 44
555.8 47
555.9 144
555.9 123
556.0 25
556.1 2
556.1 0
556.2 2
556.3 74
556.3 200
556.4 184
556.5 242
556.5 225
556.6 106
556.7 39
556.7 57
556.8 76
556.9 47
556.9 75
557.0 163
557.1 132
557.1 39
557.2 18
557.3 38
557.3 59
557.4 57
557.5 18
557.5 120
557.6 130
557.7 47
557.7 7
557.8 2
557.9 0
557.9 11
558.0 51
558.1 33
558.1 62
558.2 72
558.3 67
558.3 159
558.4 71
558.5 11
558.5 0
558.6 0
558.7 16
558.7 58
558.8 79
558.9 51
558.9 64
559.0 110
559.1 71
559.1 16
559.2 7
559.3 20
559.3 133
559.4 219
559.5 160
559.5 104
559.6 206
559.7 153
559.7 94
559.8 127
559.9 164
559.9 215
560.0 141
560.1 78
560.1 101
560.2 131
560.3 129
560.3 166
560.4 187
560.5 101
560.5 64
560.6 85
560.7 139
560.7 315
560.8 317
560.9 212
560.9 135
561.0 151
561.1 294
561.1 400
561.2 171
561.3 51
561.3 11
561.4 27
561.5 23
561.5 11
561.6 0
561.7 0
561.7 40
561.8 83
561.9 25
561.9 1
562.0 21
562.1 82
562.1 192
562.2 162
562.3 109
562.3 93
562.4 89
562.5 14
562.5 1
562.6 10
562.7 14
562.7 4
562.8 1
562.9 54
562.9 179
563.0 196
563.1 150
563.1 216
563.2 267
563.3 117
563.3 17
563.4 53
563.5 81
563.5 88
563.6 148
563.7 106
563.7 26
563.8 3
563.9 19
563.9 207
564.0 500
564.1 357
564.1 379
564.2 580
564.3 749
564.3 676
564.4 337
564.5 156
564.5 140
564.6 119
564.7 77
564.7 103
564.8 148
564.9 122
564.9 224
565.0 456
565.1 925
565.1 1319
565.2 1329
565.3 837
565.3 720
565.4 801
565.5 509
565.5 172
565.6 92
565.7 10
565.7 30
565.8 30
565.9 45
565.9 98
566.0 153
566.1 116
566.1 134
566.2 109
566.3 72
566.3 61
566.4 38
566.5 2
566.5 0
566.6 0
566.7 44
566.7 127
566.8 128
566.9 6
566.9 20
567.0 61
567.1 106
567.1 128
567.2 60
567.3 58
567.3 36
567.4 7
567.5 0
567.5 0
567.6 0
567.7 0
567.7 0
567.8 0
567.9 0
567.9 0
568.0 0
568.1 31
568.1 62
568.2 65
568.3 128
568.3 109
568.4 16
568.5 14
568.5 53
568.6 39
568.7 72
568.7 114
568.8 76
568.9 19
568.9 0
569.0 0
569.1 36
569.1 65
569.2 48
569.3 105
569.3 98
569.4 112
569.5 127
569.5 15
569.6 19
569.7 57
569.7 58
569.8 42
569.9 133
569.9 56
570.0 21
570.1 73
570.1 211
570.2 136
570.3 26
570.3 22
570.4 100
570.5 161
570.5 89
570.6 132
570.7 329
570.7 371
570.8 212
570.9 220
570.9 180
571.0 198
571.1 147
571.1 138
571.2 122
571.3 117
571.3 115
571.4 193
571.5 157
571.5 63
571.6 13
571.7 9
571.7 30
571.8 63
571.9 152
571.9 207
572.0 162
572.1 210
572.1 266
572.2 261
572.3 228
572.3 119
572.4 85
572.5 250
572.5 338
572.6 444
572.7 478
572.7 562
572.8 660
572.9 716
572.9 644
573.0 1035
573.1 1466
573.1 1563
573.2 988
573.3 586
573.3 656
573.4 457
573.5 343
573.5 173
573.6 72
573.7 99
573.7 56
573.8 20
573.9 56
573.9 141
574.0 167
574.1 133
574.1 82
574.2 56
574.3 92
574.3 143
574.4 110
574.5 45
574.5 21
574.6 62
574.7 214
574.7 265
574.8 77
574.9 17
574.9 4
575.0 36
575.1 175
575.1 355
575.2 339
575.3 236
575.3 154
575.4 136
575.5 122
575.5 68
575.6 41
575.7 137
575.7 96
575.8 29
575.9 5
575.9 21
576.0 51
576.1 34
576.1 44
576.2 255
576.3 457
576.3 71
576.4 27
576.5 73
576.5 81
576.6 69
576.7 91
576.7 113
576.8 63
576.9 71
576.9 58
577.0 91
577.1 66
577.1 45
577.2 168
577.3 166
577.3 92
577.4 55
577.5 51
577.5 52
577.6 24
577.7 5
577.7 3
577.8 22
577.9 41
577.9 9
578.0 33
578.1 128
578.1 164
578.2 182
578.3 165
578.3 122
578.4 8
578.5 1
578.5 26
578.6 73
578.7 79
578.7 84
578.8 36
578.9 13
578.9 39
579.0 39
579.1 27
579.1 63
579.2 102
579.3 50
579.3 73
579.4 117
579.5 120
579.5 107
579.6 43
579.7 31
579.7 63
579.8 66
579.9 47
579.9 7
580.0 0
580.1 0
580.1 0
580.2 9
580.3 64
580.3 175
580.4 213
580.5 42
580.5 10
580.6 0
580.7 0
580.7 0
580.8 0
580.9 0
580.9 0
581.0 86
581.1 214
581.1 174
581.2 50
581.3 2
581.3 0
581.4 8
581.5 68
581.5 92
581.6 21
581.7 0
581.7 0
581.8 0
581.9 0
581.9 5
582.0 18
582.1 19
582.1 7
582.2 78
582.3 149
582.3 121
582.4 42
582.5 9
582.5 11
582.6 33
582.7 34
582.7 12
582.8 2
582.9 0
582.9 0
583.0 7
583.1 33
583.1 41
583.2 2
583.3 0
583.3 100
583.4 306
583.5 223
583.5 41
583.6 145
583.7 251
583.7 246
583.8 136
583.9 56
583.9 24
584.0 75
584.1 223
584.1 160
584.2 48
584.3 35
584.3 114
584.4 150
584.5 112
584.5 51
584.6 12
584.7 0
584.7 0
584.8 1
584.9 76
584.9 86
585.0 62
585.1 122
585.1 106
585.2 56
585.3 75
585.3 60
585.4 51
585.5 114
585.5 217
585.6 247
585.7 103
585.7 21
585.8 3
585.9 0
585.9 1
586.0 12
586.1 55
586.1 147
586.2 238
586.3 273
586.3 200
586.4 199
586.5 180
586.5 63
586.6 23
586.7 38
586.7 87
586.8 88
586.9 70
586.9 67
587.0 5
587.1 96
587.1 207
587.2 275
587.3 291
587.3 212
587.4 161
587.5 73
587.5 10
587.6 0
587.7 54
587.7 185
587.8 249
587.9 181
587.9 98
588.0 15
588.1 48
588.1 45
588.2 66
588.3 171
588.3 251
588.4 247
588.5 180
588.5 142
588.6 170
588.7 325
588.7 280
588.8 179
588.9 95
588.9 298
589.0 464
589.1 725
589.1 777
589.2 786
589.3 812
589.3 772
589.4 619
589.5 578
589.5 530
589.6 299
589.7 80
589.7 25
589.8 4
589.9 9
589.9 118
590.0 351
590.1 477
590.1 390
590.2 243
590.3 128
590.3 137
590.4 143
590.5 295
590.5 370
590.6 291
590.7 199
590.7 219
590.8 320
590.9 521
590.9 646
591.0 819
591.1 1122
591.1 1345
591.2 1263
591.3 1001
591.3 640
591.4 461
591.5 305
591.5 227
591.6 284
591.7 241
591.7 225
591.8 341
591.9 366
591.9 167
592.0 82
592.1 89
592.1 145
592.2 63
592.3 124
592.3 162
592.4 184
592.5 124
592.5 92
592.6 141
592.7 179
592.7 141
592.8 96
592.9 173
592.9 513
593.0 853
593.1 1014
593.1 1099
593.2 1014
593.3 926
593.3 795
593.4 554
593.5 603
593.5 540
593.6 274
593.7 136
593.7 244
593.8 245
593.9 263
593.9 587
594.0 673
594.1 542
594.1 647
594.2 880
594.3 925
594.3 1095
594.4 876
594.5 586
594.5 281
594.6 81
594.7 148
594.7 291
594.8 455
594.9 403
594.9 472
595.0 390
595.1 563
595.1 996
595.2 1468
595.3 919
595.3 374
595.4 205
595.5 200
595.5 186
595.6 82
595.7 17
595.7 22
595.8 65
595.9 26
595.9 5
596.0 92
596.1 314
596.1 439
596.2 222
596.3 27
596.3 1
596.4 0
596.5 0
596.5 0
596.6 0
596.7 0
596.7 0
596.8 0
596.9 93
596.9 136
597.0 61
597.1 39
597.1 10
597.2 52
597.3 40
597.3 9
597.4 1
597.5 6
597.5 22
597.6 115
597.7 175
597.7 85
597.8 40
597.9 33
597.9 58
598.0 76
598.1 41
598.1 0
598.2 0
598.3 2
598.3 44
598.4 90
598.5 113
598.5 19
598.6 3
598.7 0
598.7 0
598.8 11
598.9 34
598.9 31
599.0 1
599.1 28
599.1 86
599.2 125
599.3 92
599.3 19
599.4 3
599.5 21
599.5 77
599.6 86
599.7 154
599.7 73
599.8 50
599.9 34
599.9 9
600.0 1
600.1 0
600.1 0
600.2 38
600.3 155
600.3 209
600.4 93
600.5 6
600.5 1
600.6 13
600.7 37
600.7 36
600.8 12
600.9 0
600.9 0
601.0 90
601.1 232
601.1 217
601.2 247
601.3 318
601.3 232
601.4 52
601.5 66
601.5 113
601.6 124
601.7 58
601.7 9
601.8 2
601.9 61
601.9 177
602.0 140
602.1 85
602.1 46
602.2 24
602.3 28
602.3 113
602.4 183
602.5 75
602.5 88
602.6 130
602.7 78
602.7 44
602.8 58
602.9 51
602.9 110
603.0 206
603.1 171
603.1 144
603.2 220
603.3 247
603.3 246
603.4 157
603.5 105
603.5 152
603.6 282
603.7 279
603.7 109
603.8 165
603.9 145
603.9 200
604.0 82
604.1 60
604.1 74
604.2 74
604.3 32
604.3 139
604.4 110
604.5 117
604.5 184
604.6 177
604.7 78
604.7 32
604.8 37
604.9 128
604.9 392
605.0 629
605.1 329
605.1 146
605.2 263
605.3 409
605.3 231
605.4 88
605.5 193
605.5 171
605.6 154
605.7 113
605.7 40
605.8 47
605.9 284
605.9 267
606.0 120
606.1 57
606.1 193
606.2 241
606.3 251
606.3 140
606.4 164
606.5 128
606.5 47
606.6 21
606.7 68
606.7 103
606.8 64
606.9 17
606.9 21
607.0 121
607.1 439
607.1 444
607.2 173
607.3 72
607.3 85
607.4 165
607.5 170
607.5 123
607.6 22
607.7 1
607.7 51
607.8 151
607.9 78
607.9 16
608.0 55
608.1 65
608.1 154
608.2 304
608.3 351
608.3 224
608.4 95
608.5 162
608.5 274
608.6 177
608.7 78
608.7 244
608.8 897
608.9 1267
608.9 1222
609.0 1557
609.1 2168
609.1 2984
609.2 2940
609.3 2884
609.3 2689
609.4 1914
609.5 1187
609.5 756
609.6 449
609.7 263
609.7 352
609.8 163
609.9 70
609.9 106
610.0 131
610.1 192
610.1 288
610.2 600
610.3 479
610.3 297
610.4 208
610.5 232
610.5 144
610.6 76
610.7 116
610.7 191
610.8 186
610.9 162
610.9 139
611.0 183
611.1 177
611.1 320
611.2 311
611.3 479
611.3 369
611.4 149
611.5 40
611.5 24
611.6 17
611.7 7
611.7 2
611.8 0
611.9 0
611.9 0
612.0 0
612.1 0
612.1 0
612.2 0
612.3 0
612.3 0
612.4 0
612.5 8
612.5 24
612.6 8
612.7 33
612.7 197
612.8 297
612.9 180
612.9 88
613.0 129
613.1 191
613.1 260
613.2 199
613.3 25
613.3 1
613.4 18
613.5 49
613.5 23
613.6 42
613.7 30
613.7 49
613.8 97
613.9 154
613.9 143
614.0 135
614.1 207
614.1 274
614.2 304
614.3 277
614.3 200
614.4 108
614.5 42
614.5 13
614.6 0
614.7 0
614.7 13
614.8 12
614.9 3
614.9 0
615.0 18
615.1 18
615.1 21
615.2 99
615.3 320
615.3 248
615.4 122
615.5 57
615.5 43
615.6 91
615.7 41
615.7 5
615.8 1
615.9 14
615.9 84
616.0 141
616.1 142
616.1 160
616.2 330
616.3 131
616.3 94
616.4 163
616.5 183
616.5 388
616.6 365
616.7 358
616.7 525
616.8 702
616.9 866
616.9 1124
617.0 1003
617.1 840
617.1 1007
617.2 1119
617.3 1194
617.3 1297
617.4 1301
617.5 1087
617.5 709
617.6 467
617.7 374
617.7 287
617.8 115
617.9 161
617.9 176
618.0 268
618.1 406
618.1 323
618.2 243
618.3 321
618.3 387
618.4 501
618.5 487
618.5 392
618.6 420
618.7 363
618.7 232
618.8 406
618.9 705
618.9 823
619.0 983
619.1 1004
619.1 1160
619.2 1027
619.3 443
619.3 280
619.4 372
619.5 328
619.5 211
619.6 154
619.7 200
619.7 216
619.8 152
619.9 57
619.9 63
620.0 56
620.1 24
620.1 74
620.2 207
620.3 231
620.3 169
620.4 96
620.5 95
620.5 69
620.6 59
620.7 83
620.7 345
620.8 435
620.9 366
620.9 252
621.0 166
621.1 127
621.1 136
621.2 231
621.3 168
621.3 30
621.4 45
621.5 103
621.5 83
621.6 24
621.7 0
621.7 6
621.8 29
621.9 103
621.9 118
622.0 150
622.1 256
622.1 333
622.2 163
622.3 117
622.3 86
622.4 217
622.5 478
622.5 377
622.6 255
622.7 187
622.7 135
622.8 114
622.9 166
622.9 128
623.0 32
623.1 1
623.1 11
623.2 66
623.3 62
623.3 55
623.4 126
623.5 201
623.5 99
623.6 59
623.7 62
623.7 36
623.8 38
623.9 25
623.9 2
624.0 0
624.1 28
624.1 23
624.2 17
624.3 62
624.3 90
624.4 108
624.5 73
624.5 45
624.6 11
624.7 1
624.7 0
624.8 0
624.9 12
624.9 87
625.0 167
625.1 124
625.1 139
625.2 154
625.3 63
625.3 26
625.4 52
625.5 191
625.5 234
625.6 170
625.7 69
625.7 15
625.8 1
625.9 120
625.9 171
626.0 120
626.1 56
626.1 62
626.2 101
626.3 158
626.3 93
626.4 21
626.5 11
626.5 16
626.6 19
626.7 8
626.7 16
626.8 57
626.9 91
626.9 107
627.0 66
627.1 36
627.1 45
627.2 62
627.3 112
627.3 94
627.4 118
627.5 114
627.5 102
627.6 12
627.7 23
627.7 60
627.8 87
627.9 169
627.9 155
628.0 99
628.1 77
628.1 23
628.2 1
628.3 0
628.3 0
628.4 0
628.5 0
628.5 9
628.6 8
628.7 2
628.7 1
628.8 9
628.9 60
628.9 103
629.0 74
629.1 26
629.1 13
629.2 68
629.3 141
629.3 161
629.4 179
629.5 259
629.5 364
629.6 460
629.7 570
629.7 515
629.8 593
629.9 637
629.9 548
630.0 354
630.1 646
630.1 725
630.2 474
630.3 217
630.3 201
630.4 207
630.5 103
630.5 48
630.6 88
630.7 244
630.7 270
630.8 142
630.9 52
630.9 46
631.0 108
631.1 202
631.1 183
631.2 79
631.3 69
631.3 179
631.4 215
631.5 51
631.5 61
631.6 63
631.7 96
631.7 108
631.8 59
631.9 43
631.9 36
632.0 14
632.1 31
632.1 100
632.2 100
632.3 158
632.3 93
632.4 36
632.5 9
632.5 1
632.6 0
632.7 0
632.7 6
632.8 32
632.9 70
632.9 39
633.0 70
633.1 208
633.1 226
633.2 135
633.3 33
633.3 5
633.4 0
633.5 4
633.5 95
633.6 127
633.7 74
633.7 18
633.8 178
633.9 243
633.9 221
634.0 121
634.1 103
634.1 68
634.2 55
634.3 100
634.3 151
634.4 65
634.5 120
634.5 301
634.6 300
634.7 274
634.7 206
634.8 183
634.9 489
634.9 724
635.0 668
635.1 576
635.1 584
635.2 600
635.3 630
635.3 740
635.4 509
635.5 282
635.5 266
635.6 134
635.7 27
635.7 1
635.8 26
635.9 70
635.9 51
636.0 24
636.1 95
636.1 134
636.2 286
636.3 284
636.3 276
636.4 213
636.5 96
636.5 73
636.6 113
636.7 100
636.7 24
636.8 8
636.9 20
636.9 7
637.0 46
637.1 145
637.1 165
637.2 76
637.3 18
637.3 0
637.4 0
637.5 18
637.5 51
637.6 60
637.7 95
637.7 41
637.8 8
637.9 2
637.9 0
638.0 0
638.1 0
638.1 14
638.2 79
638.3 110
638.3 64
638.4 22
638.5 0
638.5 9
638.6 31
638.7 5
638.7 6
638.8 55
638.9 122
638.9 98
639.0 27
639.1 13
639.1 32
639.2 62
639.3 101
639.3 49
639.4 37
639.5 38
639.5 4
639.6 2
639.7 0
639.7 0
639.8 0
639.9 21
639.9 22
640.0 33
640.1 190
640.1 387
640.2 365
640.3 295
640.3 283
640.4 297
640.5 104
640.5 12
640.6 5
640.7 42
640.7 126
640.8 80
640.9 22
640.9 63
641.0 205
641.1 278
641.1 180
641.2 43
641.3 6
641.3 54
641.4 42
641.5 41
641.5 85
641.6 135
641.7 102
641.7 26
641.8 0
641.9 5
641.9 25
642.0 42
642.1 48
642.1 14
642.2 21
642.3 66
642.3 119
642.4 98
642.5 41
642.5 24
642.6 53
642.7 17
642.7 29
642.8 147
642.9 341
642.9 428
643.0 260
643.1 113
643.1 87
643.2 217
643.3 248
643.3 232
643.4 299
643.5 114
643.5 34
643.6 89
643.7 138
643.7 129
643.8 116
643.9 104
643.9 40
644.0 43
644.1 46
644.1 54
644.2 142
644.3 161
644.3 232
644.4 128
644.5 25
644.5 2
644.6 2
644.7 37
644.7 72
644.8 16
644.9 59
644.9 180
645.0 270
645.1 264
645.1 258
645.2 215
645.3 162
645.3 110
645.4 379
645.5 623
645.5 507
645.6 447
645.7 275
645.7 525
645.8 554
645.9 444
645.9 506
646.0 363
646.1 392
646.1 381
646.2 266
646.3 182
646.3 46
646.4 85
646.5 166
646.5 132
646.6 53
646.7 36
646.7 22
646.8 6
646.9 24
646.9 128
647.0 212
647.1 147
647.1 104
647.2 125
647.3 252
647.3 315
647.4 494
647.5 572
647.5 515
647.6 213
647.7 153
647.7 139
647.8 160
647.9 364
647.9 484
648.0 352
648.1 176
648.1 163
648.2 333
648.3 621
648.3 379
648.4 152
648.5 60
648.5 77
648.6 149
648.7 244
648.7 222
648.8 148
648.9 103
648.9 119
649.0 119
649.1 77
649.1 78
649.2 146
649.3 209
649.3 202
649.4 178
649.5 22
649.5 4
649.6 25
649.7 22
649.7 7
649.8 35
649.9 115
649.9 183
650.0 196
650.1 198
650.1 221
650.2 186
650.3 167
650.3 144
650.4 141
650.5 118
650.5 55
650.6 4
650.7 1
650.7 18
650.8 44
650.9 86
650.9 184
651.0 241
651.1 157
651.1 47
651.2 27
651.3 124
651.3 217
651.4 189
651.5 68
651.5 21
651.6 3
651.7 1
651.7 3
651.8 165
651.9 168
651.9 93
652.0 42
652.1 119
652.1 114
652.2 53
652.3 10
652.3 9
652.4 60
652.5 70
652.5 72
652.6 121
652.7 153
652.7 202
652.8 218
652.9 191
652.9 167
653.0 138
653.1 230
653.1 352
653.2 302
653.3 171
653.3 167
653.4 106
653.5 14
653.5 33
653.6 32
653.7 24
653.7 162
653.8 170
653.9 69
653.9 4
654.0 9
654.1 31
654.1 33
654.2 1
654.3 0
654.3 0
654.4 0
654.5 0
654.5 0
654.6 15
654.7 58
654.7 113
654.8 149
654.9 110
654.9 101
655.0 213
655.1 364
655.1 215
655.2 119
655.3 77
655.3 61
655.4 26
655.5 79
655.5 85
655.6 8
655.7 3
655.7 0
655.8 33
655.9 103
655.9 128
656.0 89
656.1 111
656.1 92
656.2 18
656.3 91
656.3 90
656.4 35
656.5 34
656.5 80
656.6 43
656.7 76
656.7 125
656.8 36
656.9 42
656.9 170
657.0 124
657.1 85
657.1 158
657.2 335
657.3 345
657.3 210
657.4 384
657.5 370
657.5 322
657.6 207
657.7 83
657.7 181
657.8 125
657.9 112
657.9 141
658.0 178
658.1 247
658.1 382
658.2 398
658.3 317
658.3 175
658.4 32
658.5 111
658.5 203
658.6 185
658.7 86
658.7 48
658.8 139
658.9 255
658.9 341
659.0 281
659.1 114
659.1 29
659.2 213
659.3 387
659.3 195
659.4 105
659.5 170
659.5 163
659.6 71
659.7 48
659.7 50
659.8 111
659.9 185
659.9 87
660.0 30
660.1 24
660.1 10
660.2 1
660.3 0
660.3 0
660.4 0
660.5 34
660.5 149
660.6 270
660.7 342
660.7 254
660.8 270
660.9 280
660.9 330
661.0 602
661.1 885
661.1 882
661.2 822
661.3 534
661.3 527
661.4 452
661.5 245
661.5 182
661.6 138
661.7 39
661.7 3
661.8 0
661.9 0
661.9 39
662.0 165
662.1 217
662.1 237
662.2 220
662.3 266
662.3 167
662.4 80
662.5 44
662.5 0
662.6 0
662.7 0
662.7 29
662.8 94
662.9 95
662.9 55
663.0 5
663.1 59
663.1 188
663.2 146
663.3 162
663.3 269
663.4 262
663.5 211
663.5 197
663.6 113
663.7 49
663.7 11
663.8 22
663.9 16
663.9 3
664.0 0
664.1 14
664.1 126
664.2 153
664.3 178
664.3 157
664.4 163
664.5 116
664.5 167
664.6 105
664.7 43
664.7 52
664.8 55
664.9 59
664.9 22
665.0 55
665.1 146
665.1 184
665.2 146
665.3 111
665.3 104
665.4 152
665.5 119
665.5 74
665.6 69
665.7 61
665.7 35
665.8 85
665.9 105
665.9 50
666.0 1
666.1 0
666.1 0
666.2 0
666.3 88
666.3 200
666.4 188
666.5 144
666.5 99
666.6 41
666.7 18
666.7 1
666.8 0
666.9 58
666.9 126
667.0 38
667.1 2
667.1 0
667.2 2
667.3 9
667.3 60
667.4 101
667.5 83
667.5 50
667.6 127
667.7 215
667.7 71
667.8 34
667.9 6
667.9 1
668.0 0
668.1 0
668.1 30
668.2 104
668.3 158
668.3 127
668.4 48
668.5 8
668.5 14
668.6 35
668.7 31
668.7 10
668.8 61
668.9 251
668.9 310
669.0 373
669.1 371
669.1 204
669.2 36
669.3 45
669.3 129
669.4 130
669.5 81
669.5 18
669.6 1
669.7 0
669.7 18
669.8 64
669.9 44
669.9 17
670.0 4
670.1 0
670.1 0
670.2 8
670.3 18
670.3 11
670.4 0
670.5 0
670.5 0
670.6 0
670.7 118
670.7 319
670.8 367
670.9 171
670.9 69
671.0 21
671.1 4
671.1 25
671.2 99
671.3 53
671.3 7
671.4 102
671.5 126
671.5 68
671.6 41
671.7 52
671.7 36
671.8 31
671.9 76
671.9 189
672.0 318
672.1 411
672.1 271
672.2 168
672.3 98
672.3 176
672.4 371
672.5 373
672.5 135
672.6 64
672.7 124
672.7 75
672.8 80
672.9 103
672.9 172
673.0 262
673.1 362
673.1 497
673.2 509
673.3 608
673.3 473
673.4 104
673.5 32
673.5 48
673.6 19
673.7 54
673.7 151
673.8 212
673.9 199
673.9 112
674.0 121
674.1 188
674.1 198
674.2 167
674.3 288
674.3 397
674.4 363
674.5 234
674.5 152
674.6 56
674.7 18
674.7 3
674.8 1
674.9 88
674.9 102
675.0 49
675.1 4
675.1 3
675.2 70
675.3 56
675.3 62
675.4 112
675.5 223
675.5 269
675.6 76
675.7 10
675.7 0
675.8 11
675.9 32
675.9 32
676.0 47
676.1 121
676.1 206
676.2 267
676.3 193
676.3 67
676.4 105
676.5 174
676.5 200
676.6 100
676.7 28
676.7 14
676.8 158
676.9 147
676.9 242
677.0 380
677.1 220
677.1 53
677.2 54
677.3 152
677.3 199
677.4 137
677.5 83
677.5 104
677.6 64
677.7 56
677.7 120
677.8 139
677.9 104
677.9 24
678.0 0
678.1 0
678.1 74
678.2 143
678.3 149
678.3 137
678.4 94
678.5 26
678.5 6
678.6 12
678.7 29
678.7 116
678.8 190
678.9 121
678.9 173
679.0 375
679.1 754
679.1 900
679.2 809
679.3 562
679.3 277
679.4 174
679.5 163
679.5 147
679.6 111
679.7 200
679.7 165
679.8 83
679.9 40
679.9 53
680.0 77
680.1 27
680.1 83
680.2 265
680.3 429
680.3 447
680.4 432
680.5 324
680.5 109
680.6 133
680.7 53
680.7 13
680.8 3
680.9 0
680.9 0
681.0 3
681.1 49
681.1 112
681.2 131
681.3 136
681.3 174
681.4 162
681.5 69
681.5 29
681.6 36
681.7 25
681.7 0
681.8 11
681.9 26
681.9 69
682.0 46
682.1 14
682.1 1
682.2 0
682.3 0
682.3 8
682.4 144
682.5 317
682.5 238
682.6 195
682.7 200
682.7 47
682.8 22
682.9 47
682.9 55
683.0 178
683.1 407
683.1 348
683.2 266
683.3 481
683.3 704
683.4 512
683.5 314
683.5 306
683.6 290
683.7 270
683.7 130
683.8 26
683.9 62
683.9 207
684.0 234
684.1 293
684.1 281
684.2 348
684.3 524
684.3 490
684.4 483
684.5 513
684.5 763
684.6 726
684.7 356
684.7 86
684.8 71
684.9 104
684.9 116
685.0 180
685.1 398
685.1 499
685.2 451
685.3 390
685.3 396
685.4 298
685.5 366
685.5 242
685.6 135
685.7 60
685.7 10
685.8 26
685.9 119
685.9 219
686.0 244
686.1 280
686.1 365
686.2 308
686.3 210
686.3 104
686.4 139
686.5 176
686.5 102
686.6 21
686.7 0
686.7 5
686.8 42
686.9 172
686.9 210
687.0 101
687.1 54
687.1 116
687.2 130
687.3 49
687.3 84
687.4 81
687.5 42
687.5 34
687.6 54
687.7 44
687.7 13
687.8 41
687.9 57
687.9 149
688.0 265
688.1 160
688.1 108
688.2 86
688.3 49
688.3 23
688.4 93
688.5 136
688.5 40
688.6 3
688.7 34
688.7 111
688.8 198
688.9 151
688.9 91
689.0 50
689.1 20
689.1 36
689.2 39
689.3 23
689.3 15
689.4 14
689.5 65
689.5 90
689.6 41
689.7 10
689.7 0
689.8 0
689.9 1
689.9 49
690.0 40
690.1 79
690.1 153
690.2 353
690.3 509
690.3 483
690.4 346
690.5 218
690.5 247
690.6 236
690.7 120
690.7 96
690.8 143
690.9 237
690.9 213
691.0 180
691.1 199
691.1 112
691.2 80
691.3 117
691.3 60
691.4 94
691.5 90
691.5 103
691.6 179
691.7 152
691.7 70
691.8 162
691.9 135
691.9 80
692.0 24
692.1 3
692.1 0
692.2 0
692.3 0
692.3 26
692.4 134
692.5 239
692.5 185
692.6 83
692.7 107
692.7 153
692.8 109
692.9 73
692.9 182
693.0 504
693.1 720
693.1 637
693.2 508
693.3 470
693.3 264
693.4 138
693.5 134
693.5 300
693.6 453
693.7 340
693.7 219
693.8 209
693.9 298
693.9 361
694.0 322
694.1 295
694.1 453
694.2 527
694.3 548
694.3 230
694.4 103
694.5 45
694.5 17
694.6 1
694.7 20
694.7 71
694.8 106
694.9 106
694.9 107
695.0 74
695.1 24
695.1 2
695.2 0
695.3 0
695.3 22
695.4 90
695.5 85
695.5 47
695.6 30
695.7 4
695.7 243
695.8 239
695.9 129
695.9 119
696.0 153
696.1 70
696.1 27
696.2 34
696.3 27
696.3 71
696.4 85
696.5 65
696.5 17
696.6 2
696.7 0
696.7 0
696.8 16
696.9 54
696.9 96
697.0 253
697.1 373
697.1 436
697.2 489
697.3 352
697.3 272
697.4 211
697.5 173
697.5 152
697.6 96
697.7 51
697.7 9
697.8 0
697.9 0
697.9 22
698.0 88
698.1 101
698.1 78
698.2 155
698.3 362
698.3 406
698.4 459
698.5 354
698.5 321
698.6 427
698.7 517
698.7 446
698.8 274
698.9 181
698.9 84
699.0 39
699.1 146
699.1 150
699.2 245
699.3 294
699.3 181
699.4 128
699.5 191
699.5 131
699.6 64
699.7 17
699.7 34
699.8 27
699.9 0
699.9 13
700.0 44
700.1 55
700.1 226
700.2 215
700.3 223
700.3 310
700.4 228
700.5 207
700.5 338
700.6 359
700.7 286
700.7 161
700.8 250
700.9 446
700.9 282
701.0 218
701.1 304
701.1 237
701.2 448
701.3 921
701.3 1516
701.4 1441
701.5 1146
701.5 864
701.6 693
701.7 279
701.7 111
701.8 30
701.9 41
701.9 76
702.0 64
702.1 111
702.1 247
702.2 341
702.3 332
702.3 335
702.4 346
702.5 257
702.5 182
702.6 389
702.7 402
702.7 143
702.8 37
702.9 115
702.9 144
703.0 225
703.1 332
703.1 439
703.2 427
703.3 319
703.3 170
703.4 84
703.5 142
703.5 105
703.6 54
703.7 76
703.7 152
703.8 172
703.9 136
703.9 111
704.0 74
704.1 292
704.1 296
704.2 203
704.3 149
704.3 174
704.4 169
704.5 75
704.5 221
704.6 139
704.7 141
704.7 314
704.8 597
704.9 591
704.9 745
705.0 857
705.1 1364
705.1 1632
705.2 1369
705.3 1178
705.3 1069
705.4 793
705.5 425
705.5 417
705.6 427
705.7 613
705.7 633
705.8 644
705.9 637
705.9 903
706.0 1564
706.1 1763
706.1 1783
706.2 1348
706.3 959
706.3 804
706.4 801
706.5 706
706.5 639
706.6 474
706.7 237
706.7 97
706.8 186
706.9 243
706.9 215
707.0 256
707.1 532
707.1 718
707.2 713
707.3 950
707.3 1241
707.4 866
707.5 651
707.5 701
707.6 928
707.7 754
707.7 872
707.8 1012
707.9 1325
707.9 1835
708.0 2576
708.1 3563
708.1 4764
708.2 6000
708.3 7321
708.3 7697
708.4 7655
708.5 6258
708.5 5256
708.6 3560
708.7 1867
708.7 1425
708.8 1054
708.9 983
708.9 1226
709.0 1235
709.1 1768
709.1 2207
709.2 2832
709.3 3405
709.3 4056
709.4 4508
709.5 3517
709.5 2328
709.6 1569
709.7 927
709.7 467
709.8 154
709.9 75
709.9 32
710.0 122
710.1 260
710.1 188
710.2 113
710.3 136
710.3 123
710.4 22
710.5 47
710.5 157
710.6 118
710.7 67
710.7 33
710.8 20
710.9 8
710.9 63
711.0 171
711.1 195
711.1 149
711.2 105
711.3 81
711.3 51
711.4 11
711.5 27
711.5 101
711.6 130
711.7 43
711.7 2
711.8 0
711.9 0
711.9 0
712.0 38
712.1 118
712.1 191
712.2 144
712.3 66
712.3 28
712.4 9
712.5 22
712.5 25
712.6 10
712.7 75
712.7 110
712.8 92
712.9 112
712.9 103
713.0 45
713.1 4
713.1 5
713.2 60
713.3 80
713.3 44
713.4 5
713.5 0
713.5 0
713.6 0
713.7 18
713.7 88
713.8 93
713.9 54
713.9 93
714.0 57
714.1 14
714.1 15
714.2 54
714.3 70
714.3 69
714.4 35
714.5 112
714.5 177
714.6 43
714.7 66
714.7 62
714.8 40
714.9 70
714.9 103
715.0 44
715.1 52
715.1 70
715.2 172
715.3 171
715.3 37
715.4 108
715.5 146
715.5 49
715.6 3
715.7 0
715.7 0
715.8 22
715.9 85
715.9 49
716.0 57
716.1 43
716.1 8
716.2 3
716.3 17
716.3 53
716.4 73
716.5 160
716.5 203
716.6 35
716.7 5
716.7 0
716.8 0
716.9 32
716.9 196
717.0 227
717.1 109
717.1 53
717.2 67
717.3 99
717.3 135
717.4 143
717.5 82
717.5 72
717.6 135
717.7 167
717.7 114
717.8 23
717.9 0
717.9 0
718.0 0
718.1 0
718.1 1
718.2 98
718.3 124
718.3 183
718.4 238
718.5 141
718.5 2
718.6 4
718.7 55
718.7 153
718.8 140
718.9 87
718.9 31
719.0 11
719.1 3
719.1 29
719.2 53
719.3 64
719.3 55
719.4 38
719.5 49
719.5 41
719.6 7
719.7 0
719.7 0
719.8 0
719.9 16
719.9 89
720.0 149
720.1 148
720.1 127
720.2 69
720.3 1
720.3 0
720.4 1
720.5 14
720.5 20
720.6 49
720.7 144
720.7 92
720.8 13
720.9 3
720.9 29
721.0 70
721.1 92
721.1 122
721.2 38
721.3 18
721.3 101
721.4 115
721.5 96
721.5 98
721.6 69
721.7 22
721.7 0
721.8 0
721.9 27
721.9 80
722.0 87
722.1 88
722.1 151
722.2 159
722.3 135
722.3 233
722.4 296
722.5 393
722.5 365
722.6 168
722.7 115
722.7 220
722.8 535
722.9 601
722.9 687
723.0 847
723.1 852
723.1 735
723.2 542
723.3 447
723.3 539
723.4 403
723.5 168
723.5 185
723.6 95
723.7 32
723.7 1
723.8 0
723.9 6
723.9 36
724.0 54
724.1 73
724.1 125
724.2 237
724.3 151
724.3 38
724.4 0
724.5 0
724.5 110
724.6 130
724.7 58
724.7 7
724.8 0
724.9 0
724.9 0
725.0 0
725.1 0
725.1 41
725.2 106
725.3 70
725.3 19
725.4 17
725.5 102
725.5 154
725.6 65
725.7 9
725.7 0
725.8 0
725.9 0
725.9 0
726.0 0
726.1 0
726.1 0
726.2 0
726.3 0
726.3 0
726.4 1
726.5 33
726.5 74
726.6 54
726.7 0
726.7 0
726.8 0
726.9 0
726.9 0
727.0 1
727.1 26
727.1 89
727.2 92
727.3 27
727.3 10
727.4 47
727.5 111
727.5 105
727.6 36
727.7 19
727.7 16
727.8 7
727.9 2
727.9 75
728.0 190
728.1 182
728.1 180
728.2 121
728.3 132
728.3 191
728.4 195
728.5 235
728.5 217
728.6 131
728.7 147
728.7 216
728.8 50
728.9 64
728.9 79
729.0 184
729.1 127
729.1 56
729.2 38
729.3 67
729.3 562
729.4 707
729.5 521
729.5 410
729.6 366
729.7 154
729.7 18
729.8 0
729.9 0
729.9 0
730.0 0
730.1 48
730.1 118
730.2 103
730.3 15
730.3 13
730.4 38
730.5 102
730.5 121
730.6 180
730.7 57
730.7 23
730.8 38
730.9 70
730.9 72
731.0 38
731.1 61
731.1 153
731.2 184
731.3 135
731.3 153
731.4 120
731.5 46
731.5 8
731.6 9
731.7 32
731.7 49
731.8 79
731.9 70
731.9 78
732.0 86
732.1 41
732.1 3
732.2 0
732.3 0
732.3 0
732.4 0
732.5 0
732.5 0
732.6 7
732.7 46
732.7 163
732.8 172
732.9 140
732.9 139
733.0 128
733.1 159
733.1 298
733.2 164
733.3 75
733.3 79
733.4 82
733.5 250
733.5 217
733.6 193
733.7 331
733.7 474
733.8 350
733.9 403
733.9 520
734.0 433
734.1 162
734.1 210
734.2 374
734.3 216
734.3 153
734.4 264
734.5 335
734.5 399
734.6 361
734.7 336
734.7 254
734.8 187
734.9 175
734.9 148
735.0 143
735.1 105
735.1 106
735.2 85
735.3 111
735.3 203
735.4 120
735.5 45
735.5 65
735.6 66
735.7 64
735.7 100
735.8 93
735.9 121
735.9 223
736.0 226
736.1 18
736.1 20
736.2 60
736.3 56
736.3 63
736.4 92
736.5 65
736.5 69
736.6 128
736.7 133
736.7 77
736.8 32
736.9 49
736.9 58
737.0 54
737.1 25
737.1 4
737.2 128
737.3 167
737.3 132
737.4 113
737.5 25
737.5 1
737.6 0
737.7 0
737.7 0
737.8 0
737.9 7
737.9 49
738.0 162
738.1 271
738.1 129
738.2 30
738.3 5
738.3 34
738.4 116
738.5 191
738.5 177
738.6 83
738.7 72
738.7 49
738.8 99
738.9 238
738.9 451
739.0 515
739.1 328
739.1 116
739.2 66
739.3 75
739.3 124
739.4 137
739.5 30
739.5 27
739.6 33
739.7 57
739.7 115
739.8 174
739.9 73
739.9 40
740.0 65
740.1 95
740.1 89
740.2 76
740.3 121
740.3 201
740.4 100
740.5 59
740.5 82
740.6 17
740.7 3
740.7 0
740.8 5
740.9 138
740.9 321
741.0 189
741.1 262
741.1 369
741.2 398
741.3 493
741.3 269
741.4 123
741.5 105
741.5 60
741.6 12
741.7 0
741.7 0
741.8 0
741.9 0
741.9 34
742.0 118
742.1 146
742.1 159
742.2 249
742.3 156
742.3 190
742.4 207
742.5 86
742.5 26
742.6 49
742.7 177
742.7 202
742.8 85
742.9 14
742.9 4
743.0 0
743.1 0
743.1 6
743.2 24
743.3 58
743.3 101
743.4 111
743.5 23
743.5 37
743.6 85
743.7 80
743.7 49
743.8 71
743.9 26
743.9 22
744.0 54
744.1 61
744.1 30
744.2 23
744.3 60
744.3 181
744.4 134
744.5 49
744.5 7
744.6 0
744.7 6
744.7 18
744.8 0
744.9 0
744.9 29
745.0 70
745.1 51
745.1 9
745.2 37
745.3 57
745.3 34
745.4 0
745.5 0
745.5 1
745.6 15
745.7 10
745.7 3
745.8 51
745.9 81
745.9 23
746.0 4
746.1 0
746.1 0
746.2 0
746.3 0
746.3 24
746.4 187
746.5 474
746.5 336
746.6 79
746.7 105
746.7 40
746.8 6
746.9 2
746.9 46
747.0 76
747.1 58
747.1 28
747.2 68
747.3 112
747.3 101
747.4 27
747.5 10
747.5 2
747.6 0
747.7 0
747.7 0
747.8 0
747.9 0
747.9 61
748.0 166
748.1 249
748.1 203
748.2 225
748.3 154
748.3 72
748.4 211
748.5 318
748.5 347
748.6 175
748.7 164
748.7 195
748.8 193
748.9 162
748.9 370
749.0 507
749.1 502
749.1 528
749.2 659
749.3 522
749.3 409
749.4 425
749.5 415
749.5 231
749.6 134
749.7 162
749.7 169
749.8 95
749.9 31
749.9 58
750.0 178
750.1 128
750.1 126
750.2 233
750.3 161
750.3 39
750.4 0
750.5 5
750.5 58
750.6 110
750.7 81
750.7 12
750.8 1
750.9 16
750.9 67
751.0 113
751.1 91
751.1 34
751.2 38
751.3 136
751.3 152
751.4 187
751.5 361
751.5 361
751.6 309
751.7 88
751.7 16
751.8 3
751.9 0
751.9 5
752.0 53
752.1 126
752.1 177
752.2 176
752.3 198
752.3 194
752.4 176
752.5 94
752.5 54
752.6 52
752.7 20
752.7 5
752.8 22
752.9 123
752.9 240
753.0 295
753.1 159
753.1 284
753.2 447
753.3 357
753.3 170
753.4 133
753.5 103
753.5 57
753.6 48
753.7 51
753.7 25
753.8 47
753.9 184
753.9 174
754.0 151
754.1 103
754.1 16
754.2 102
754.3 160
754.3 81
754.4 51
754.5 55
754.5 125
754.6 135
754.7 67
754.7 29
754.8 61
754.9 105
754.9 128
755.0 85
755.1 144
755.1 182
755.2 175
755.3 155
755.3 66
755.4 29
755.5 105
755.5 173
755.6 116
755.7 101
755.7 37
755.8 6
755.9 3
755.9 12
756.0 65
756.1 111
756.1 81
756.2 185
756.3 341
756.3 704
756.4 684
756.5 374
756.5 165
756.6 8
756.7 9
756.7 183
756.8 256
756.9 229
756.9 371
757.0 613
757.1 502
757.1 556
757.2 533
757.3 441
757.3 367
757.4 198
757.5 158
757.5 246
757.6 124
757.7 68
757.7 75
757.8 11
757.9 3
757.9 1
758.0 49
758.1 120
758.1 229
758.2 163
758.3 120
758.3 162
758.4 237
758.5 122
758.5 82
758.6 27
758.7 0
758.7 5
758.8 25
758.9 19
758.9 30
759.0 78
759.1 34
759.1 5
759.2 1
759.3 0
759.3 0
759.4 4
759.5 15
759.5 93
759.6 72
759.7 39
759.7 7
759.8 1
759.9 0
759.9 20
760.0 93
760.1 133
760.1 49
760.2 0
760.3 0
760.3 22
760.4 56
760.5 13
760.5 0
760.6 29
760.7 21
760.7 6
760.8 1
760.9 0
760.9 0
761.0 0
761.1 18
761.1 61
761.2 86
761.3 72
761.3 47
761.4 53
761.5 20
761.5 3
761.6 19
761.7 54
761.7 52
761.8 19
761.9 4
761.9 0
762.0 0
762.1 0
762.1 0
762.2 0
762.3 0
762.3 0
762.4 16
762.5 56
762.5 20
762.6 1
762.7 0
762.7 0
762.8 0
762.9 0
762.9 0
763.0 21
763.1 51
763.1 10
763.2 0
763.3 0
763.3 0
763.4 0
763.5 0
763.5 10
763.6 35
763.7 37
763.7 14
763.8 0
763.9 0
763.9 0
764.0 0
764.1 0
764.1 0
764.2 0
764.3 0
764.3 0
764.4 0
764.5 0
764.5 0
764.6 0
764.7 0
764.7 0
764.8 0
764.9 0
764.9 12
765.0 52
765.1 115
765.1 121
765.2 80
765.3 81
765.3 51
765.4 7
765.5 3
765.5 0
765.6 32
765.7 245
765.7 404
765.8 304
765.9 20
765.9 2
766.0 0
766.1 73
766.1 127
766.2 94
766.3 74
766.3 76
766.4 62
766.5 50
766.5 101
766.6 200
766.7 115
766.7 323
766.8 560
766.9 1043
766.9 1699
767.0 1899
767.1 1947
767.1 2283
767.2 2397
767.3 2798
767.3 2615
767.4 2133
767.5 1344
767.5 640
767.6 180
767.7 157
767.7 150
767.8 88
767.9 99
767.9 66
768.0 209
768.1 302
768.1 550
768.2 654
768.3 511
768.3 502
768.4 374
768.5 137
768.5 18
768.6 5
768.7 24
768.7 203
768.8 166
768.9 80
768.9 56
769.0 191
769.1 260
769.1 154
769.2 62
769.3 10
769.3 0
769.4 0
769.5 0
769.5 46
769.6 31
769.7 74
769.7 62
769.8 21
769.9 1
769.9 25
770.0 85
770.1 125
770.1 102
770.2 190
770.3 314
770.3 248
770.4 259
770.5 135
770.5 49
770.6 51
770.7 66
770.7 53
770.8 54
770.9 150
770.9 307
771.0 628
771.1 742
771.1 473
771.2 429
771.3 612
771.3 503
771.4 552
771.5 383
771.5 311
771.6 231
771.7 346
771.7 414
771.8 533
771.9 576
771.9 593
772.0 580
772.1 822
772.1 1389
772.2 1406
772.3 1230
772.3 802
772.4 630
772.5 646
772.5 989
772.6 865
772.7 672
772.7 740
772.8 1016
772.9 1082
772.9 1205
773.0 1490
773.1 1716
773.1 1710
773.2 1267
773.3 1121
773.3 1121
773.4 676
773.5 511
773.5 409
773.6 360
773.7 207
773.7 116
773.8 110
773.9 275
773.9 325
774.0 365
774.1 546
774.1 514
774.2 298
774.3 371
774.3 511
774.4 404
774.5 295
774.5 257
774.6 93
774.7 59
774.7 81
774.8 69
774.9 20
774.9 47
775.0 136
775.1 127
775.1 177
775.2 197
775.3 104
775.3 99
775.4 148
775.5 92
775.5 53
775.6 99
775.7 114
775.7 74
775.8 73
775.9 95
775.9 114
776.0 93
776.1 61
776.1 85
776.2 21
776.3 0
776.3 0
776.4 0
776.5 7
776.5 29
776.6 40
776.7 14
776.7 2
776.8 1
776.9 0
776.9 16
777.0 49
777.1 61
777.1 54
777.2 64
777.3 29
777.3 27
777.4 70
777.5 52
777.5 29
777.6 51
777.7 29
777.7 25
777.8 70
777.9 40
777.9 7
778.0 2
778.1 0
778.1 0
778.2 0
778.3 99
778.3 154
778.4 95
778.5 8
778.5 2
778.6 0
778.7 0
778.7 0
778.8 0
778.9 0
778.9 0
779.0 0
779.1 0
779.1 0
779.2 0
779.3 0
779.3 18
779.4 59
779.5 26
779.5 29
779.6 75
779.7 92
779.7 147
779.8 114
779.9 45
779.9 48
780.0 9
780.1 0
780.1 0
780.2 0
780.3 0
780.3 0
780.4 0
780.5 0
780.5 0
780.6 0
780.7 0
780.7 0
780.8 0
780.9 51
780.9 142
781.0 81
781.1 19
781.1 3
781.2 0
781.3 0
781.3 42
781.4 106
781.5 86
781.5 23
781.6 0
781.7 0
781.7 0
781.8 0
781.9 0
781.9 0
782.0 0
782.1 111
782.1 351
782.2 361
782.3 138
782.3 6
782.4 1
782.5 10
782.5 58
782.6 78
782.7 19
782.7 0
782.8 0
782.9 0
782.9 4
783.0 20
783.1 18
783.1 7
783.2 13
783.3 38
783.3 48
783.4 39
783.5 12
783.5 0
783.6 0
783.7 0
783.7 0
783.8 41
783.9 148
783.9 203
784.0 168
784.1 153
784.1 262
784.2 89
784.3 166
784.3 278
784.4 333
784.5 471
784.5 779
784.6 1223
784.7 1007
784.7 1057
784.8 1709
784.9 2608
784.9 3999
785.0 5127
785.1 5928
785.1 7130
785.2 8487
785.3 7889
785.3 6029
785.4 4511
785.5 2934
785.5 1820
785.6 1063
785.7 521
785.7 350
785.8 317
785.9 676
785.9 1163
786.0 1830
786.1 2250
786.1 1728
786.2 1424
786.3 1221
786.3 1213
786.4 1252
786.5 930
786.5 572
786.6 334
786.7 201
786.7 87
786.8 71
786.9 85
786.9 60
787.0 111
787.1 169
787.1 211
787.2 55
787.3 24
787.3 128
787.4 381
787.5 228
787.5 50
787.6 55
787.7 129
787.7 101
787.8 46
787.9 44
787.9 24
788.0 39
788.1 74
788.1 86
788.2 63
788.3 168
788.3 178
788.4 88
788.5 107
788.5 60
788.6 8
788.7 46
788.7 64
788.8 34
788.9 8
788.9 2
789.0 0
789.1 17
789.1 43
789.2 59
789.3 80
789.3 60
789.4 0
789.5 0
789.5 0
789.6 0
789.7 0
789.7 0
789.8 0
789.9 0
789.9 0
790.0 0
790.1 0
790.1 0
790.2 1
790.3 14
790.3 30
790.4 4
790.5 0
790.5 0
790.6 0
790.7 0
790.7 0
790.8 10
790.9 25
790.9 20
791.0 5
791.1 0
791.1 0
791.2 0
791.3 18
791.3 25
791.4 0
791.5 0
791.5 1
791.6 54
791.7 124
791.7 98
791.8 43
791.9 31
791.9 65
792.0 18
792.1 1
792.1 0
792.2 28
792.3 73
792.3 63
792.4 1
792.5 0
792.5 0
792.6 0
792.7 24
792.7 108
792.8 145
792.9 265
792.9 283
793.0 195
793.1 195
793.1 145
793.2 128
793.3 102
793.3 45
793.4 14
793.5 19
793.5 40
793.6 27
793.7 6
793.7 11
793.8 22
793.9 11
793.9 13
794.0 4
794.1 4
794.1 54
794.2 53
794.3 11
794.3 65
794.4 258
794.5 233
794.5 105
794.6 10
794.7 2
794.7 0
794.8 26
794.9 104
794.9 210
795.0 151
795.1 45
795.1 12
795.2 16
795.3 29
795.3 25
795.4 17
795.5 67
795.5 125
795.6 44
795.7 21
795.7 2
795.8 0
795.9 0
795.9 28
796.0 112
796.1 148
796.1 64
796.2 20
796.3 47
796.3 167
796.4 189
796.5 89
796.5 53
796.6 18
796.7 4
796.7 14
796.8 39
796.9 39
796.9 0
797.0 0
797.1 21
797.1 48
797.2 78
797.3 57
797.3 0
797.4 27
797.5 62
797.5 42
797.6 0
797.7 0
797.7 1
797.8 22
797.9 88
797.9 119
798.0 62
798.1 1
798.1 0
798.2 20
798.3 85
798.3 118
798.4 70
798.5 47
798.5 218
798.6 220
798.7 92
798.7 67
798.8 124
798.9 135
798.9 43
799.0 153
799.1 281
799.1 413
799.2 462
799.3 171
799.3 106
799.4 167
799.5 134
799.5 181
799.6 154
799.7 149
799.7 141
799.8 14
799.9 2
799.9 49
800.0 206
800.1 171
800.1 60
800.2 83
800.3 161
800.3 124
800.4 58
800.5 131
800.5 91
800.6 70
800.7 52
800.7 75
800.8 62
800.9 26
800.9 4
801.0 53
801.1 195
801.1 225
801.2 84
801.3 142
801.3 164
801.4 103
801.5 35
801.5 7
801.6 1
801.7 0
801.7 0
801.8 0
801.9 0
801.9 1
802.0 31
802.1 145
802.1 305
802.2 228
802.3 33
802.3 16
802.4 10
802.5 38
802.5 28
802.6 5
802.7 1
802.7 0
802.8 0
802.9 0
802.9 0
803.0 0
803.1 0
803.1 0
803.2 0
803.3 0
803.3 0
803.4 36
803.5 26
803.5 6
803.6 0
803.7 0
803.7 0
803.8 0
803.9 0
803.9 0
804.0 0
804.1 0
804.1 0
804.2 0
804.3 10
804.3 46
804.4 62
804.5 13
804.5 20
804.6 5
804.7 2
804.7 0
804.8 0
804.9 0
804.9 0
805.0 0
805.1 0
805.1 0
805.2 0
805.3 0
805.3 0
805.4 0
805.5 0
805.5 0
805.6 0
805.7 6
805.7 37
805.8 108
805.9 196
805.9 199
806.0 105
806.1 68
806.1 98
806.2 15
806.3 5
806.3 0
806.4 0
806.5 0
806.5 0
806.6 0
806.7 0
806.7 0
806.8 0
806.9 0
806.9 0
807.0 0
807.1 0
807.1 0
807.2 0
807.3 0
807.3 0
807.4 0
807.5 0
807.5 0
807.6 0
807.7 0
807.7 0
807.8 0
807.9 0
807.9 0
808.0 0
808.1 0
808.1 0
808.2 0
808.3 0
808.3 0
808.4 0
808.5 10
808.5 23
808.6 18
808.7 27
808.7 44
808.8 55
808.9 178
808.9 432
809.0 535
809.1 437
809.1 376
809.2 294
809.3 273
809.3 234
809.4 96
809.5 3
809.5 15
809.6 33
809.7 34
809.7 36
809.8 25
809.9 6
809.9 115
810.0 221
810.1 121
810.1 69
810.2 86
810.3 104
810.3 127
810.4 145
810.5 144
810.5 176
810.6 228
810.7 292
810.7 359
810.8 494
810.9 989
810.9 1319
811.0 1614
811.1 1801
811.1 2005
811.2 2166
811.3 1771
811.3 1578
811.4 1536
811.5 1088
811.5 722
811.6 477
811.7 340
811.7 457
811.8 675
811.9 922
811.9 1227
812.1 1536
812.1 2701
812.1 3938
812.2 4972
812.3 6109
812.3 6897
812.0 25486
812.5 7858
812.5 6819
812.6 5209
812.7 4375
812.7 2814
812.8 1564
812.9 1071
812.9 902
813.0 712
813.1 813
813.1 710
813.2 932
813.3 1379
813.3 1650
813.4 2157
813.5 2514
813.5 2125
813.6 1913
813.7 1556
813.7 1001
813.8 349
813.9 56
813.9 28
814.0 46
814.1 32
814.1 1
814.2 0
814.3 0
814.3 0
814.4 0
814.5 0
814.5 0
814.6 0
814.7 0
814.7 2
814.8 16
814.9 6
814.9 1
815.0 0
815.1 0
815.1 0
815.2 0
815.3 0
815.3 25
815.4 53
815.5 96
815.5 94
815.6 75
815.7 7
815.7 2
815.8 48
815.9 122
815.9 28
816.0 79
816.1 225
816.1 233
816.2 193
816.3 217
816.3 265
816.4 234
816.5 234
816.5 220
816.6 284
816.7 252
816.7 269
816.8 319
816.9 185
816.9 112
817.0 52
817.1 112
817.1 131
817.2 149
817.3 233
817.3 350
817.4 361
817.5 281
817.5 157
817.6 123
817.7 63
817.7 14
817.8 1
817.9 0
817.9 0
818.0 26
818.1 62
818.1 14
818.2 2
818.3 0
818.3 0
818.4 0
818.5 0
818.5 0
818.6 0
818.7 0
818.7 0
818.8 0
818.9 5
818.9 12
819.0 25
819.1 35
819.1 46
819.2 148
819.3 170
819.3 291
819.4 296
819.5 99
819.5 46
819.6 42
819.7 27
819.7 26
819.8 27
819.9 11
819.9 1
820.0 0
820.1 0
820.1 0
820.2 0
820.3 0
820.3 0
820.4 0
820.5 0
820.5 0
820.6 0
820.7 0
820.7 0
820.8 0
820.9 0
820.9 9
821.0 31
821.1 36
821.1 16
821.2 2
821.3 0
821.3 0
821.4 0
821.5 0
821.5 0
821.6 0
821.7 0
821.7 0
821.8 0
821.9 0
821.9 0
822.0 0
822.1 0
822.1 11
822.2 48
822.3 59
822.3 5
822.4 1
822.5 0
822.5 0
822.6 0
822.7 0
822.7 0
822.8 0
822.9 0
822.9 0
823.0 2
823.1 21
823.1 57
823.2 57
823.3 21
823.3 0
823.4 0
823.5 0
823.5 0
823.6 0
823.7 0
823.7 0
823.8 55
823.9 53
823.9 16
824.0 0
824.1 0
824.1 0
824.2 0
824.3 6
824.3 45
824.4 66
824.5 35
824.5 7
824.6 0
824.7 0
824.7 0
824.8 0
824.9 0
824.9 19
825.0 49
825.1 51
825.1 66
825.2 96
825.3 85
825.3 70
825.4 123
825.5 257
825.5 209
825.6 42
825.7 21
825.7 17
825.8 4
825.9 0
825.9 47
826.0 44
826.1 12
826.1 9
826.2 31
826.3 30
826.3 84
826.4 60
826.5 32
826.5 32
826.6 47
826.7 89
826.7 105
826.8 63
826.9 44
826.9 54
827.0 100
827.1 130
827.1 137
827.2 151
827.3 138
827.3 142
827.4 106
827.5 85
827.5 28
827.6 9
827.7 19
827.7 69
827.8 41
827.9 7
827.9 6
828.0 91
828.1 164
828.1 148
828.2 105
828.3 178
828.3 220
828.4 141
828.5 113
828.5 93
828.6 31
828.7 131
828.7 251
828.8 80
828.9 38
828.9 24
829.0 52
829.1 134
829.1 217
829.2 431
829.3 639
829.3 372
829.4 278
829.5 238
829.5 107
829.6 102
829.7 149
829.7 95
829.8 59
829.9 34
829.9 10
830.0 32
830.1 147
830.1 231
830.2 118
830.3 44
830.3 22
830.4 7
830.5 37
830.5 69
830.6 19
830.7 1
830.7 0
830.8 0
830.9 0
830.9 0
831.0 11
831.1 16
831.1 4
831.2 2
831.3 0
831.3 0
831.4 3
831.5 19
831.5 36
831.6 11
831.7 1
831.7 0
831.8 28
831.9 29
831.9 12
832.0 1
832.1 0
832.1 0
832.2 0
832.3 0
832.3 0
832.4 0
832.5 0
832.5 0
832.6 0
832.7 0
832.7 0
832.8 0
832.9 0
832.9 0
833.0 0
833.1 0
833.1 0
833.2 0
833.3 0
833.3 0
833.4 0
833.5 0
833.5 0
833.6 11
833.7 51
833.7 49
833.8 13
833.9 0
833.9 0
834.0 25
834.1 194
834.1 371
834.2 388
834.3 237
834.3 44
834.4 90
834.5 247
834.5 274
834.6 129
834.7 48
834.7 54
834.8 95
834.9 204
834.9 62
835.0 1
835.1 12
835.1 52
835.2 103
835.3 125
835.3 197
835.4 228
835.5 171
835.5 24
835.6 0
835.7 4
835.7 97
835.8 119
835.9 69
835.9 39
836.0 76
836.1 107
836.1 87
836.2 96
836.3 244
836.3 230
836.4 163
836.5 239
836.5 253
836.6 263
836.7 220
836.7 240
836.8 328
836.9 509
836.9 975
837.0 1288
837.1 1586
837.1 2013
837.2 1657
837.3 1175
837.3 1190
837.4 745
837.5 317
837.5 340
837.6 345
837.7 251
837.7 454
837.8 392
837.9 112
837.9 121
838.0 128
838.1 130
838.1 155
838.2 177
838.3 204
838.3 254
838.4 165
838.5 101
838.5 17
838.6 34
838.7 103
838.7 102
838.8 5
838.9 24
838.9 80
839.0 59
839.1 23
839.1 15
839.2 62
839.3 173
839.3 167
839.4 81
839.5 17
839.5 5
839.6 2
839.7 52
839.7 125
839.8 127
839.9 88
839.9 13
840.0 0
840.1 0
840.1 0
840.2 0
840.3 42
840.3 40
840.4 14
840.5 1
840.5 0
840.6 0
840.7 0
840.7 0
840.8 0
840.9 36
840.9 26
841.0 5
841.1 9
841.1 24
841.2 54
841.3 96
841.3 137
841.4 173
841.5 242
841.5 230
841.6 87
841.7 22
841.7 1
841.8 3
841.9 119
841.9 160
842.0 66
842.1 39
842.1 70
842.2 91
842.3 87
842.3 74
842.4 44
842.5 23
842.5 4
842.6 34
842.7 226
842.7 114
842.8 17
842.9 20
842.9 104
843.0 89
843.1 107
843.1 60
843.2 11
843.3 74
843.3 107
843.4 57
843.5 12
843.5 3
843.6 0
843.7 0
843.7 0
843.8 0
843.9 0
843.9 27
844.0 121
844.1 152
844.1 71
844.2 10
844.3 0
844.3 8
844.4 67
844.5 93
844.5 87
844.6 31
844.7 90
844.7 158
844.8 50
844.9 17
844.9 26
845.0 19
845.1 4
845.1 0
845.2 0
845.3 0
845.3 0
845.4 0
845.5 0
845.5 1
845.6 61
845.7 140
845.7 128
845.8 46
845.9 79
845.9 13
846.0 0
846.1 32
846.1 32
846.2 12
846.3 1
846.3 0
846.4 0
846.5 0
846.5 0
846.6 0
846.7 0
846.7 0
846.8 0
846.9 0
846.9 0
847.0 0
847.1 0
847.1 0
847.2 0
847.3 0
847.3 0
847.4 0
847.5 0
847.5 0
847.6 0
847.7 0
847.7 0
847.8 0
847.9 0
847.9 0
848.0 0
848.1 0
848.1 0
848.2 0
848.3 0
848.3 0
848.4 0
848.5 0
848.5 0
848.6 0
848.7 0
848.7 0
848.8 0
848.9 0
848.9 0
849.0 0
849.1 0
849.1 0
849.2 0
849.3 0
849.3 0
849.4 0
849.5 0
849.5 0
849.6 0
849.7 0
849.7 0
849.8 6
849.9 22
849.9 35
850.0 61
850.1 60
850.1 27
850.2 7
850.3 46
850.3 120
850.4 107
850.5 36
850.5 1
850.6 0
850.7 0
850.7 0
850.8 0
850.9 0
850.9 0
851.0 0
851.1 0
851.1 0
851.2 0
851.3 0
851.3 1
851.4 28
851.5 124
851.5 62
851.6 12
851.7 3
851.7 0
851.8 0
851.9 0
851.9 0
852.0 0
852.1 0
852.1 0
852.2 0
852.3 0
852.3 0
852.4 0
852.5 0
852.5 0
852.6 0
852.7 0
852.7 0
852.8 6
852.9 18
852.9 46
853.0 67
853.1 33
853.1 52
853.2 73
853.3 7
853.3 1
853.4 6
853.5 125
853.5 161
853.6 87
853.7 111
853.7 130
853.8 55
853.9 91
853.9 408
854.0 632
854.1 744
854.1 935
854.2 1320
854.3 2088
854.3 2121
854.4 2111
854.5 2451
854.5 3352
854.6 4567
854.7 7108
854.7 11968
854.8 18330
854.9 24044
854.9 34086
855.1 44686
855.1 54106
855.1 63319
855.0 69560
855.3 67191
855.3 57180
855.4 41650
855.5 24978
855.5 14781
855.6 8278
855.7 3945
855.7 2373
855.8 2601
855.9 4127
855.9 5622
856.0 6798
856.1 8424
856.1 8868
856.2 8716
856.3 8821
856.3 8193
856.4 6634
856.5 4201
856.5 2243
856.6 1620
856.7 792
856.7 428
856.8 308
856.9 106
856.9 11
857.0 7
857.1 114
857.1 270
857.2 321
857.3 257
857.3 180
857.4 35
857.5 20
857.5 0
857.6 0
857.7 0
857.7 0
857.8 0
857.9 0
857.9 0
858.0 62
858.1 97
858.1 55
858.2 94
858.3 353
858.3 504
858.4 308
858.5 123
858.5 8
858.6 3
858.7 0
858.7 0
858.8 0
858.9 0
858.9 0
859.0 0
859.1 0
859.1 0
859.2 0
859.3 0
859.3 0
859.4 0
859.5 0
859.5 0
859.6 0
859.7 0
859.7 0
859.8 0
859.9 0
859.9 0
860.0 0
860.1 0
860.1 0
860.2 0
860.3 0
860.3 0
860.4 0
860.5 0
860.5 0
860.6 0
860.7 0
860.7 0
860.8 0
860.9 0
860.9 0
861.0 0
861.1 0
861.1 0
861.2 0
861.3 0
861.3 0
861.4 0
861.5 0
861.5 0
861.6 0
861.7 0
861.7 0
861.8 0
861.9 0
861.9 0
862.0 0
862.1 0
862.1 0
862.2 0
862.3 0
862.3 0
862.4 0
862.5 0
862.5 0
862.6 0
862.7 0
862.7 0
862.8 0
862.9 0
862.9 0
863.0 0
863.1 0
863.1 0
863.2 0
863.3 0
863.3 0
863.4 173
863.5 150
863.5 46
863.6 4
863.7 2
863.7 0
863.8 0
863.9 0
863.9 0
864.0 0
864.1 0
864.1 0
864.2 0
864.3 0
864.3 0
864.4 0
864.5 0
864.5 0
864.6 0
864.7 0
864.7 0
864.8 0
864.9 0
864.9 0
865.0 0
865.1 0
865.1 0
865.2 0
865.3 0
865.3 0
865.4 0
865.5 0
865.5 0
865.6 0
865.7 0
865.7 0
865.8 0
865.9 0
865.9 0
866.0 0
866.1 0
866.1 0
866.2 0
866.3 0
866.3 0
866.4 0
866.5 0
866.5 0
866.6 0
866.7 0
866.7 0
866.8 0
866.9 0
866.9 0
867.0 0
867.1 0
867.1 0
867.2 0
867.3 0
867.3 0
867.4 0
867.5 0
867.5 0
867.6 0
867.7 0
867.7 0
867.8 0
867.9 0
867.9 0
868.0 0
868.1 0
868.1 0
868.2 0
868.3 9
868.3 26
868.4 20
868.5 0
868.5 0
868.6 0
868.7 0
868.7 0
868.8 0
868.9 0
868.9 0
869.0 0
869.1 0
869.1 0
869.2 0
869.3 0
869.3 0
869.4 0
869.5 0
869.5 0
869.6 0
869.7 0
869.7 0
869.8 0
869.9 0
869.9 0
870.0 0
870.1 0
870.1 0
870.2 0
870.3 0
870.3 0
870.4 0
870.5 0
870.5 0
870.6 0
870.7 25
870.7 42
870.8 37
870.9 9
870.9 24
871.0 158
871.1 325
871.1 492
871.2 496
871.3 765
871.3 937
871.4 991
871.5 2005
871.5 3893
871.6 6264
871.7 9792
871.7 14814
871.8 22948
871.9 37025
871.9 58667
872.1 85009
872.1 120098
872.1 154781
872.2 192115
872.3 216584
872.0 220717
872.4 203533
872.5 164756
872.5 115859
872.6 69750
872.7 41049
872.7 24597
872.8 17607
872.9 17478
872.9 20882
873.0 24521
873.1 31481
873.1 39769
873.2 47748
873.3 51209
873.3 54450
873.4 51332
873.5 40964
873.5 31413
873.6 25313
873.7 18775
873.7 11892
873.8 7958
873.9 5273
873.9 3481
874.0 2398
874.1 1832
874.1 2087
874.2 2695
874.3 2487
874.3 2628
874.4 3249
874.5 3654
874.5 3808
874.6 3099
874.7 2246
874.7 1800
874.8 1871
874.9 1575
874.9 462
875.0 74
875.1 16
875.1 2
875.2 6
875.3 0
875.3 1
875.4 15
875.5 38
875.5 35
875.6 5
875.7 3
875.7 0
875.8 0
875.9 0
875.9 0
876.0 0
876.1 0
876.1 0
876.2 0
876.3 0
876.3 0
876.4 0
876.5 0
876.5 0
876.6 0
876.7 0
876.7 0
876.8 0
876.9 0
876.9 0
877.0 0
877.1 0
877.1 0
877.2 0
877.3 1
877.3 10
877.4 20
877.5 15
877.5 1
877.6 0
877.7 0
877.7 0
877.8 0
877.9 0
877.9 0
878.0 0
878.1 0
878.1 0
878.2 0
878.3 0
878.3 0
878.4 0
878.5 0
878.5 32
878.6 120
878.7 131
878.7 7
878.8 1
878.9 0
878.9 0
879.0 0
879.1 0
879.1 0
879.2 0
879.3 0
879.3 0
879.4 0
879.5 0
879.5 0
879.6 0
879.7 0
879.7 0
879.8 0
879.9 0
879.9 0
880.0 0
880.1 0
880.1 0
880.2 0
880.3 0
880.3 0
880.4 0
880.5 0
880.5 0
880.6 0
880.7 0
880.7 0
880.8 0
880.9 0
880.9 0
881.0 0
881.1 0
881.1 0
881.2 0
881.3 0
881.3 0
881.4 0
881.5 0
881.5 0
881.6 0
881.7 0
881.7 0
881.8 0
881.9 0
881.9 0
882.0 0
882.1 0
882.1 0
882.2 0
882.3 0
882.3 0
882.4 0
882.5 0
882.5 0
882.6 0
882.7 0
882.7 0
882.8 0
882.9 0
882.9 0
883.0 0
883.1 0
883.1 0
883.2 0
883.3 0
883.3 0
883.4 0
883.5 0
883.5 0
883.6 0
883.7 0
883.7 0
883.8 0
883.9 0
883.9 0
884.0 0
884.1 0
884.1 0
884.2 0
884.3 0
884.3 0
884.4 0
884.5 0
884.5 17
884.6 39
884.7 9
884.7 0
884.8 0
884.9 0
884.9 0
885.0 0
885.1 0
885.1 0
885.2 0
885.3 0
885.3 0
885.4 0
885.5 0
885.5 0
885.6 0
885.7 0
885.7 0
885.8 0
885.9 0
885.9 0
886.0 0
886.1 0
886.1 0
886.2 0
886.3 0
886.3 0
886.4 0
886.5 0
886.5 0
886.6 0
886.7 0
886.7 0
886.8 0
886.9 0
886.9 0
887.0 0
887.1 0
887.1 0
887.2 0
887.3 0
887.3 0
887.4 0
887.5 0
887.5 0
887.6 0
887.7 0
887.7 0
887.8 0
887.9 0
887.9 0
888.0 0
888.1 0
888.1 0
888.2 0
888.3 0
888.3 0
888.4 0
888.5 0
888.5 0
888.6 0
888.7 0
888.7 0
888.8 0
888.9 0
888.9 0
889.0 0
889.1 0
889.1 0
889.2 0
889.3 0
889.3 0
889.4 0
889.5 0
889.5 0
889.6 0
889.7 0
889.7 0
889.8 0
889.9 0
889.9 0
890.0 0
890.1 0
890.1 0
890.2 0
890.3 0
890.3 0
890.4 0
890.5 0
890.5 0
890.6 0
890.7 0
890.7 0
890.8 0
890.9 0
890.9 0
891.0 0
891.1 0
891.1 0
891.2 0
891.3 0
891.3 0
891.4 0
891.5 0
891.5 0
891.6 0
891.7 0
891.7 0
891.8 0
891.9 0
891.9 0
892.0 0
892.1 0
892.1 0
892.2 24
892.3 75
892.3 69
892.4 23
892.5 0
892.5 0
892.6 0
892.7 0
892.7 0
892.8 0
892.9 0
892.9 0
893.0 0
893.1 0
893.1 0
893.2 0
893.3 0
893.3 0
893.4 0
893.5 0
893.5 0
893.6 0
893.7 0
893.7 0
893.8 0
893.9 0
893.9 0
894.0 0
894.1 0
894.1 0
894.2 0
894.3 0
894.3 0
894.4 0
894.5 0
894.5 5
894.6 26
894.7 13
894.7 3
894.8 1
894.9 0
894.9 0
895.0 0
895.1 0
895.1 0
895.2 0
895.3 0
895.3 13
895.4 47
895.5 24
895.5 6
895.6 2
895.7 0
895.7 0
895.8 0
895.9 0
895.9 0
896.0 0
896.1 0
896.1 0
896.2 0
896.3 0
896.3 0
896.4 0
896.5 0
896.5 0
896.6 0
896.7 0
896.7 0
896.8 0
896.9 0
896.9 1
897.0 16
897.1 57
897.1 75
897.2 65
897.3 24
897.3 2
897.4 0
897.5 0
897.5 0
897.6 0
897.7 0
897.7 0
897.8 0
897.9 0
897.9 0
898.0 0
898.1 0
898.1 0
898.2 0
898.3 0
898.3 0
898.4 0
898.5 0
898.5 0
898.6 0
898.7 0
898.7 0
898.8 0
898.9 0
898.9 57
899.0 141
899.1 113
899.1 28
899.2 0
899.3 0
899.3 0
899.4 0
899.5 0
899.5 0
899.6 0
899.7 0
899.7 0
899.8 0
899.9 0
899.9 0
900.0 27
