300.1 26
300.1 2
300.2 1
300.3 2
300.3 8
300.4 29
300.5 32
300.5 17
300.6 5
300.7 1
300.7 1
300.8 11
300.9 30
300.9 48
301.0 56
301.1 58
301.1 77
301.2 106
301.3 101
301.3 88
301.4 46
301.5 48
301.5 27
301.6 6
301.7 0
301.7 2
301.8 17
301.9 44
301.9 87
302.0 132
302.1 95
302.1 57
302.2 81
302.3 47
302.3 26
302.4 32
302.5 22
302.5 2
302.6 14
302.7 39
302.7 78
302.8 58
302.9 50
302.9 62
303.0 99
303.1 165
303.1 146
303.2 84
303.3 84
303.3 77
303.4 26
303.5 20
303.5 38
303.6 78
303.7 70
303.7 42
303.8 63
303.9 100
303.9 89
304.0 81
304.1 90
304.1 112
304.2 108
304.3 63
304.3 31
304.4 19
304.5 5
304.5 11
304.6 46
304.7 27
304.7 20
304.8 61
304.9 122
304.9 174
305.0 234
305.1 150
305.1 126
305.2 66
305.3 25
305.3 8
305.4 1
305.5 0
305.5 2
305.6 14
305.7 9
305.7 2
305.8 0
305.9 0
305.9 2
306.0 22
306.1 20
306.1 42
306.2 110
306.3 137
306.3 148
306.4 62
306.5 7
306.5 2
306.6 10
306.7 46
306.7 91
306.8 70
306.9 47
306.9 40
307.0 56
307.1 97
307.1 96
307.2 93
307.3 42
307.3 29
307.4 7
307.5 0
307.5 0
307.6 0
307.7 0
307.7 14
307.8 28
307.9 35
307.9 53
308.0 55
308.1 16
308.1 18
308.2 34
308.3 7
308.3 0
308.4 0
308.5 0
308.5 1
308.6 11
308.7 37
308.7 68
308.8 156
308.9 247
308.9 250
309.0 235
309.1 198
309.1 214
309.2 284
309.3 397
309.3 446
309.4 455
309.5 436
309.5 354
309.6 153
309.7 99
309.7 99
309.8 105
309.9 105
309.9 143
310.0 183
310.1 100
310.1 138
310.2 127
310.3 47
310.3 36
310.4 32
310.5 9
310.5 10
310.6 21
310.7 28
310.7 10
310.8 17
310.9 51
310.9 93
311.1 110
311.1 197
311.0 209
311.2 138
311.3 43
311.3 41
311.4 54
311.5 50
311.5 33
311.6 6
311.7 0
311.7 0
311.8 23
311.9 79
311.9 95
312.0 137
312.1 170
312.1 148
312.2 110
312.3 82
312.3 74
312.4 103
312.5 87
312.5 38
312.6 64
312.7 103
312.7 67
312.8 45
312.9 67
312.9 101
313.0 97
313.1 84
313.1 74
313.2 28
313.3 25
313.3 21
313.4 56
313.5 112
313.5 104
313.6 20
313.7 5
313.7 3
313.8 14
313.9 47
313.9 72
314.0 70
314.1 59
314.1 87
314.2 107
314.3 79
314.3 31
314.4 17
314.5 12
314.5 18
314.6 77
314.7 57
314.7 30
314.8 15
314.9 3
314.9 11
315.0 55
315.1 68
315.1 47
315.2 25
315.3 13
315.3 2
315.4 0
315.5 0
315.5 0
315.6 0
315.7 3
315.7 14
315.8 15
315.9 4
315.9 14
316.0 80
316.1 89
316.1 48
316.2 21
316.3 32
316.3 41
316.4 30
316.5 9
316.5 1
316.6 1
316.7 7
316.7 11
316.8 8
316.9 13
316.9 101
317.0 108
317.1 89
317.1 99
317.2 127
317.3 137
317.3 130
317.4 91
317.5 69
317.5 57
317.6 55
317.7 46
317.7 28
317.8 13
317.9 28
317.9 62
318.0 59
318.1 21
318.1 1
318.2 0
318.3 2
318.3 10
318.4 29
318.5 32
318.5 22
318.6 15
318.7 6
318.7 28
318.8 64
318.9 53
318.9 93
319.0 146
319.1 145
319.1 147
319.2 142
319.3 120
319.3 31
319.4 26
319.5 40
319.5 54
319.6 33
319.7 35
319.7 49
319.8 51
319.9 39
319.9 19
320.0 20
320.1 70
320.1 104
320.2 25
320.3 5
320.3 5
320.4 17
320.5 33
320.5 51
320.6 64
320.7 115
320.7 111
320.8 169
320.9 304
320.9 315
321.0 217
321.1 230
321.1 248
321.2 256
321.3 312
321.3 282
321.4 79
321.5 30
321.5 45
321.6 46
321.7 46
321.7 29
321.8 5
321.9 8
321.9 26
322.0 54
322.1 69
322.1 35
322.2 22
322.3 33
322.3 42
322.4 31
322.5 17
322.5 12
322.6 8
322.7 4
322.7 18
322.8 17
322.9 13
322.9 14
323.0 40
323.1 77
323.1 73
323.2 62
323.3 51
323.3 21
323.4 3
323.5 11
323.5 57
323.6 64
323.7 42
323.7 27
323.8 9
323.9 0
323.9 6
324.0 32
324.1 34
324.1 40
324.2 61
324.3 60
324.3 158
324.4 121
324.5 68
324.5 64
324.6 69
324.7 43
324.7 40
324.8 29
324.9 16
324.9 38
325.0 75
325.1 131
325.1 169
325.2 163
325.3 69
325.3 18
325.4 2
325.5 2
325.5 16
325.6 56
325.7 86
325.7 50
325.8 17
325.9 11
325.9 20
326.0 23
326.1 28
326.1 27
326.2 15
326.3 33
326.3 70
326.4 68
326.5 46
326.5 56
326.6 50
326.7 24
326.7 63
326.8 47
326.9 44
326.9 73
327.0 94
327.1 103
327.1 117
327.2 92
327.3 65
327.3 73
327.4 54
327.5 42
327.5 59
327.6 30
327.7 4
327.7 0
327.8 0
327.9 11
327.9 61
328.0 106
328.1 40
328.1 47
328.2 88
328.3 65
328.3 3
328.4 1
328.5 0
328.5 1
328.6 8
328.7 20
328.7 14
328.8 11
328.9 38
328.9 125
329.0 156
329.1 118
329.1 72
329.2 45
329.3 22
329.3 6
329.4 26
329.5 78
329.5 59
329.6 94
329.7 49
329.7 26
329.8 35
329.9 17
329.9 3
330.0 1
330.1 17
330.1 81
330.2 93
330.3 55
330.3 66
330.4 121
330.5 111
330.5 143
330.6 218
330.7 215
330.7 249
330.8 345
330.9 483
330.9 531
331.0 420
331.1 312
331.1 282
331.2 234
331.3 158
331.3 88
331.4 103
331.5 124
331.5 110
331.6 101
331.7 221
331.7 411
331.8 448
331.9 512
331.9 546
332.0 423
332.1 226
332.1 71
332.2 60
332.3 104
332.3 158
332.4 136
332.5 123
332.5 95
332.6 40
332.7 91
332.7 125
332.8 129
332.9 129
332.9 134
333.0 179
333.1 168
333.1 262
333.2 356
333.3 246
333.3 99
333.4 53
333.5 67
333.5 33
333.6 32
333.7 45
333.7 31
333.8 13
333.9 9
333.9 9
334.0 56
334.1 121
334.1 143
334.2 80
334.3 28
334.3 25
334.4 19
334.5 18
334.5 55
334.6 36
334.7 25
334.7 23
334.8 24
334.9 31
334.9 31
335.0 15
335.1 27
335.1 126
335.2 85
335.3 51
335.3 59
335.4 56
335.5 31
335.5 16
335.6 6
335.7 3
335.7 9
335.8 42
335.9 24
335.9 6
336.0 7
336.1 22
336.1 30
336.2 39
336.3 44
336.3 42
336.4 30
336.5 29
336.5 44
336.6 83
336.7 125
336.7 98
336.8 115
336.9 94
336.9 87
337.0 144
337.1 172
337.1 226
337.2 285
337.3 236
337.3 193
337.4 173
337.5 178
337.5 92
337.6 40
337.7 47
337.7 81
337.8 94
337.9 70
337.9 37
338.0 3
338.1 0
338.1 0
338.2 2
338.3 14
338.3 24
338.4 58
338.5 78
338.5 47
338.6 22
338.7 77
338.7 176
338.8 183
338.9 159
338.9 198
339.0 262
339.1 244
339.1 204
339.2 158
339.3 131
339.3 80
339.4 26
339.5 13
339.5 25
339.6 33
339.7 44
339.7 42
339.8 18
339.9 23
339.9 8
340.0 28
340.1 48
340.1 51
340.2 54
340.3 67
340.3 30
340.4 41
340.5 81
340.5 89
340.6 45
340.7 3
340.7 38
340.8 171
340.9 180
340.9 94
341.0 78
341.1 56
341.1 55
341.2 28
341.3 34
341.3 61
341.4 75
341.5 50
341.5 15
341.6 0
341.7 0
341.7 0
341.8 0
341.9 0
341.9 6
342.0 20
342.1 93
342.1 124
342.2 72
342.3 15
342.3 8
342.4 31
342.5 33
342.5 34
342.6 11
342.7 14
342.7 34
342.8 26
342.9 18
342.9 21
343.0 17
343.1 24
343.1 44
343.2 39
343.3 15
343.3 1
343.4 2
343.5 59
343.5 51
343.6 33
343.7 48
343.7 33
343.8 33
343.9 76
343.9 165
344.0 133
344.1 112
344.1 88
344.2 49
344.3 19
344.3 13
344.4 7
344.5 15
344.5 13
344.6 0
344.7 0
344.7 0
344.8 2
344.9 13
344.9 92
345.0 164
345.1 133
345.1 125
345.2 103
345.3 53
345.3 22
345.4 30
345.5 83
345.5 58
345.6 60
345.7 56
345.7 14
345.8 37
345.9 87
345.9 126
346.0 81
346.1 126
346.1 96
346.2 39
346.3 8
346.3 11
346.4 18
346.5 17
346.5 18
346.6 20
346.7 88
346.7 119
346.8 187
346.9 162
346.9 51
347.0 55
347.1 54
347.1 57
347.2 103
347.3 75
347.3 34
347.4 13
347.5 11
347.5 2
347.6 0
347.7 0
347.7 1
347.8 7
347.9 34
347.9 131
348.0 172
348.1 126
348.1 125
348.2 162
348.3 209
348.3 204
348.4 247
348.5 155
348.5 63
348.6 46
348.7 94
348.7 143
348.8 203
348.9 191
348.9 171
349.0 143
349.1 197
349.1 382
349.2 538
349.3 333
349.3 150
349.4 86
349.5 65
349.5 68
349.6 48
349.7 43
349.7 41
349.8 19
349.9 40
349.9 121
350.0 179
350.1 135
350.1 121
350.2 90
350.3 114
350.3 98
350.4 21
350.5 45
350.5 68
350.6 40
350.7 36
350.7 87
350.8 117
350.9 149
350.9 194
351.0 276
351.1 172
351.1 57
351.2 19
351.3 46
351.3 88
351.4 51
351.5 1
351.5 0
351.6 11
351.7 54
351.7 35
351.8 11
351.9 3
351.9 2
352.0 0
352.1 20
352.1 27
352.2 24
352.3 21
352.3 29
352.4 57
352.5 48
352.5 13
352.6 1
352.7 11
352.7 41
352.8 67
352.9 87
352.9 105
353.0 166
353.1 163
353.1 157
353.2 104
353.3 74
353.3 24
353.4 25
353.5 46
353.5 31
353.6 33
353.7 24
353.7 8
353.8 9
353.9 64
353.9 134
354.0 57
354.1 11
354.1 18
354.2 57
354.3 89
354.3 94
354.4 43
354.5 24
354.5 25
354.6 25
354.7 58
354.7 114
354.8 55
354.9 67
354.9 76
355.0 62
355.1 47
355.1 44
355.2 57
355.3 106
355.3 105
355.4 53
355.5 19
355.5 3
355.6 0
355.7 0
355.7 0
355.8 0
355.9 15
355.9 53
356.0 80
356.1 96
356.1 57
356.2 42
356.3 18
356.3 30
356.4 65
356.5 76
356.5 77
356.6 123
356.7 180
356.7 316
356.8 459
356.9 549
356.9 452
357.0 418
357.1 580
357.1 604
357.2 499
357.3 347
357.3 211
357.4 191
357.5 144
357.5 69
357.6 48
357.7 95
357.7 184
357.8 144
357.9 143
357.9 172
358.0 244
358.1 231
358.1 229
358.2 137
358.3 170
358.3 199
358.4 159
358.5 56
358.5 7
358.6 7
358.7 50
358.7 84
358.8 125
358.9 184
358.9 190
359.0 161
359.1 231
359.1 238
359.2 185
359.3 101
359.3 69
359.4 41
359.5 71
359.5 93
359.6 42
359.7 34
359.7 46
359.8 33
359.9 23
359.9 15
360.0 13
360.1 17
360.1 40
360.2 92
360.3 131
360.3 102
360.4 75
360.5 63
360.5 30
360.6 8
360.7 33
360.7 50
360.8 48
360.9 37
360.9 106
361.0 149
361.1 148
361.1 148
361.2 105
361.3 94
361.3 104
361.4 118
361.5 135
361.5 88
361.6 44
361.7 40
361.7 38
361.8 43
361.9 42
361.9 47
362.0 46
362.1 46
362.1 74
362.2 137
362.3 178
362.3 84
362.4 16
362.5 1
362.5 17
362.6 44
362.7 99
362.7 172
362.8 192
362.9 125
362.9 119
363.0 118
363.1 158
363.1 215
363.2 206
363.3 149
363.3 79
363.4 56
363.5 45
363.5 27
363.6 21
363.7 19
363.7 25
363.8 63
363.9 68
363.9 48
364.0 79
364.1 80
364.1 94
364.2 67
364.3 68
364.3 98
364.4 96
364.5 52
364.5 14
364.6 13
364.7 45
364.7 73
364.8 86
364.9 144
364.9 161
365.0 183
365.1 164
365.1 227
365.2 272
365.3 230
365.3 92
365.4 22
365.5 13
365.5 26
365.6 57
365.7 82
365.7 68
365.8 26
365.9 18
365.9 57
366.0 107
366.1 123
366.1 127
366.2 130
366.3 83
366.3 31
366.4 13
366.5 66
366.5 151
366.6 160
366.7 117
366.7 95
366.8 113
366.9 175
366.9 286
367.0 231
367.1 177
367.1 215
367.2 353
367.3 263
367.3 94
367.4 24
367.5 15
367.5 19
367.6 70
367.7 69
367.7 34
367.8 8
367.9 1
367.9 8
368.0 42
368.1 76
368.1 72
368.2 54
368.3 22
368.3 13
368.4 10
368.5 14
368.5 30
368.6 33
368.7 18
368.7 24
368.8 56
368.9 86
368.9 117
369.0 102
369.1 97
369.1 88
369.2 56
369.3 16
369.3 21
369.4 36
369.5 12
369.5 6
369.6 20
369.7 74
369.7 78
369.8 46
369.9 27
369.9 19
370.0 6
370.1 27
370.1 65
370.2 69
370.3 57
370.3 84
370.4 158
370.5 112
370.5 27
370.6 5
370.7 0
370.7 12
370.8 45
370.9 89
370.9 61
371.0 22
371.1 13
371.1 43
371.2 76
371.3 72
371.3 28
371.4 7
371.5 14
371.5 25
371.6 5
371.7 1
371.7 0
371.8 6
371.9 38
371.9 22
372.0 17
372.1 18
372.1 19
372.2 56
372.3 41
372.3 38
372.4 52
372.5 93
372.5 97
372.6 58
372.7 16
372.7 25
372.8 39
372.9 62
372.9 65
373.0 28
373.1 12
373.1 33
373.2 55
373.3 82
373.3 38
373.4 13
373.5 1
373.5 0
373.6 5
373.7 21
373.7 28
373.8 19
373.9 19
373.9 27
374.0 66
374.1 80
374.1 93
374.2 78
374.3 100
374.3 115
374.4 60
374.5 72
374.5 128
374.6 140
374.7 201
374.7 237
374.8 324
374.9 352
374.9 351
375.0 345
375.1 413
375.1 435
375.2 275
375.3 276
375.3 307
375.4 283
375.5 221
375.5 231
375.6 201
375.7 164
375.7 253
375.8 443
375.9 411
375.9 416
376.0 335
376.1 282
376.1 160
376.2 51
376.3 89
376.3 99
376.4 47
376.5 39
376.5 37
376.6 22
376.7 13
376.7 29
376.8 88
376.9 135
376.9 119
377.0 91
377.1 77
377.1 67
377.2 73
377.3 68
377.3 30
377.4 5
377.5 16
377.5 43
377.6 38
377.7 13
377.7 12
377.8 43
377.9 54
377.9 70
378.0 58
378.1 42
378.1 50
378.2 11
378.3 14
378.3 32
378.4 41
378.5 24
378.5 60
378.6 42
378.7 23
378.7 46
378.8 66
378.9 43
378.9 69
379.0 157
379.1 162
379.1 96
379.2 47
379.3 28
379.3 16
379.4 6
379.5 6
379.5 16
379.6 36
379.7 30
379.7 5
379.8 12
379.9 53
379.9 112
380.0 106
380.1 48
380.1 64
380.2 71
380.3 22
380.3 28
380.4 56
380.5 137
380.5 101
380.6 33
380.7 15
380.7 28
380.8 78
380.9 134
380.9 116
381.0 88
381.1 74
381.1 67
381.2 85
381.3 60
381.3 40
381.4 31
381.5 31
381.5 6
381.6 12
381.7 8
381.7 12
381.8 81
381.9 146
381.9 122
382.0 23
382.1 1
382.1 0
382.2 2
382.3 16
382.3 14
382.4 15
382.5 10
382.5 47
382.6 88
382.7 57
382.7 54
382.8 78
382.9 115
382.9 91
383.0 77
383.1 84
383.1 104
383.2 21
383.3 28
383.3 29
383.4 21
383.5 8
383.5 1
383.6 0
383.7 31
383.7 63
383.8 60
383.9 44
383.9 77
384.0 111
384.1 89
384.1 94
384.2 68
384.3 14
384.3 15
384.4 87
384.5 59
384.5 35
384.6 48
384.7 45
384.7 21
384.8 31
384.9 69
384.9 113
385.0 95
385.1 109
385.1 197
385.2 188
385.3 117
385.3 43
385.4 48
385.5 56
385.5 35
385.6 49
385.7 71
385.7 73
385.8 48
385.9 22
385.9 2
386.0 6
386.1 20
386.1 36
386.2 27
386.3 8
386.3 2
386.4 1
386.5 0
386.5 0
386.6 0
386.7 9
386.7 22
386.8 17
386.9 5
386.9 9
387.0 24
387.1 56
387.1 77
387.2 106
387.3 132
387.3 113
387.4 46
387.5 29
387.5 58
387.6 48
387.7 15
387.7 2
387.8 0
387.9 2
387.9 33
388.0 68
388.1 20
388.1 4
388.2 41
388.3 91
388.3 50
388.4 12
388.5 0
388.5 0
388.6 0
388.7 2
388.7 21
388.8 45
388.9 42
388.9 31
389.0 34
389.1 71
389.1 79
389.2 42
389.3 71
389.3 47
389.4 32
389.5 17
389.5 35
389.6 38
389.7 24
389.7 7
389.8 1
389.9 12
389.9 50
390.0 89
390.1 115
390.1 68
390.2 28
390.3 32
390.3 53
390.4 42
390.5 21
390.5 17
390.6 24
390.7 38
390.7 107
390.8 127
390.9 73
390.9 79
391.0 64
391.1 89
391.1 174
391.2 172
391.3 145
391.3 178
391.4 127
391.5 61
391.5 21
391.6 0
391.7 12
391.7 29
391.8 12
391.9 19
391.9 30
392.0 24
392.1 31
392.1 71
392.2 62
392.3 18
392.3 15
392.4 40
392.5 65
392.5 101
392.6 158
392.7 170
392.7 128
392.8 115
392.9 74
392.9 79
393.0 78
393.1 128
393.1 122
393.2 135
393.3 167
393.3 152
393.4 48
393.5 17
393.5 42
393.6 13
393.7 15
393.7 63
393.8 102
393.9 42
393.9 24
394.0 40
394.1 31
394.1 19
394.2 15
394.3 14
394.3 5
394.4 6
394.5 32
394.5 77
394.6 117
394.7 128
394.7 125
394.8 46
394.9 37
394.9 28
395.0 43
395.1 123
395.1 103
395.2 87
395.3 124
395.3 113
395.4 49
395.5 11
395.5 25
395.6 19
395.7 4
395.7 0
395.8 0
395.9 0
395.9 0
396.0 2
396.1 7
396.1 19
396.2 103
396.3 159
396.3 108
396.4 64
396.5 32
396.5 14
396.6 26
396.7 47
396.7 72
396.8 70
396.9 123
396.9 244
397.0 155
397.1 71
397.1 47
397.2 35
397.3 12
397.3 14
397.4 27
397.5 17
397.5 17
397.6 14
397.7 19
397.7 59
397.8 57
397.9 38
397.9 16
398.0 28
398.1 26
398.1 28
398.2 20
398.3 5
398.3 0
398.4 0
398.5 0
398.5 0
398.6 22
398.7 26
398.7 41
398.8 84
398.9 67
398.9 56
399.0 32
399.1 34
399.1 36
399.2 46
399.3 81
399.3 70
399.4 67
399.5 79
399.5 128
399.6 102
399.7 79
399.7 69
399.8 145
399.9 130
399.9 152
400.0 254
400.1 170
400.1 151
400.2 165
400.3 109
400.3 25
400.4 4
400.5 4
400.5 10
400.6 15
400.7 73
400.7 59
400.8 60
400.9 116
400.9 112
401.0 68
401.1 75
401.1 75
401.2 56
401.3 77
401.3 91
401.4 103
401.5 91
401.5 91
401.6 106
401.7 110
401.7 31
401.8 5
401.9 16
401.9 65
402.0 107
402.1 101
402.1 90
402.2 76
402.3 81
402.3 59
402.4 16
402.5 27
402.5 33
402.6 14
402.7 46
402.7 165
402.8 192
402.9 137
402.9 56
403.0 60
403.1 144
403.1 107
403.2 107
403.3 201
403.3 131
403.4 51
403.5 12
403.5 3
403.6 0
403.7 0
403.7 0
403.8 2
403.9 25
403.9 46
404.0 110
404.1 92
404.1 28
404.2 14
404.3 71
404.3 73
404.4 25
404.5 40
404.5 52
404.6 29
404.7 18
404.7 31
404.8 38
404.9 44
404.9 46
405.0 41
405.1 30
405.1 28
405.2 42
405.3 16
405.3 3
405.4 1
405.5 0
405.5 0
405.6 0
405.7 0
405.7 0
405.8 0
405.9 17
405.9 29
406.0 7
406.1 0
406.1 0
406.2 0
406.3 0
406.3 0
406.4 3
406.5 13
406.5 13
406.6 9
406.7 8
406.7 48
406.8 179
406.9 197
406.9 102
407.0 140
407.1 293
407.1 299
407.2 150
407.3 45
407.3 22
407.4 17
407.5 12
407.5 51
407.6 65
407.7 62
407.7 69
407.8 71
407.9 111
407.9 105
408.0 113
408.1 81
408.1 25
408.2 54
408.3 44
408.3 28
408.4 51
408.5 62
408.5 74
408.6 89
408.7 166
408.7 291
408.8 340
408.9 226
408.9 114
409.0 162
409.1 182
409.1 172
409.2 167
409.3 104
409.3 54
409.4 49
409.5 86
409.5 101
409.6 101
409.7 107
409.7 84
409.8 61
409.9 115
409.9 140
410.0 133
410.1 128
410.1 83
410.2 58
410.3 70
410.3 69
410.4 54
410.5 29
410.5 34
410.6 47
410.7 37
410.7 65
410.8 122
410.9 147
410.9 222
411.0 214
411.1 126
411.1 91
411.2 90
411.3 56
411.3 115
411.4 123
411.5 77
411.5 65
411.6 66
411.7 55
411.7 5
411.8 0
411.9 2
411.9 32
412.0 44
412.1 26
412.1 19
412.2 6
412.3 2
412.3 9
412.4 14
412.5 30
412.5 66
412.6 118
412.7 244
412.7 267
412.8 158
412.9 91
412.9 55
413.0 36
413.1 71
413.1 81
413.2 42
413.3 34
413.3 35
413.4 55
413.5 45
413.5 14
413.6 1
413.7 0
413.7 0
413.8 0
413.9 3
413.9 11
414.0 20
414.1 44
414.1 114
414.2 165
414.3 104
414.3 48
414.4 36
414.5 50
414.5 69
414.6 64
414.7 56
414.7 30
414.8 16
414.9 38
414.9 52
415.0 115
415.1 114
415.1 162
415.2 142
415.3 95
415.3 74
415.4 74
415.5 52
415.5 32
415.6 6
415.7 0
415.7 0
415.8 0
415.9 0
415.9 1
416.0 46
416.1 123
416.1 121
416.2 85
416.3 61
416.3 27
416.4 24
416.5 44
416.5 137
416.6 171
416.7 67
416.7 81
416.8 98
416.9 63
416.9 33
417.0 28
417.1 40
417.1 69
417.2 100
417.3 117
417.3 108
417.4 78
417.5 120
417.5 144
417.6 121
417.7 96
417.7 73
417.8 51
417.9 4
417.9 19
418.0 38
418.1 128
418.1 242
418.2 212
418.3 135
418.3 80
418.4 63
418.5 39
418.5 71
418.6 102
418.7 57
418.7 30
418.8 84
418.9 171
418.9 238
419.0 369
419.1 336
419.1 435
419.2 723
419.3 765
419.3 644
419.4 516
419.5 316
419.5 221
419.6 205
419.7 199
419.7 139
419.8 64
419.9 129
419.9 166
420.0 149
420.1 149
420.1 131
420.2 112
420.3 76
420.3 109
420.4 107
420.5 104
420.5 88
420.6 96
420.7 178
420.7 196
420.8 113
420.9 120
420.9 137
421.0 191
421.1 189
421.1 154
421.2 133
421.3 117
421.3 57
421.4 47
421.5 99
421.5 76
421.6 26
421.7 16
421.7 5
421.8 0
421.9 8
421.9 28
422.0 28
422.1 26
422.1 51
422.2 55
422.3 60
422.3 44
422.4 56
422.5 22
422.5 5
422.6 24
422.7 29
422.7 15
422.8 2
422.9 0
422.9 0
423.0 0
423.1 6
423.1 7
423.2 8
423.3 7
423.3 4
423.4 2
423.5 0
423.5 0
423.6 29
423.7 65
423.7 71
423.8 131
423.9 156
423.9 20
424.0 32
424.1 50
424.1 60
424.2 99
424.3 130
424.3 124
424.4 83
424.5 29
424.5 27
424.6 58
424.7 138
424.7 141
424.8 180
424.9 196
424.9 145
425.0 117
425.1 126
425.1 141
425.2 132
425.3 152
425.3 266
425.4 193
425.5 116
425.5 46
425.6 51
425.7 33
425.7 18
425.8 3
425.9 0
425.9 24
426.0 59
426.1 61
426.1 85
426.2 146
426.3 111
426.3 99
426.4 105
426.5 46
426.5 23
426.6 47
426.7 55
426.7 91
426.8 156
426.9 146
426.9 186
427.0 257
427.1 241
427.1 103
427.2 58
427.3 82
427.3 137
427.4 125
427.5 24
427.5 4
427.6 0
427.7 0
427.7 7
427.8 26
427.9 23
427.9 65
428.0 85
428.1 73
428.1 125
428.2 148
428.3 100
428.3 55
428.4 10
428.5 0
428.5 43
428.6 54
428.7 70
428.7 142
428.8 63
428.9 87
428.9 87
429.0 80
429.1 129
429.1 148
429.2 181
429.3 240
429.3 176
429.4 74
429.5 27
429.5 13
429.6 4
429.7 8
429.7 38
429.8 66
429.9 56
429.9 53
430.0 94
430.1 146
430.1 167
430.2 124
430.3 113
430.3 113
430.4 102
430.5 64
430.5 10
430.6 6
430.7 17
430.7 29
430.8 51
430.9 63
430.9 101
431.0 122
431.1 129
431.1 147
431.2 111
431.3 122
431.3 60
431.4 58
431.5 93
431.5 129
431.6 109
431.7 51
431.7 52
431.8 97
431.9 107
431.9 70
432.0 105
432.1 155
432.1 69
432.2 21
432.3 12
432.3 17
432.4 12
432.5 30
432.5 57
432.6 25
432.7 22
432.7 39
432.8 53
432.9 100
432.9 139
433.0 203
433.1 225
433.1 211
433.2 193
433.3 135
433.3 108
433.4 46
433.5 46
433.5 23
433.6 7
433.7 66
433.7 56
433.8 20
433.9 59
433.9 143
434.0 127
434.1 64
434.1 10
434.2 95
434.3 107
434.3 63
434.4 72
434.5 90
434.5 19
434.6 22
434.7 42
434.7 33
434.8 140
434.9 176
434.9 191
435.0 179
435.1 152
435.1 225
435.2 179
435.3 127
435.3 109
435.4 108
435.5 80
435.5 12
435.6 7
435.7 15
435.7 8
435.8 6
435.9 54
435.9 135
436.0 115
436.1 69
436.1 16
436.2 5
436.3 12
436.3 13
436.4 11
436.5 34
436.5 29
436.6 66
436.7 172
436.7 135
436.8 164
436.9 265
436.9 436
437.0 428
437.1 440
437.1 531
437.2 599
437.3 658
437.3 559
437.4 335
437.5 167
437.5 124
437.6 106
437.7 81
437.7 43
437.8 47
437.9 39
437.9 76
438.0 140
438.1 137
438.1 138
438.2 118
438.3 79
438.3 90
438.4 106
438.5 157
438.5 271
438.6 380
438.7 295
438.7 241
438.8 348
438.9 421
438.9 478
439.0 474
439.1 413
439.1 556
439.2 550
439.3 449
439.3 274
439.4 144
439.5 133
439.5 98
439.6 27
439.7 21
439.7 15
439.8 6
439.9 1
439.9 0
440.0 4
440.1 32
440.1 73
440.2 92
440.3 89
440.3 92
440.4 46
440.5 49
440.5 80
440.6 58
440.7 23
440.7 5
440.8 27
440.9 66
440.9 37
441.0 27
441.1 37
441.1 94
441.2 171
441.3 250
441.3 287
441.4 144
441.5 63
441.5 36
441.6 30
441.7 7
441.7 1
441.8 15
441.9 28
441.9 12
442.0 35
442.1 114
442.1 214
442.2 158
442.3 108
442.3 77
442.4 23
442.5 28
442.5 38
442.6 31
442.7 32
442.7 12
442.8 26
442.9 70
442.9 68
443.0 141
443.1 159
443.1 172
443.2 143
443.3 134
443.3 72
443.4 43
443.5 26
443.5 16
443.6 28
443.7 21
443.7 27
443.8 38
443.9 45
443.9 49
444.0 78
444.1 130
444.1 161
444.2 178
444.3 131
444.3 75
444.4 81
444.5 82
444.5 82
444.6 143
444.7 209
444.7 216
444.8 184
444.9 62
444.9 33
445.0 42
445.1 127
445.1 160
445.2 126
445.3 169
445.3 188
445.4 136
445.5 111
445.5 82
445.6 45
445.7 43
445.7 111
445.8 92
445.9 83
445.9 188
446.0 189
446.1 137
446.1 169
446.2 194
446.3 234
446.3 131
446.4 76
446.5 120
446.5 121
446.6 109
446.7 105
446.7 88
446.8 94
446.9 77
446.9 53
447.0 168
447.1 198
447.1 224
447.2 370
447.3 481
447.3 443
447.4 280
447.5 103
447.5 107
447.6 86
447.7 112
447.7 185
447.8 157
447.9 94
447.9 211
448.0 284
448.1 344
448.1 289
448.2 198
448.3 271
448.3 310
448.4 123
448.5 33
448.5 24
448.6 11
448.7 42
448.7 130
448.8 148
448.9 88
448.9 61
449.0 56
449.1 74
449.1 186
449.2 271
449.3 150
449.3 100
449.4 72
449.5 44
449.5 57
449.6 20
449.7 1
449.7 5
449.8 22
449.9 95
449.9 148
450.0 186
450.1 165
450.1 162
450.2 187
450.3 162
450.3 62
450.4 65
450.5 34
450.5 64
450.6 107
450.7 88
450.7 120
450.8 153
450.9 96
450.9 82
451.0 118
451.1 149
451.1 266
451.2 278
451.3 142
451.3 111
451.4 128
451.5 100
451.5 89
451.6 127
451.7 85
451.7 126
451.8 131
451.9 151
451.9 329
452.1 462
452.1 558
452.0 626
452.2 542
452.3 379
452.3 238
452.4 239
452.5 172
452.5 61
452.6 42
452.7 72
452.7 45
452.8 108
452.9 161
452.9 84
453.0 55
453.1 66
453.1 68
453.2 90
453.3 94
453.3 40
453.4 41
453.5 35
453.5 7
453.6 0
453.7 15
453.7 48
453.8 60
453.9 55
453.9 43
454.0 91
454.1 197
454.1 213
454.2 78
454.3 30
454.3 70
454.4 89
454.5 86
454.5 124
454.6 42
454.7 19
454.7 16
454.8 49
454.9 117
454.9 138
455.0 82
455.1 91
455.1 135
455.2 163
455.3 150
455.3 129
455.4 84
455.5 57
455.5 31
455.6 24
455.7 42
455.7 53
455.8 28
455.9 24
455.9 32
456.0 19
456.1 27
456.1 64
456.2 94
456.3 139
456.3 207
456.4 175
456.5 173
456.5 206
456.6 188
456.7 195
456.7 294
456.8 298
456.9 298
456.9 293
457.0 358
457.1 359
457.1 449
457.2 436
457.3 335
457.3 402
457.4 353
457.5 159
457.5 55
457.6 12
457.7 17
457.7 39
457.8 35
457.9 34
457.9 59
458.0 76
458.1 39
458.1 38
458.2 38
458.3 39
458.3 23
458.4 10
458.5 14
458.5 13
458.6 4
458.7 0
458.7 3
458.8 29
458.9 66
458.9 76
459.0 94
459.1 233
459.1 306
459.2 326
459.3 348
459.3 307
459.4 328
459.5 204
459.5 101
459.6 104
459.7 133
459.7 115
459.8 60
459.9 71
459.9 123
460.0 202
460.1 284
460.1 315
460.2 369
460.3 331
460.3 169
460.4 81
460.5 30
460.5 22
460.6 34
460.7 63
460.7 40
460.8 103
460.9 143
460.9 199
461.0 225
461.1 279
461.1 198
461.2 222
461.3 222
461.3 204
461.4 234
461.5 130
461.5 37
461.6 22
461.7 20
461.7 21
461.8 65
461.9 148
461.9 205
462.0 148
462.1 96
462.1 72
462.2 77
462.3 65
462.3 49
462.4 7
462.5 2
462.5 8
462.6 32
462.7 60
462.7 69
462.8 75
462.9 157
462.9 156
463.0 171
463.1 238
463.1 210
463.2 129
463.3 183
463.3 216
463.4 102
463.5 36
463.5 52
463.6 199
463.7 192
463.7 101
463.8 85
463.9 97
463.9 157
464.0 239
464.1 245
464.1 177
464.2 141
464.3 103
464.3 87
464.4 55
464.5 30
464.5 62
464.6 34
464.7 8
464.7 8
464.8 16
464.9 40
464.9 106
465.0 80
465.1 74
465.1 93
465.2 54
465.3 15
465.3 1
465.4 4
465.5 13
465.5 77
465.6 101
465.7 64
465.7 19
465.8 44
465.9 77
465.9 97
466.0 114
466.1 127
466.1 148
466.2 177
466.3 123
466.3 44
466.4 8
466.5 0
466.5 0
466.6 4
466.7 15
466.7 40
466.8 188
466.9 217
466.9 167
467.0 146
467.1 98
467.1 147
467.2 139
467.3 89
467.3 30
467.4 30
467.5 52
467.5 20
467.6 2
467.7 7
467.7 35
467.8 80
467.9 73
467.9 105
468.0 46
468.1 50
468.1 56
468.2 81
468.3 95
468.3 89
468.4 75
468.5 63
468.5 72
468.6 74
468.7 151
468.7 121
468.8 139
468.9 168
468.9 178
469.0 187
469.1 160
469.1 158
469.2 99
469.3 70
469.3 60
469.4 4
469.5 1
469.5 4
469.6 25
469.7 97
469.7 148
469.8 107
469.9 38
469.9 29
470.0 22
470.1 8
470.1 22
470.2 48
470.3 20
470.3 11
470.4 26
470.5 72
470.5 98
470.6 85
470.7 119
470.7 94
470.8 57
470.9 44
470.9 53
471.0 57
471.1 46
471.1 95
471.2 108
471.3 102
471.3 119
471.4 185
471.5 174
471.5 88
471.6 47
471.7 32
471.7 53
471.8 65
471.9 69
471.9 68
472.0 60
472.1 75
472.1 39
472.2 47
472.3 61
472.3 34
472.4 24
472.5 8
472.5 13
472.6 51
472.7 82
472.7 60
472.8 55
472.9 68
472.9 74
473.0 85
473.1 79
473.1 84
473.2 107
473.3 169
473.3 157
473.4 181
473.5 108
473.5 29
473.6 10
473.7 32
473.7 63
473.8 32
473.9 79
473.9 107
474.0 65
474.1 40
474.1 52
474.2 48
474.3 41
474.3 59
474.4 73
474.5 67
474.5 56
474.6 119
474.7 165
474.7 148
474.8 73
474.9 159
474.9 208
475.0 209
475.1 190
475.1 151
475.2 196
475.3 235
475.3 106
475.4 11
475.5 8
475.5 5
475.6 14
475.7 18
475.7 21
475.8 44
475.9 61
475.9 124
476.0 125
476.1 92
476.1 48
476.2 161
476.3 233
476.3 157
476.4 103
476.5 75
476.5 74
476.6 56
476.7 55
476.7 26
476.8 13
476.9 105
476.9 190
477.0 208
477.1 379
477.1 389
477.2 344
477.3 351
477.3 418
477.4 299
477.5 149
477.5 153
477.6 119
477.7 114
477.7 127
477.8 158
477.9 317
477.9 441
478.0 363
478.1 317
478.1 255
478.2 269
478.3 234
478.3 166
478.4 105
478.5 64
478.5 45
478.6 150
478.7 207
478.7 197
478.8 260
478.9 277
478.9 198
479.0 156
479.1 194
479.1 293
479.2 419
479.3 324
479.3 176
479.4 122
479.5 57
479.5 44
479.6 59
479.7 87
479.7 123
479.8 135
479.9 181
479.9 176
480.0 174
480.1 129
480.1 80
480.2 93
480.3 152
480.3 185
480.4 91
480.5 13
480.5 41
480.6 65
480.7 78
480.7 43
480.8 1
480.9 0
480.9 17
481.0 51
481.1 78
481.1 156
481.2 306
481.3 266
481.3 172
481.4 86
481.5 65
481.5 27
481.6 43
481.7 93
481.7 71
481.8 1
481.9 9
481.9 23
482.0 13
482.1 28
482.1 72
482.2 74
482.3 41
482.3 13
482.4 68
482.5 94
482.5 71
482.6 28
482.7 33
482.7 32
482.8 58
482.9 80
482.9 120
483.0 117
483.1 154
483.1 107
483.2 70
483.3 74
483.3 70
483.4 110
483.5 100
483.5 74
483.6 73
483.7 43
483.7 10
483.8 25
483.9 36
483.9 21
484.0 19
484.1 34
484.1 22
484.2 35
484.3 80
484.3 108
484.4 111
484.5 80
484.5 20
484.6 48
484.7 85
484.7 120
484.8 92
484.9 72
484.9 78
485.0 51
485.1 33
485.1 43
485.2 59
485.3 99
485.3 137
485.4 77
485.5 17
485.5 1
485.6 0
485.7 4
485.7 19
485.8 30
485.9 32
485.9 8
486.0 16
486.1 14
486.1 37
486.2 104
486.3 121
486.3 60
486.4 5
486.5 1
486.5 2
486.6 1
486.7 14
486.7 47
486.8 22
486.9 37
486.9 95
487.0 116
487.1 111
487.1 65
487.2 26
487.3 33
487.3 40
487.4 31
487.5 70
487.5 74
487.6 46
487.7 98
487.7 68
487.8 75
487.9 96
487.9 32
488.0 29
488.1 74
488.1 140
488.2 144
488.3 70
488.3 43
488.4 21
488.5 10
488.5 9
488.6 12
488.7 22
488.7 62
488.8 79
488.9 44
488.9 52
489.0 98
489.1 118
489.1 133
489.2 199
489.3 182
489.3 139
489.4 87
489.5 62
489.5 27
489.6 31
489.7 59
489.7 45
489.8 19
489.9 31
489.9 70
490.0 101
490.1 99
490.1 157
490.2 187
490.3 152
490.3 160
490.4 134
490.5 66
490.5 67
490.6 22
490.7 2
490.7 0
490.8 1
490.9 20
490.9 66
491.0 88
491.1 110
491.1 97
491.2 149
491.3 150
491.3 135
491.4 118
491.5 115
491.5 157
491.6 139
491.7 76
491.7 75
491.8 76
491.9 44
491.9 103
492.0 87
492.1 63
492.1 53
492.2 40
492.3 55
492.3 39
492.4 28
492.5 22
492.5 4
492.6 4
492.7 33
492.7 72
492.8 71
492.9 58
492.9 30
493.0 20
493.1 102
493.1 90
493.2 53
493.3 31
493.3 8
493.4 7
493.5 42
493.5 59
493.6 31
493.7 6
493.7 1
493.8 0
493.9 5
493.9 39
494.0 22
494.1 9
494.1 13
494.2 4
494.3 22
494.3 44
494.4 36
494.5 17
494.5 5
494.6 22
494.7 96
494.7 71
494.8 23
494.9 11
494.9 72
495.0 143
495.1 172
495.1 101
495.2 73
495.3 30
495.3 25
495.4 131
495.5 77
495.5 45
495.6 204
495.7 314
495.7 395
495.8 630
495.9 1032
495.9 1231
496.0 1329
496.1 1252
496.1 1453
496.2 1680
496.3 1605
496.3 995
496.4 481
496.5 266
496.5 238
496.6 225
496.7 276
496.7 270
496.8 230
496.9 302
496.9 459
497.0 516
497.1 513
497.1 506
497.2 307
497.3 157
497.3 92
497.4 61
497.5 15
497.5 75
497.6 92
497.7 91
497.7 117
497.8 152
497.9 175
497.9 253
498.0 366
498.1 375
498.1 398
498.2 485
498.3 423
498.3 277
498.4 307
498.5 271
498.5 191
498.6 171
498.7 164
498.7 260
498.8 210
498.9 294
498.9 531
499.0 805
499.1 1199
499.1 1562
499.2 1937
499.3 2393
499.3 2359
499.4 2137
499.5 1971
499.5 1441
499.6 964
499.7 587
499.7 308
499.8 227
499.9 200
499.9 143
500.0 199
500.1 151
500.1 109
500.2 177
500.3 226
500.3 169
500.4 130
500.5 83
500.5 156
500.6 202
500.7 185
500.7 87
500.8 48
500.9 23
500.9 42
501.0 67
501.1 61
501.1 95
501.2 119
501.3 63
501.3 54
501.4 26
501.5 51
501.5 69
501.6 49
501.7 27
501.7 36
501.8 49
501.9 48
501.9 79
502.0 82
502.1 112
502.1 137
502.2 149
502.3 163
502.3 150
502.4 140
502.5 171
502.5 207
502.6 128
502.7 34
502.7 3
502.8 1
502.9 8
502.9 21
503.0 65
503.1 113
503.1 99
503.2 65
503.3 92
503.3 198
503.4 169
503.5 170
503.5 91
503.6 23
503.7 17
503.7 26
503.8 64
503.9 59
503.9 50
504.0 58
504.1 113
504.1 154
504.2 209
504.3 219
504.3 172
504.4 44
504.5 7
504.5 8
504.6 27
504.7 47
504.7 66
504.8 63
504.9 65
504.9 88
505.0 151
505.1 123
505.1 83
505.2 92
505.3 107
505.3 76
505.4 60
505.5 111
505.5 208
505.6 89
505.7 32
505.7 22
505.8 77
505.9 76
505.9 48
506.0 38
506.1 48
506.1 63
506.2 73
506.3 99
506.3 58
506.4 96
506.5 97
506.5 31
506.6 15
506.7 3
506.7 48
506.8 54
506.9 50
506.9 96
507.0 178
507.1 200
507.1 139
507.2 87
507.3 38
507.3 35
507.4 44
507.5 51
507.5 41
507.6 29
507.7 13
507.7 31
507.8 80
507.9 88
507.9 43
508.0 80
508.1 109
508.1 72
508.2 64
508.3 63
508.3 25
508.4 21
508.5 16
508.5 5
508.6 0
508.7 0
508.7 0
508.8 0
508.9 0
508.9 6
509.0 44
509.1 79
509.1 74
509.2 54
509.3 59
509.3 88
509.4 77
509.5 16
509.5 19
509.6 16
509.7 7
509.7 12
509.8 47
509.9 26
509.9 5
510.0 2
510.1 0
510.1 0
510.2 18
510.3 69
510.3 77
510.4 45
510.5 40
510.5 17
510.6 25
510.7 74
510.7 81
510.8 35
510.9 7
510.9 34
511.0 92
511.1 79
511.1 109
511.2 111
511.3 83
511.3 69
511.4 71
511.5 40
511.5 9
511.6 21
511.7 29
511.7 74
511.8 107
511.9 90
511.9 59
512.0 59
512.1 116
512.1 122
512.2 51
512.3 43
512.3 35
512.4 12
512.5 5
512.5 68
512.6 168
512.7 157
512.7 112
512.8 87
512.9 95
512.9 104
513.0 96
513.1 58
513.1 60
513.2 121
513.3 131
513.3 81
513.4 76
513.5 113
513.5 128
513.6 150
513.7 176
513.7 141
513.8 145
513.9 157
513.9 85
514.0 35
514.1 33
514.1 40
514.2 53
514.3 110
514.3 148
514.4 58
514.5 8
514.5 0
514.6 0
514.7 30
514.7 76
514.8 56
514.9 41
514.9 105
515.0 61
515.1 56
515.1 99
515.2 140
515.3 277
515.3 324
515.4 198
515.5 100
515.5 43
515.6 13
515.7 4
515.7 4
515.8 38
515.9 42
515.9 47
516.0 87
516.1 243
516.1 377
516.2 327
516.3 241
516.3 181
516.4 202
516.5 140
516.5 81
516.6 60
516.7 21
516.7 6
516.8 53
516.9 133
516.9 110
517.0 98
517.1 169
517.1 178
517.2 84
517.3 19
517.3 8
517.4 32
517.5 61
517.5 39
517.6 11
517.7 8
517.7 26
517.8 98
517.9 183
517.9 192
518.0 83
518.1 22
518.1 60
518.2 233
518.3 194
518.3 107
518.4 34
518.5 117
518.5 141
518.6 113
518.7 99
518.7 43
518.8 62
518.9 124
518.9 122
519.0 129
519.1 302
519.1 519
519.2 737
519.3 802
519.3 665
519.4 473
519.5 368
519.5 244
519.6 152
519.7 146
519.7 103
519.8 75
519.9 44
519.9 58
520.0 35
520.1 81
520.1 154
520.2 201
520.3 163
520.3 101
520.4 137
520.5 169
520.5 175
520.6 121
520.7 89
520.7 74
520.8 115
520.9 92
520.9 100
521.0 103
521.1 68
521.1 35
521.2 17
521.3 37
521.3 116
521.4 93
521.5 98
521.5 152
521.6 122
521.7 44
521.7 9
521.8 0
521.9 1
521.9 12
522.0 30
522.1 24
522.1 81
522.2 150
522.3 139
522.3 141
522.4 152
522.5 68
522.5 21
522.6 23
522.7 16
522.7 50
522.8 48
522.9 20
522.9 8
523.0 39
523.1 109
523.1 186
523.2 106
523.3 88
523.3 58
523.4 48
523.5 32
523.5 50
523.6 63
523.7 30
523.7 7
523.8 4
523.9 18
523.9 24
524.0 12
524.1 35
524.1 89
524.2 203
524.3 191
524.3 215
524.4 258
524.5 130
524.5 71
524.6 62
524.7 19
524.7 69
524.8 71
524.9 40
524.9 35
525.0 57
525.1 101
525.1 61
525.2 73
525.3 64
525.3 36
525.4 32
525.5 10
525.5 0
525.6 0
525.7 0
525.7 0
525.8 2
525.9 9
525.9 17
526.0 20
526.1 32
526.1 53
526.2 14
526.3 33
526.3 52
526.4 36
526.5 71
526.5 156
526.6 63
526.7 29
526.7 36
526.8 24
526.9 28
526.9 29
527.0 25
527.1 38
527.1 136
527.2 210
527.3 208
527.3 171
527.4 96
527.5 51
527.5 43
527.6 88
527.7 170
527.7 159
527.8 154
527.9 109
527.9 58
528.0 57
528.1 115
528.1 137
528.2 126
528.3 162
528.3 170
528.4 122
528.5 75
528.5 108
528.6 236
528.7 310
528.7 216
528.8 231
528.9 238
528.9 302
529.0 405
529.1 446
529.1 292
529.2 166
529.3 156
529.3 169
529.4 107
529.5 57
529.5 99
529.6 97
529.7 42
529.7 15
529.8 11
529.9 4
529.9 0
530.0 2
530.1 26
530.1 53
530.2 67
530.3 74
530.3 64
530.4 62
530.5 43
530.5 38
530.6 46
530.7 23
530.7 23
530.8 109
530.9 152
530.9 147
531.0 208
531.1 246
531.1 327
531.2 297
531.3 237
531.3 329
531.4 419
531.5 247
531.5 145
531.6 186
531.7 186
531.7 123
531.8 133
531.9 143
531.9 91
532.0 114
532.1 139
532.1 178
532.2 148
532.3 188
532.3 186
532.4 236
532.5 247
532.5 164
532.6 77
532.7 71
532.7 156
532.8 223
532.9 171
532.9 149
533.0 183
533.1 312
533.1 335
533.2 225
533.3 203
533.3 219
533.4 233
533.5 213
533.5 105
533.6 64
533.7 106
533.7 174
533.8 232
533.9 199
533.9 140
534.0 122
534.1 202
534.1 203
534.2 249
534.3 277
534.3 201
534.4 109
534.5 46
534.5 8
534.6 12
534.7 35
534.7 35
534.8 18
534.9 11
534.9 59
535.0 155
535.1 155
535.1 86
535.2 19
535.3 10
535.3 10
535.4 9
535.5 26
535.5 73
535.6 68
535.7 91
535.7 83
535.8 24
535.9 10
535.9 29
536.0 83
536.1 53
536.1 27
536.2 27
536.3 21
536.3 15
536.4 11
536.5 2
536.5 5
536.6 4
536.7 24
536.7 81
536.8 96
536.9 43
536.9 63
537.0 39
537.1 68
537.1 107
537.2 99
537.3 99
537.3 148
537.4 73
537.5 57
537.5 80
537.6 55
537.7 89
537.7 143
537.8 78
537.9 94
537.9 113
538.0 113
538.1 74
538.1 104
538.2 221
538.3 256
538.3 172
538.4 99
538.5 12
538.5 4
538.6 19
538.7 52
538.7 59
538.8 116
538.9 386
538.9 499
539.0 454
539.1 563
539.1 684
539.2 924
539.3 1032
539.3 843
539.4 755
539.5 598
539.5 416
539.6 430
539.7 300
539.7 244
539.8 161
539.9 101
539.9 80
540.0 134
540.1 225
540.1 198
540.2 147
540.3 109
540.3 127
540.4 59
540.5 20
540.5 14
540.6 44
540.7 59
540.7 50
540.8 56
540.9 68
540.9 70
541.0 65
541.1 92
541.1 178
541.2 155
541.3 100
541.3 44
541.4 48
541.5 35
541.5 10
541.6 7
541.7 13
541.7 12
541.8 23
541.9 8
541.9 1
542.0 0
542.1 5
542.1 19
542.2 26
542.3 27
542.3 57
542.4 67
542.5 39
542.5 8
542.6 0
542.7 0
542.7 15
542.8 62
542.9 100
542.9 89
543.0 46
543.1 150
543.1 145
543.2 93
543.3 42
543.3 12
543.4 8
543.5 1
543.5 0
543.6 0
543.7 0
543.7 0
543.8 7
543.9 104
543.9 190
544.0 139
544.1 101
544.1 66
544.2 106
544.3 128
544.3 134
544.4 114
544.5 67
544.5 23
544.6 17
544.7 34
544.7 20
544.8 65
544.9 156
544.9 230
545.0 151
545.1 118
545.1 129
545.2 121
545.3 181
545.3 296
545.4 262
545.5 102
545.5 42
545.6 52
545.7 79
545.7 39
545.8 43
545.9 49
545.9 56
546.0 98
546.1 248
546.1 186
546.2 185
546.3 324
546.3 494
546.4 451
546.5 317
546.5 159
546.6 73
546.7 82
546.7 77
546.8 63
546.9 81
546.9 200
547.0 232
547.1 196
547.1 263
547.2 328
547.3 321
547.3 336
547.4 284
547.5 370
547.5 304
547.6 288
547.7 244
547.7 164
547.8 64
547.9 89
547.9 120
548.0 141
548.1 179
548.1 177
548.2 104
548.3 104
548.3 205
548.4 266
548.5 121
548.5 51
548.6 47
548.7 30
548.7 21
548.8 40
548.9 123
548.9 146
549.0 15
549.1 76
549.1 103
549.2 85
549.3 94
549.3 66
549.4 23
549.5 22
549.5 36
549.6 11
549.7 3
549.7 20
549.8 27
549.9 7
549.9 1
550.0 0
550.1 0
550.1 0
550.2 0
550.3 21
550.3 65
550.4 68
550.5 61
550.5 24
550.6 30
550.7 86
550.7 99
550.8 161
550.9 280
550.9 339
551.0 454
551.1 444
551.1 420
551.2 394
551.3 318
551.3 229
551.4 207
551.5 240
551.5 276
551.6 335
551.7 432
551.7 693
551.8 1165
551.9 1599
551.9 1917
552.0 2268
552.1 2393
552.1 2654
552.2 2342
552.3 1306
552.3 626
552.4 321
552.5 200
552.5 85
552.6 46
552.7 32
552.7 102
552.8 120
552.9 63
552.9 98
553.0 106
553.1 87
553.1 52
553.2 120
553.3 161
553.3 87
553.4 64
553.5 35
553.5 10
553.6 128
553.7 173
553.7 84
553.8 27
553.9 21
553.9 12
554.0 1
554.1 0
554.1 0
554.2 8
554.3 46
554.3 119
554.4 213
554.5 195
554.5 63
554.6 21
554.7 5
554.7 28
554.8 81
554.9 93
554.9 123
555.0 146
555.1 82
555.1 106
555.2 104
555.3 167
555.3 214
555.4 162
555.5 57
555.5 15
555.6 4
555.7 10
555.7 44
555.8 23
555.9 5
555.9 1
556.0 17
556.1 13
556.1 37
556.2 91
556.3 99
556.3 92
556.4 118
556.5 180
556.5 193
556.6 98
556.7 104
556.7 122
556.8 162
556.9 174
556.9 199
557.0 257
557.1 266
557.1 332
557.2 295
557.3 171
557.3 213
557.4 241
557.5 174
557.5 63
557.6 25
557.7 18
557.7 25
557.8 36
557.9 70
557.9 77
558.0 64
558.1 45
558.1 43
558.2 83
558.3 201
558.3 187
558.4 52
558.5 43
558.5 90
558.6 104
558.7 91
558.7 128
558.8 162
558.9 245
558.9 426
559.0 586
559.1 672
559.1 680
559.2 581
559.3 371
559.3 231
559.4 303
559.5 310
559.5 168
559.6 67
559.7 57
559.7 27
559.8 57
559.9 122
559.9 180
560.0 161
560.1 149
560.1 208
560.2 259
560.3 257
560.3 254
560.4 182
560.5 96
560.5 32
560.6 69
560.7 80
560.7 48
560.8 31
560.9 47
560.9 108
561.0 237
561.1 282
561.1 286
561.2 275
561.3 186
561.3 85
561.4 61
561.5 90
561.5 204
561.6 206
561.7 89
561.7 43
561.8 64
561.9 77
561.9 46
562.0 20
562.1 133
562.1 124
562.2 87
562.3 99
562.3 106
562.4 86
562.5 48
562.5 50
562.6 39
562.7 39
562.7 6
562.8 5
562.9 20
562.9 57
563.0 89
563.1 56
563.1 37
563.2 95
563.3 77
563.3 36
563.4 63
563.5 155
563.5 137
563.6 32
563.7 19
563.7 42
563.8 35
563.9 8
563.9 14
564.0 57
564.1 85
564.1 32
564.2 12
564.3 34
564.3 80
564.4 60
564.5 19
564.5 21
564.6 93
564.7 137
564.7 28
564.8 47
564.9 55
564.9 26
565.0 41
565.1 140
565.1 150
565.2 19
565.3 19
565.3 9
565.4 1
565.5 0
565.5 0
565.6 0
565.7 21
565.7 81
565.8 31
565.9 6
565.9 34
566.0 105
566.1 88
566.1 40
566.2 78
566.3 33
566.3 4
566.4 9
566.5 62
566.5 125
566.6 110
566.7 8
566.7 0
566.8 0
566.9 0
566.9 0
567.0 0
567.1 12
567.1 43
567.2 21
567.3 2
567.3 0
567.4 4
567.5 18
567.5 20
567.6 12
567.7 17
567.7 19
567.8 21
567.9 10
567.9 14
568.0 21
568.1 4
568.1 24
568.2 87
568.3 123
568.3 82
568.4 41
568.5 25
568.5 0
568.6 73
568.7 96
568.7 80
568.8 48
568.9 19
568.9 48
569.0 148
569.1 185
569.1 75
569.2 45
569.3 75
569.3 85
569.4 83
569.5 48
569.5 47
569.6 23
569.7 6
569.7 9
569.8 35
569.9 25
569.9 31
570.0 53
570.1 41
570.1 63
570.2 78
570.3 59
570.3 32
570.4 15
570.5 18
570.5 14
570.6 5
570.7 1
570.7 10
570.8 33
570.9 48
570.9 95
571.0 135
571.1 173
571.1 95
571.2 92
571.3 75
571.3 62
571.4 103
571.5 84
571.5 51
571.6 23
571.7 29
571.7 54
571.8 61
571.9 35
571.9 8
572.0 10
572.1 45
572.1 87
572.2 68
572.3 193
572.3 327
572.4 233
572.5 143
572.5 74
572.6 84
572.7 131
572.7 150
572.8 196
572.9 247
572.9 386
573.0 388
573.1 454
573.1 636
573.2 650
573.3 672
573.3 659
573.4 517
573.5 342
573.5 332
573.6 293
573.7 187
573.7 115
573.8 50
573.9 15
573.9 35
574.0 134
574.1 216
574.1 153
574.2 211
574.3 254
574.3 270
574.4 268
574.5 153
574.5 82
574.6 121
574.7 220
574.7 337
574.8 490
574.9 791
574.9 1171
575.1 1239
575.1 1351
575.0 1404
575.2 1213
575.3 1022
575.3 837
575.4 642
575.5 379
575.5 234
575.6 244
575.7 232
575.7 166
575.8 147
575.9 215
575.9 305
576.0 279
576.1 189
576.1 73
576.2 58
576.3 82
576.3 117
576.4 163
576.5 141
576.5 195
576.6 217
576.7 204
576.7 155
576.8 160
576.9 138
576.9 117
577.0 80
577.1 35
577.1 44
577.2 91
577.3 143
577.3 172
577.4 92
577.5 38
577.5 3
577.6 1
577.7 0
577.7 0
577.8 1
577.9 18
577.9 33
578.0 8
578.1 1
578.1 9
578.2 6
578.3 1
578.3 21
578.4 53
578.5 34
578.5 12
578.6 9
578.7 41
578.7 85
578.8 56
578.9 7
578.9 1
579.0 51
579.1 183
579.1 145
579.2 90
579.3 61
579.3 77
579.4 47
579.5 24
579.5 24
579.6 96
579.7 137
579.7 110
579.8 59
579.9 107
579.9 66
580.0 2
580.1 0
580.1 3
580.2 100
580.3 200
580.3 167
580.4 58
580.5 65
580.5 151
580.6 142
580.7 52
580.7 7
580.8 1
580.9 2
580.9 23
581.0 67
581.1 96
581.1 83
581.2 96
581.3 81
581.3 57
581.4 59
581.5 39
581.5 10
581.6 0
581.7 0
581.7 0
581.8 0
581.9 0
581.9 0
582.0 23
582.1 59
582.1 91
582.2 74
582.3 38
582.3 14
582.4 23
582.5 34
582.5 40
582.6 45
582.7 26
582.7 33
582.8 120
582.9 191
582.9 199
583.0 235
583.1 251
583.1 220
583.2 174
583.3 178
583.3 222
583.4 412
583.5 418
583.5 269
583.6 191
583.7 89
583.7 54
583.8 12
583.9 9
583.9 42
584.0 99
584.1 83
584.1 64
584.2 74
584.3 76
584.3 55
584.4 57
584.5 48
584.5 5
584.6 28
584.7 97
584.7 103
584.8 87
584.9 96
584.9 89
585.0 137
585.1 170
585.1 169
585.2 127
585.3 76
585.3 44
585.4 75
585.5 52
585.5 14
585.6 1
585.7 10
585.7 32
585.8 121
585.9 156
585.9 169
586.0 245
586.1 169
586.1 197
586.2 336
586.3 514
586.3 486
586.4 359
586.5 334
586.5 381
586.6 268
586.7 220
586.7 198
586.8 305
586.9 423
586.9 529
587.0 627
587.1 935
587.1 1281
587.2 1446
587.3 1336
587.3 1368
587.4 1232
587.5 895
587.5 660
587.6 447
587.7 310
587.7 166
587.8 105
587.9 92
587.9 104
588.0 88
588.1 77
588.1 72
588.2 65
588.3 101
588.3 96
588.4 96
588.5 117
588.5 99
588.6 94
588.7 136
588.7 194
588.8 141
588.9 102
588.9 94
589.0 80
589.1 102
589.1 149
589.2 235
589.3 338
589.3 467
589.4 407
589.5 255
589.5 103
589.6 89
589.7 137
589.7 263
589.8 320
589.9 247
589.9 337
590.0 467
590.1 429
590.1 531
590.2 893
590.3 904
590.3 845
590.4 857
590.5 730
590.5 495
590.6 293
590.7 251
590.7 297
590.8 256
590.9 126
590.9 161
591.0 317
591.1 344
591.1 430
591.2 483
591.3 314
591.3 233
591.4 256
591.5 287
591.5 343
591.6 180
591.7 152
591.7 113
591.8 111
591.9 109
591.9 61
592.0 39
592.1 100
592.1 232
592.2 244
592.3 175
592.3 119
592.4 78
592.5 68
592.5 70
592.6 43
592.7 8
592.7 2
592.8 3
592.9 10
592.9 21
593.0 18
593.1 12
593.1 26
593.2 72
593.3 105
593.3 80
593.4 48
593.5 55
593.5 49
593.6 44
593.7 50
593.7 80
593.8 93
593.9 95
593.9 98
594.0 63
594.1 58
594.1 225
594.2 278
594.3 150
594.3 111
594.4 76
594.5 59
594.5 18
594.6 4
594.7 40
594.7 70
594.8 13
594.9 0
594.9 0
595.0 0
595.1 6
595.1 16
595.2 11
595.3 18
595.3 59
595.4 115
595.5 126
595.5 91
595.6 8
595.7 22
595.7 55
595.8 72
595.9 110
595.9 144
596.0 145
596.1 80
596.1 6
596.2 2
596.3 9
596.3 21
596.4 23
596.5 79
596.5 253
596.6 165
596.7 66
596.7 47
596.8 77
596.9 135
596.9 198
597.0 303
597.1 313
597.1 190
597.2 105
597.3 93
597.3 94
597.4 65
597.5 18
597.5 3
597.6 40
597.7 60
597.7 76
597.8 63
597.9 23
597.9 3
598.0 0
598.1 0
598.1 0
598.2 18
598.3 16
598.3 4
598.4 0
598.5 0
598.5 0
598.6 6
598.7 13
598.7 8
598.8 1
598.9 0
598.9 0
599.0 0
599.1 0
599.1 0
599.2 0
599.3 0
599.3 0
599.4 4
599.5 39
599.5 100
599.6 52
599.7 6
599.7 2
599.8 7
599.9 58
599.9 136
600.0 149
600.1 104
600.1 183
600.2 325
600.3 489
600.3 448
600.4 398
600.5 361
600.5 420
600.6 465
600.7 504
600.7 499
600.8 534
600.9 646
600.9 885
601.1 1442
601.1 1864
601.1 2013
601.0 2051
601.3 1811
601.3 1409
601.4 1083
601.5 957
601.5 939
601.6 640
601.7 423
601.7 281
601.8 197
601.9 219
601.9 310
602.0 516
602.1 750
602.1 1062
602.2 1521
602.3 1638
602.3 1345
602.4 962
602.5 714
602.5 531
602.6 468
602.7 535
602.7 799
602.8 1186
602.9 1118
602.9 689
603.0 463
603.1 268
603.1 302
603.2 601
603.3 747
603.3 595
603.4 514
603.5 323
603.5 262
603.6 318
603.7 383
603.7 360
603.8 317
603.9 137
603.9 63
604.0 77
604.1 141
604.1 89
604.2 69
604.3 72
604.3 85
604.4 29
604.5 35
604.5 28
604.6 41
604.7 73
604.7 44
604.8 17
604.9 36
604.9 28
605.0 16
605.1 51
605.1 100
605.2 94
605.3 22
605.3 14
605.4 37
605.5 51
605.5 28
605.6 4
605.7 10
605.7 10
605.8 0
605.9 0
605.9 0
606.0 0
606.1 0
606.1 12
606.2 30
606.3 25
606.3 8
606.4 0
606.5 7
606.5 13
606.6 19
606.7 37
606.7 37
606.8 32
606.9 38
606.9 113
607.0 101
607.1 104
607.1 85
607.2 46
607.3 20
607.3 4
607.4 0
607.5 0
607.5 3
607.6 29
607.7 16
607.7 3
607.8 1
607.9 0
607.9 0
608.0 2
608.1 22
608.1 14
608.2 10
608.3 19
608.3 18
608.4 6
608.5 24
608.5 71
608.6 62
608.7 39
608.7 58
608.8 72
608.9 6
608.9 1
609.0 0
609.1 55
609.1 120
609.2 203
609.3 227
609.3 153
609.4 133
609.5 91
609.5 86
609.6 127
609.7 209
609.7 179
609.8 96
609.9 218
609.9 341
610.0 340
610.1 238
610.1 130
610.2 80
610.3 66
610.3 83
610.4 66
610.5 47
610.5 37
610.6 38
610.7 60
610.7 40
610.8 7
610.9 20
610.9 42
611.0 19
611.1 3
611.1 0
611.2 0
611.3 0
611.3 7
611.4 21
611.5 44
611.5 69
611.6 54
611.7 16
611.7 1
611.8 0
611.9 0
611.9 0
612.0 0
612.1 0
612.1 0
612.2 0
612.3 27
612.3 46
612.4 71
612.5 113
612.5 85
612.6 22
612.7 0
612.7 0
612.8 0
612.9 16
612.9 23
613.0 30
613.1 69
613.1 94
613.2 35
613.3 86
613.3 139
613.4 36
613.5 4
613.5 0
613.6 0
613.7 0
613.7 0
613.8 0
613.9 0
613.9 0
614.0 0
614.1 0
614.1 0
614.2 0
614.3 0
614.3 0
614.4 0
614.5 0
614.5 5
614.6 17
614.7 14
614.7 3
614.8 0
614.9 0
614.9 0
615.0 0
615.1 0
615.1 0
615.2 0
615.3 0
615.3 0
615.4 0
615.5 16
615.5 20
615.6 17
615.7 9
615.7 0
615.8 0
615.9 0
615.9 0
616.0 0
616.1 0
616.1 0
616.2 0
616.3 0
616.3 0
616.4 0
616.5 0
616.5 0
616.6 0
616.7 0
616.7 0
616.8 0
616.9 1
616.9 6
617.0 10
617.1 6
617.1 1
617.2 6
617.3 11
617.3 7
617.4 3
617.5 1
617.5 0
617.6 2
617.7 21
617.7 52
617.8 138
617.9 202
617.9 266
618.0 512
618.1 1109
618.1 1520
618.2 2193
618.3 2852
618.3 3655
618.4 4376
618.5 4224
618.5 3442
618.6 3480
618.7 3560
618.7 3147
618.8 2991
618.9 3196
618.9 3710
619.1 4881
619.1 6376
619.1 8706
619.2 11428
619.3 12922
619.0 14123
619.4 13905
619.5 12501
619.5 9822
619.6 6754
619.7 4317
619.7 2651
619.8 1918
619.9 1410
619.9 930
620.0 473
620.1 238
620.1 105
620.2 102
620.3 110
620.3 144
620.4 86
620.5 19
620.5 10
620.6 5
620.7 17
620.7 22
620.8 17
620.9 9
620.9 3
621.0 0
621.1 0
621.1 0
621.2 0
621.3 0
621.3 0
621.4 0
621.5 0
621.5 0
621.6 5
621.7 14
621.7 12
621.8 0
621.9 0
621.9 0
622.0 0
622.1 0
622.1 0
622.2 0
622.3 0
622.3 0
622.4 0
622.5 0
622.5 0
622.6 0
622.7 0
622.7 0
622.8 0
622.9 0
622.9 0
623.0 0
623.1 0
623.1 0
623.2 7
623.3 15
623.3 4
623.4 0
623.5 0
623.5 0
623.6 0
623.7 0
623.7 0
623.8 0
623.9 0
623.9 0
624.0 0
624.1 4
624.1 28
624.2 47
624.3 7
624.3 1
624.4 0
624.5 0
624.5 0
624.6 0
624.7 4
624.7 26
624.8 13
624.9 2
624.9 0
625.0 0
625.1 7
625.1 36
625.2 59
625.3 38
625.3 15
625.4 2
625.5 6
625.5 24
625.6 32
625.7 16
625.7 30
625.8 97
625.9 43
625.9 7
626.0 0
626.1 0
626.1 0
626.2 0
626.3 0
626.3 0
626.4 0
626.5 0
626.5 0
626.6 0
626.7 0
626.7 0
626.8 0
626.9 0
626.9 0
627.0 0
627.1 0
627.1 0
627.2 0
627.3 0
627.3 0
627.4 0
627.5 0
627.5 0
627.6 0
627.7 0
627.7 0
627.8 0
627.9 0
627.9 0
628.0 0
628.1 0
628.1 0
628.2 0
628.3 0
628.3 0
628.4 0
628.5 0
628.5 0
628.6 0
628.7 6
628.7 14
628.8 2
628.9 0
628.9 6
629.0 68
629.1 124
629.1 152
629.2 131
629.3 77
629.3 49
629.4 38
629.5 8
629.5 0
629.6 0
629.7 0
629.7 0
629.8 0
629.9 0
629.9 0
630.0 0
630.1 20
630.1 62
630.2 58
630.3 86
630.3 178
630.4 104
630.5 16
630.5 2
630.6 0
630.7 0
630.7 0
630.8 0
630.9 0
630.9 0
631.0 0
631.1 12
631.1 31
631.2 26
631.3 24
631.3 45
631.4 17
631.5 3
631.5 1
631.6 0
631.7 0
631.7 6
631.8 29
631.9 41
631.9 22
632.0 1
632.1 0
632.1 0
632.2 0
632.3 0
632.3 0
632.4 0
632.5 0
632.5 0
632.6 0
632.7 6
632.7 19
632.8 12
632.9 3
632.9 1
633.0 0
633.1 61
633.1 85
633.2 46
633.3 8
633.3 0
633.4 0
633.5 0
633.5 0
633.6 0
633.7 0
633.7 0
633.8 0
633.9 0
633.9 0
634.0 0
634.1 0
634.1 0
634.2 0
634.3 0
634.3 0
634.4 0
634.5 0
634.5 0
634.6 0
634.7 0
634.7 2
634.8 20
634.9 32
634.9 19
635.0 4
635.1 0
635.1 0
635.2 0
635.3 0
635.3 0
635.4 0
635.5 0
635.5 0
635.6 0
635.7 0
635.7 0
635.8 0
635.9 5
635.9 25
636.0 41
636.1 14
636.1 28
636.2 18
636.3 4
636.3 1
636.4 0
636.5 0
636.5 0
636.6 0
636.7 1
636.7 15
636.8 24
636.9 14
636.9 3
637.0 0
637.1 0
637.1 0
637.2 0
637.3 0
637.3 2
637.4 12
637.5 23
637.5 16
637.6 0
637.7 0
637.7 0
637.8 0
637.9 0
637.9 0
638.0 5
638.1 13
638.1 10
638.2 2
638.3 0
638.3 0
638.4 0
638.5 0
638.5 1
638.6 38
638.7 37
638.7 15
638.8 4
638.9 1
638.9 0
639.0 0
639.1 0
639.1 0
639.2 0
639.3 0
639.3 0
639.4 0
639.5 3
639.5 15
639.6 6
639.7 0
639.7 0
639.8 0
639.9 0
639.9 0
640.0 0
640.1 8
640.1 46
640.2 42
640.3 9
640.3 2
640.4 0
640.5 0
640.5 0
640.6 0
640.7 0
640.7 0
640.8 0
640.9 0
640.9 0
641.0 0
641.1 0
641.1 0
641.2 0
641.3 0
641.3 0
641.4 0
641.5 0
641.5 0
641.6 0
641.7 9
641.7 34
641.8 43
641.9 20
641.9 10
642.0 16
642.1 13
642.1 9
642.2 25
642.3 42
642.3 25
642.4 0
642.5 0
642.5 0
642.6 0
642.7 0
642.7 0
642.8 0
642.9 0
642.9 0
643.0 0
643.1 0
643.1 0
643.2 0
643.3 23
643.3 59
643.4 50
643.5 14
643.5 0
643.6 0
643.7 0
643.7 0
643.8 0
643.9 0
643.9 0
644.0 0
644.1 0
644.1 0
644.2 0
644.3 0
644.3 0
644.4 0
644.5 0
644.5 0
644.6 0
644.7 0
644.7 0
644.8 0
644.9 0
644.9 0
645.0 0
645.1 0
645.1 0
645.2 63
645.3 156
645.3 124
645.4 33
645.5 0
645.5 0
645.6 0
645.7 0
645.7 0
645.8 0
645.9 0
645.9 0
646.0 0
646.1 0
646.1 0
646.2 0
646.3 0
646.3 0
646.4 0
646.5 0
646.5 0
646.6 0
646.7 0
646.7 0
646.8 0
646.9 0
646.9 0
647.0 0
647.1 1
647.1 5
647.2 36
647.3 22
647.3 8
647.4 17
647.5 17
647.5 3
647.6 0
647.7 0
647.7 0
647.8 0
647.9 0
647.9 0
648.0 0
648.1 0
648.1 0
648.2 0
648.3 0
648.3 0
648.4 0
648.5 0
648.5 0
648.6 0
648.7 0
648.7 0
648.8 0
648.9 0
648.9 0
649.0 0
649.1 0
649.1 0
649.2 0
649.3 47
649.3 63
649.4 51
649.5 25
649.5 16
649.6 9
649.7 0
649.7 0
649.8 0
649.9 1
649.9 13
650.0 43
650.1 54
650.1 6
650.2 2
650.3 0
650.3 0
650.4 0
650.5 0
650.5 0
650.6 0
650.7 0
650.7 0
650.8 0
650.9 0
650.9 8
651.0 21
651.1 11
651.1 20
651.2 18
651.3 7
651.3 0
651.4 0
651.5 0
651.5 0
651.6 0
651.7 22
651.7 60
651.8 54
651.9 19
651.9 1
652.0 0
652.1 0
652.1 0
652.2 0
652.3 0
652.3 0
652.4 0
652.5 0
652.5 0
652.6 0
652.7 0
652.7 0
652.8 0
652.9 0
652.9 3
653.0 9
653.1 8
653.1 2
653.2 30
653.3 99
653.3 132
653.4 54
653.5 16
653.5 0
653.6 0
653.7 0
653.7 0
653.8 0
653.9 0
653.9 0
654.0 0
654.1 0
654.1 8
654.2 49
654.3 79
654.3 47
654.4 1
654.5 0
654.5 12
654.6 36
654.7 39
654.7 18
654.8 15
654.9 31
654.9 33
655.0 14
655.1 2
655.1 0
655.2 0
655.3 0
655.3 17
655.4 53
655.5 58
655.5 36
655.6 43
655.7 19
655.7 3
655.8 2
655.9 10
655.9 23
656.0 7
656.1 0
656.1 0
656.2 0
656.3 0
656.3 0
656.4 0
656.5 0
656.5 0
656.6 0
656.7 0
656.7 0
656.8 0
656.9 0
656.9 0
657.0 0
657.1 0
657.1 13
657.2 11
657.3 3
657.3 0
657.4 27
657.5 90
657.5 113
657.6 72
657.7 19
657.7 5
657.8 0
657.9 0
657.9 0
658.0 0
658.1 0
658.1 0
658.2 0
658.3 14
658.3 43
658.4 46
658.5 20
658.5 4
658.6 0
658.7 0
658.7 0
658.8 0
658.9 0
658.9 8
659.0 19
659.1 6
659.1 0
659.2 0
659.3 0
659.3 0
659.4 0
659.5 0
659.5 0
659.6 0
659.7 0
659.7 0
659.8 0
659.9 0
659.9 9
660.0 7
660.1 3
660.1 1
660.2 0
660.3 0
660.3 0
660.4 0
660.5 0
660.5 0
660.6 0
660.7 0
660.7 0
660.8 0
660.9 0
660.9 0
661.0 0
661.1 0
661.1 0
661.2 0
661.3 0
661.3 0
661.4 0
661.5 0
661.5 0
661.6 0
661.7 0
661.7 0
661.8 0
661.9 0
661.9 0
662.0 0
662.1 0
662.1 0
662.2 1
662.3 20
662.3 23
662.4 11
662.5 1
662.5 0
662.6 16
662.7 23
662.7 12
662.8 7
662.9 13
662.9 12
663.0 4
663.1 0
663.1 0
663.2 0
663.3 1
663.3 16
663.4 38
663.5 12
663.5 2
663.6 1
663.7 0
663.7 0
663.8 0
663.9 0
663.9 0
664.0 22
664.1 44
664.1 12
664.2 90
664.3 178
664.3 152
664.4 62
664.5 5
664.5 8
664.6 2
664.7 0
664.7 0
664.8 0
664.9 0
664.9 0
665.0 0
665.1 16
665.1 41
665.2 39
665.3 6
665.3 5
665.4 6
665.5 1
665.5 0
665.6 0
665.7 0
665.7 0
665.8 0
665.9 0
665.9 0
666.0 0
666.1 0
666.1 0
666.2 8
666.3 30
666.3 39
666.4 56
666.5 33
666.5 8
666.6 0
666.7 0
666.7 0
666.8 0
666.9 0
666.9 0
667.0 0
667.1 0
667.1 0
667.2 0
667.3 0
667.3 0
667.4 0
667.5 60
667.5 51
667.6 16
667.7 2
667.7 0
667.8 0
667.9 0
667.9 0
668.0 0
668.1 0
668.1 0
668.2 0
668.3 0
668.3 0
668.4 0
668.5 22
668.5 19
668.6 5
668.7 0
668.7 0
668.8 0
668.9 0
668.9 0
669.0 0
669.1 0
669.1 0
669.2 0
669.3 0
669.3 0
669.4 0
669.5 0
669.5 0
669.6 0
669.7 0
669.7 0
669.8 0
669.9 0
669.9 0
670.0 0
670.1 0
670.1 0
670.2 0
670.3 0
670.3 0
670.4 0
670.5 0
670.5 0
670.6 0
670.7 0
670.7 0
670.8 0
670.9 0
670.9 18
671.0 43
671.1 18
671.1 1
671.2 0
671.3 0
671.3 0
671.4 0
671.5 0
671.5 0
671.6 0
671.7 0
671.7 0
671.8 0
671.9 0
671.9 0
672.0 0
672.1 0
672.1 0
672.2 0
672.3 15
672.3 13
672.4 5
672.5 1
672.5 0
672.6 0
672.7 0
672.7 0
672.8 1
672.9 18
672.9 27
673.0 52
673.1 108
673.1 122
673.2 118
673.3 130
673.3 109
673.4 103
673.5 102
673.5 52
673.6 11
673.7 1
673.7 0
673.8 0
673.9 0
673.9 9
674.0 25
674.1 21
674.1 6
674.2 23
674.3 78
674.3 152
674.4 87
674.5 18
674.5 0
674.6 0
674.7 0
674.7 7
674.8 27
674.9 33
674.9 15
675.0 0
675.1 0
675.1 25
675.2 60
675.3 56
675.3 38
675.4 27
675.5 10
675.5 1
675.6 0
675.7 0
675.7 0
675.8 0
675.9 0
675.9 0
676.0 0
676.1 0
676.1 19
676.2 31
676.3 18
676.3 5
676.4 1
676.5 0
676.5 0
676.6 0
676.7 0
676.7 0
676.8 0
676.9 0
676.9 1
677.0 2
677.1 34
677.1 113
677.2 99
677.3 10
677.3 2
677.4 0
677.5 0
677.5 0
677.6 0
677.7 0
677.7 0
677.8 0
677.9 0
677.9 0
678.0 0
678.1 0
678.1 4
678.2 25
678.3 27
678.3 7
678.4 1
678.5 0
678.5 0
678.6 0
678.7 0
678.7 0
678.8 0
678.9 0
678.9 0
679.0 0
679.1 0
679.1 0
679.2 10
679.3 13
679.3 6
679.4 1
679.5 0
679.5 0
679.6 0
679.7 0
679.7 0
679.8 0
679.9 0
679.9 0
680.0 0
680.1 0
680.1 0
680.2 0
680.3 0
680.3 0
680.4 0
680.5 0
680.5 3
680.6 11
680.7 14
680.7 11
680.8 22
680.9 101
680.9 152
681.0 95
681.1 0
681.1 0
681.2 0
681.3 0
681.3 0
681.4 0
681.5 16
681.5 16
681.6 5
681.7 0
681.7 0
681.8 0
681.9 0
681.9 0
682.0 0
682.1 0
682.1 0
682.2 8
682.3 25
682.3 24
682.4 8
682.5 0
682.5 0
682.6 0
682.7 3
682.7 9
682.8 1
682.9 0
682.9 0
683.0 0
683.1 0
683.1 0
683.2 5
683.3 8
683.3 2
683.4 0
683.5 0
683.5 0
683.6 0
683.7 0
683.7 0
683.8 0
683.9 0
683.9 0
684.0 0
684.1 0
684.1 11
684.2 35
684.3 32
684.3 55
684.4 46
684.5 46
684.5 78
684.6 16
684.7 0
684.7 0
684.8 0
684.9 1
684.9 5
685.0 2
685.1 1
685.1 0
685.2 1
685.3 9
685.3 16
685.4 1
685.5 0
685.5 0
685.6 0
685.7 0
685.7 0
685.8 0
685.9 0
685.9 0
686.0 0
686.1 0
686.1 0
686.2 0
686.3 0
686.3 0
686.4 0
686.5 0
686.5 0
686.6 0
686.7 0
686.7 0
686.8 0
686.9 0
686.9 0
687.0 0
687.1 0
687.1 0
687.2 0
687.3 0
687.3 0
687.4 0
687.5 0
687.5 0
687.6 0
687.7 0
687.7 0
687.8 0
687.9 0
687.9 1
688.0 6
688.1 15
688.1 7
688.2 2
688.3 1
688.3 0
688.4 0
688.5 0
688.5 0
688.6 0
688.7 0
688.7 0
688.8 0
688.9 0
688.9 0
689.0 0
689.1 15
689.1 26
689.2 7
689.3 1
689.3 0
689.4 0
689.5 0
689.5 0
689.6 0
689.7 0
689.7 0
689.8 0
689.9 0
689.9 0
690.0 0
690.1 0
690.1 0
690.2 0
690.3 0
690.3 0
690.4 0
690.5 10
690.5 27
690.6 21
690.7 24
690.7 55
690.8 19
690.9 2
690.9 0
691.0 0
691.1 0
691.1 0
691.2 0
691.3 0
691.3 0
691.4 0
691.5 13
691.5 38
691.6 39
691.7 16
691.7 4
691.8 0
691.9 0
691.9 0
692.0 0
692.1 0
692.1 0
692.2 12
692.3 34
692.3 37
692.4 19
692.5 5
692.5 0
692.6 11
692.7 45
692.7 61
692.8 31
692.9 6
692.9 0
693.0 0
693.1 0
693.1 0
693.2 0
693.3 0
693.3 0
693.4 0
693.5 0
693.5 0
693.6 0
693.7 0
693.7 0
693.8 0
693.9 0
693.9 50
694.0 43
694.1 12
694.1 0
694.2 0
694.3 0
694.3 0
694.4 0
694.5 0
694.5 0
694.6 0
694.7 0
694.7 0
694.8 0
694.9 0
694.9 0
695.0 0
695.1 10
695.1 28
695.2 20
695.3 1
695.3 2
695.4 15
695.5 30
695.5 20
695.6 0
695.7 0
695.7 0
695.8 0
695.9 0
695.9 0
696.0 0
696.1 14
696.1 52
696.2 60
696.3 5
696.3 1
696.4 0
696.5 0
696.5 0
696.6 0
696.7 0
696.7 0
696.8 0
696.9 0
696.9 0
697.0 0
697.1 6
697.1 18
697.2 17
697.3 6
697.3 0
697.4 0
697.5 0
697.5 0
697.6 0
697.7 0
697.7 0
697.8 0
697.9 0
697.9 0
698.0 0
698.1 0
698.1 0
698.2 0
698.3 0
698.3 7
698.4 18
698.5 15
698.5 4
698.6 0
698.7 0
698.7 0
698.8 0
698.9 0
698.9 0
699.0 0
699.1 2
699.1 23
699.2 43
699.3 29
699.3 1
699.4 0
699.5 0
699.5 0
699.6 0
699.7 0
699.7 0
699.8 0
699.9 0
699.9 28
700.0 74
700.1 62
700.1 19
700.2 1
700.3 0
700.3 0
700.4 0
700.5 0
700.5 0
700.6 0
700.7 0
700.7 0
700.8 0
700.9 0
700.9 0
701.0 0
701.1 0
701.1 2
701.2 8
701.3 7
701.3 0
701.4 0
701.5 0
701.5 0
701.6 0
701.7 0
701.7 0
701.8 0
701.9 0
701.9 0
702.0 0
702.1 0
702.1 0
702.2 0
702.3 0
702.3 9
702.4 19
702.5 5
702.5 0
702.6 0
702.7 0
702.7 0
702.8 0
702.9 0
702.9 0
703.0 0
703.1 12
703.1 41
703.2 49
703.3 24
703.3 5
703.4 0
703.5 0
703.5 0
703.6 0
703.7 0
703.7 12
703.8 28
703.9 9
703.9 1
704.0 0
704.1 0
704.1 0
704.2 0
704.3 0
704.3 0
704.4 0
704.5 0
704.5 0
704.6 0
704.7 0
704.7 0
704.8 0
704.9 3
704.9 18
705.0 10
705.1 2
705.1 0
705.2 0
705.3 0
705.3 0
705.4 0
705.5 0
705.5 0
705.6 0
705.7 0
705.7 0
705.8 0
705.9 0
705.9 0
706.0 0
706.1 0
706.1 0
706.2 0
706.3 0
706.3 0
706.4 0
706.5 0
706.5 0
706.6 0
706.7 0
706.7 0
706.8 0
706.9 0
706.9 3
707.0 15
707.1 8
707.1 3
707.2 2
707.3 0
707.3 0
707.4 0
707.5 0
707.5 0
707.6 0
707.7 0
707.7 0
707.8 0
707.9 0
707.9 0
708.0 0
708.1 0
708.1 0
708.2 0
708.3 8
708.3 21
708.4 16
708.5 5
708.5 0
708.6 0
708.7 0
708.7 0
708.8 0
708.9 0
708.9 0
709.0 0
709.1 0
709.1 0
709.2 0
709.3 0
709.3 1
709.4 15
709.5 32
709.5 24
709.6 9
709.7 34
709.7 46
709.8 23
709.9 4
709.9 1
710.0 0
710.1 0
710.1 0
710.2 0
710.3 0
710.3 16
710.4 40
710.5 15
710.5 7
710.6 2
710.7 0
710.7 0
710.8 0
710.9 0
710.9 0
711.0 0
711.1 4
711.1 9
711.2 15
711.3 21
711.3 5
711.4 0
711.5 1
711.5 40
711.6 91
711.7 68
711.7 1
711.8 0
711.9 0
711.9 0
712.0 0
712.1 0
712.1 0
712.2 0
712.3 0
712.3 0
712.4 0
712.5 0
712.5 0
712.6 0
712.7 0
712.7 0
712.8 0
712.9 0
712.9 0
713.0 0
713.1 0
713.1 0
713.2 0
713.3 0
713.3 0
713.4 0
713.5 0
713.5 0
713.6 0
713.7 0
713.7 0
713.8 0
713.9 0
713.9 0
714.0 0
714.1 0
714.1 3
714.2 15
714.3 11
714.3 2
714.4 0
714.5 0
714.5 0
714.6 0
714.7 0
714.7 0
714.8 0
714.9 0
714.9 0
715.0 0
715.1 6
715.1 25
715.2 37
715.3 45
715.3 21
715.4 3
715.5 1
715.5 0
715.6 0
715.7 0
715.7 0
715.8 0
715.9 0
715.9 0
716.0 0
716.1 0
716.1 0
716.2 0
716.3 0
716.3 0
716.4 0
716.5 0
716.5 0
716.6 0
716.7 3
716.7 15
716.8 24
716.9 54
716.9 58
717.0 15
717.1 2
717.1 0
717.2 6
717.3 30
717.3 60
717.4 80
717.5 49
717.5 10
717.6 0
717.7 0
717.7 0
717.8 0
717.9 0
717.9 13
718.0 9
718.1 6
718.1 18
718.2 29
718.3 28
718.3 20
718.4 4
718.5 0
718.5 0
718.6 0
718.7 0
718.7 0
718.8 0
718.9 0
718.9 4
719.0 27
719.1 49
719.1 26
719.2 32
719.3 42
719.3 32
719.4 8
719.5 4
719.5 31
719.6 24
719.7 6
719.7 1
719.8 0
719.9 0
719.9 0
720.0 0
720.1 0
720.1 0
720.2 0
720.3 10
720.3 30
720.4 30
720.5 2
720.5 1
720.6 2
720.7 9
720.7 14
720.8 8
720.9 0
720.9 5
721.0 12
721.1 7
721.1 40
721.2 132
721.3 105
721.3 34
721.4 10
721.5 5
721.5 0
721.6 0
721.7 0
721.7 0
721.8 0
721.9 0
721.9 0
722.0 0
722.1 0
722.1 0
722.2 0
722.3 0
722.3 0
722.4 0
722.5 0
722.5 0
722.6 0
722.7 17
722.7 15
722.8 5
722.9 1
722.9 0
723.0 0
723.1 0
723.1 0
723.2 0
723.3 0
723.3 0
723.4 23
723.5 62
723.5 21
723.6 1
723.7 0
723.7 0
723.8 0
723.9 0
723.9 0
724.0 0
724.1 0
724.1 3
724.2 8
724.3 3
724.3 0
724.4 0
724.5 0
724.5 0
724.6 4
724.7 8
724.7 6
724.8 1
724.9 0
724.9 0
725.0 0
725.1 0
725.1 0
725.2 0
725.3 0
725.3 0
725.4 0
725.5 0
725.5 0
725.6 0
725.7 0
725.7 0
725.8 0
725.9 0
725.9 0
726.0 0
726.1 0
726.1 0
726.2 7
726.3 27
726.3 32
726.4 20
726.5 45
726.5 11
726.6 0
726.7 0
726.7 2
726.8 6
726.9 1
726.9 0
727.0 49
727.1 38
727.1 9
727.2 0
727.3 2
727.3 10
727.4 12
727.5 4
727.5 0
727.6 0
727.7 0
727.7 0
727.8 0
727.9 0
727.9 0
728.0 0
728.1 0
728.1 0
728.2 0
728.3 0
728.3 0
728.4 0
728.5 0
728.5 12
728.6 21
728.7 30
728.7 14
728.8 3
728.9 0
728.9 0
729.0 0
729.1 0
729.1 0
729.2 0
729.3 0
729.3 0
729.4 0
729.5 0
729.5 0
729.6 0
729.7 0
729.7 0
729.8 0
729.9 0
729.9 0
730.0 0
730.1 0
730.1 4
730.2 39
730.3 76
730.3 42
730.4 16
730.5 2
730.5 0
730.6 0
730.7 0
730.7 0
730.8 0
730.9 0
730.9 0
731.0 4
731.1 15
731.1 30
731.2 13
731.3 4
731.3 0
731.4 9
731.5 44
731.5 22
731.6 17
731.7 36
731.7 32
731.8 11
731.9 1
731.9 0
732.0 0
732.1 4
732.1 48
732.2 103
732.3 81
732.3 23
732.4 0
732.5 0
732.5 0
732.6 0
732.7 0
732.7 0
732.8 0
732.9 0
732.9 0
733.0 6
733.1 25
733.1 51
733.2 41
733.3 16
733.3 2
733.4 1
733.5 0
733.5 5
733.6 21
733.7 29
733.7 16
733.8 2
733.9 0
733.9 0
734.0 0
734.1 0
734.1 0
734.2 0
734.3 0
734.3 32
734.4 33
734.5 52
734.5 74
734.6 29
734.7 21
734.7 6
734.8 0
734.9 1
734.9 9
735.0 17
735.1 35
735.1 70
735.2 60
735.3 20
735.3 14
735.4 37
735.5 40
735.5 16
735.6 16
735.7 11
735.7 1
735.8 0
735.9 3
735.9 16
736.0 17
736.1 6
736.1 1
736.2 11
736.3 63
736.3 108
736.4 48
736.5 10
736.5 1
736.6 0
736.7 0
736.7 0
736.8 0
736.9 0
736.9 8
737.0 26
737.1 24
737.1 3
737.2 18
737.3 90
737.3 119
737.4 65
737.5 46
737.5 54
737.6 83
737.7 56
737.7 11
737.8 1
737.9 0
737.9 15
738.0 67
738.1 53
738.1 9
738.2 0
738.3 0
738.3 1
738.4 0
738.5 0
738.5 0
738.6 0
738.7 0
738.7 0
738.8 1
738.9 13
738.9 25
739.0 19
739.1 43
739.1 56
739.2 33
739.3 6
739.3 0
739.4 0
739.5 0
739.5 0
739.6 0
739.7 0
739.7 0
739.8 0
739.9 0
739.9 0
740.0 0
740.1 0
740.1 0
740.2 0
740.3 0
740.3 0
740.4 12
740.5 46
740.5 30
740.6 5
740.7 0
740.7 5
740.8 34
740.9 50
740.9 15
741.0 23
741.1 68
741.1 75
741.2 56
741.3 29
741.3 5
741.4 9
741.5 42
741.5 38
741.6 50
741.7 67
741.7 7
741.8 1
741.9 0
741.9 0
742.0 0
742.1 0
742.1 0
742.2 0
742.3 0
742.3 0
742.4 0
742.5 0
742.5 0
742.6 0
742.7 0
742.7 0
742.8 0
742.9 0
742.9 0
743.0 0
743.1 0
743.1 0
743.2 0
743.3 0
743.3 0
743.4 0
743.5 0
743.5 0
743.6 0
743.7 0
743.7 0
743.8 0
743.9 0
743.9 0
744.0 0
744.1 0
744.1 0
744.2 0
744.3 0
744.3 0
744.4 0
744.5 0
744.5 0
744.6 0
744.7 4
744.7 7
744.8 2
744.9 0
744.9 0
745.0 0
745.1 3
745.1 5
745.2 50
745.3 111
745.3 119
745.4 46
745.5 35
745.5 79
745.6 128
745.7 152
745.7 118
745.8 120
745.9 68
745.9 16
746.0 0
746.1 0
746.1 0
746.2 0
746.3 0
746.3 6
746.4 48
746.5 93
746.5 23
746.6 7
746.7 2
746.7 0
746.8 0
746.9 0
746.9 0
747.0 0
747.1 0
747.1 0
747.2 0
747.3 0
747.3 0
747.4 0
747.5 0
747.5 0
747.6 0
747.7 0
747.7 6
747.8 18
747.9 19
747.9 1
748.0 0
748.1 0
748.1 0
748.2 0
748.3 0
748.3 4
748.4 4
748.5 1
748.5 0
748.6 0
748.7 0
748.7 0
748.8 0
748.9 0
748.9 15
749.0 47
749.1 18
749.1 2
749.2 1
749.3 0
749.3 0
749.4 5
749.5 18
749.5 10
749.6 1
749.7 0
749.7 0
749.8 0
749.9 8
749.9 34
750.0 54
750.1 16
750.1 3
750.2 0
750.3 0
750.3 0
750.4 0
750.5 0
750.5 0
750.6 0
750.7 0
750.7 0
750.8 0
750.9 0
750.9 0
751.0 0
751.1 0
751.1 0
751.2 0
751.3 0
751.3 0
751.4 0
751.5 0
751.5 0
751.6 0
751.7 0
751.7 0
751.8 0
751.9 0
751.9 0
752.0 0
752.1 0
752.1 0
752.2 4
752.3 20
752.3 24
752.4 11
752.5 4
752.5 8
752.6 46
752.7 57
752.7 13
752.8 0
752.9 0
752.9 0
753.0 0
753.1 0
753.1 0
753.2 0
753.3 0
753.3 0
753.4 0
753.5 10
753.5 55
753.6 26
753.7 7
753.7 12
753.8 2
753.9 0
753.9 0
754.0 0
754.1 0
754.1 0
754.2 27
754.3 28
754.3 12
754.4 2
754.5 0
754.5 0
754.6 0
754.7 0
754.7 0
754.8 0
754.9 0
754.9 0
755.0 0
755.1 7
755.1 14
755.2 10
755.3 3
755.3 0
755.4 0
755.5 0
755.5 0
755.6 4
755.7 40
755.7 62
755.8 36
755.9 4
755.9 0
756.0 0
756.1 0
756.1 0
756.2 0
756.3 0
756.3 5
756.4 11
756.5 3
756.5 0
756.6 0
756.7 0
756.7 0
756.8 0
756.9 2
756.9 10
757.0 10
757.1 2
757.1 0
757.2 0
757.3 0
757.3 0
757.4 6
757.5 17
757.5 17
757.6 0
757.7 0
757.7 0
757.8 0
757.9 0
757.9 0
758.0 0
758.1 0
758.1 0
758.2 0
758.3 0
758.3 0
758.4 0
758.5 14
758.5 14
758.6 6
758.7 1
758.7 0
758.8 0
758.9 0
758.9 0
759.0 0
759.1 0
759.1 0
759.2 0
759.3 15
759.3 39
759.4 34
759.5 1
759.5 0
759.6 0
759.7 0
759.7 0
759.8 0
759.9 0
759.9 0
760.0 0
760.1 0
760.1 0
760.2 0
760.3 30
760.3 79
760.4 25
760.5 9
760.5 18
760.6 15
760.7 0
760.7 0
760.8 0
760.9 0
760.9 0
761.0 0
761.1 0
761.1 5
761.2 19
761.3 42
761.3 59
761.4 19
761.5 18
761.5 22
761.6 12
761.7 3
761.7 1
761.8 0
761.9 0
761.9 0
762.0 2
762.1 27
762.1 52
762.2 34
762.3 8
762.3 0
762.4 0
762.5 0
762.5 0
762.6 0
762.7 0
762.7 0
762.8 0
762.9 0
762.9 0
763.0 0
763.1 0
763.1 2
763.2 25
763.3 37
763.3 23
763.4 20
763.5 59
763.5 23
763.6 4
763.7 0
763.7 0
763.8 0
763.9 0
763.9 27
764.0 64
764.1 53
764.1 21
764.2 2
764.3 1
764.3 0
764.4 0
764.5 0
764.5 0
764.6 6
764.7 29
764.7 74
764.8 30
764.9 12
764.9 4
765.0 0
765.1 0
765.1 0
765.2 0
765.3 5
765.3 16
765.4 19
765.5 32
765.5 26
765.6 4
765.7 0
765.7 0
765.8 0
765.9 0
765.9 0
766.0 0
766.1 0
766.1 0
766.2 0
766.3 0
766.3 0
766.4 0
766.5 0
766.5 12
766.6 21
766.7 5
766.7 4
766.8 10
766.9 7
766.9 7
767.0 17
767.1 14
767.1 4
767.2 4
767.3 18
767.3 12
767.4 13
767.5 24
767.5 16
767.6 3
767.7 0
767.7 0
767.8 0
767.9 0
767.9 0
768.0 0
768.1 0
768.1 0
768.2 0
768.3 11
768.3 42
768.4 49
768.5 25
768.5 13
768.6 7
768.7 2
768.7 0
768.8 0
768.9 0
768.9 0
769.0 0
769.1 4
769.1 12
769.2 3
769.3 10
769.3 7
769.4 2
769.5 8
769.5 31
769.6 40
769.7 19
769.7 0
769.8 0
769.9 0
769.9 0
770.0 10
770.1 37
770.1 36
770.2 17
770.3 5
770.3 1
770.4 0
770.5 0
770.5 0
770.6 0
770.7 0
770.7 0
770.8 0
770.9 0
770.9 0
771.0 0
771.1 0
771.1 0
771.2 0
771.3 7
771.3 21
771.4 11
771.5 20
771.5 7
771.6 2
771.7 1
771.7 0
771.8 0
771.9 0
771.9 0
772.0 0
772.1 0
772.1 0
772.2 0
772.3 0
772.3 0
772.4 0
772.5 0
772.5 0
772.6 0
772.7 5
772.7 26
772.8 99
772.9 110
772.9 43
773.0 3
773.1 1
773.1 19
773.2 69
773.3 31
773.3 4
773.4 1
773.5 0
773.5 0
773.6 0
773.7 0
773.7 0
773.8 0
773.9 0
773.9 13
774.0 32
774.1 27
774.1 0
774.2 0
774.3 0
774.3 0
774.4 0
774.5 0
774.5 0
774.6 0
774.7 0
774.7 0
774.8 0
774.9 0
774.9 0
775.0 0
775.1 0
775.1 0
775.2 0
775.3 0
775.3 0
775.4 0
775.5 0
775.5 0
775.6 0
775.7 0
775.7 0
775.8 0
775.9 0
775.9 0
776.0 0
776.1 0
776.1 0
776.2 0
776.3 0
776.3 0
776.4 0
776.5 0
776.5 0
776.6 0
776.7 0
776.7 0
776.8 0
776.9 0
776.9 0
777.0 0
777.1 0
777.1 0
777.2 0
777.3 0
777.3 0
777.4 0
777.5 0
777.5 4
777.6 10
777.7 24
777.7 44
777.8 14
777.9 2
777.9 0
778.0 0
778.1 36
778.1 57
778.2 23
778.3 2
778.3 10
778.4 43
778.5 52
778.5 8
778.6 1
778.7 0
778.7 0
778.8 0
778.9 58
778.9 60
779.0 35
779.1 16
779.1 6
779.2 15
779.3 10
779.3 1
779.4 0
779.5 0
779.5 0
779.6 0
779.7 0
779.7 0
779.8 0
779.9 0
779.9 8
780.0 18
780.1 4
780.1 0
780.2 0
780.3 0
780.3 0
780.4 0
780.5 0
780.5 0
780.6 0
780.7 0
780.7 0
780.8 0
780.9 0
780.9 0
781.0 0
781.1 0
781.1 0
781.2 0
781.3 9
781.3 39
781.4 46
781.5 16
781.5 2
781.6 0
781.7 0
781.7 0
781.8 0
781.9 13
781.9 35
782.0 13
782.1 2
782.1 12
782.2 48
782.3 23
782.3 4
782.4 1
782.5 0
782.5 0
782.6 0
782.7 0
782.7 0
782.8 0
782.9 0
782.9 3
783.0 5
783.1 2
783.1 1
783.2 1
783.3 14
783.3 107
783.4 108
783.5 36
783.5 17
783.6 35
783.7 11
783.7 0
783.8 0
783.9 0
783.9 0
784.0 2
784.1 10
784.1 12
784.2 8
784.3 15
784.3 20
784.4 11
784.5 2
784.5 0
784.6 0
784.7 0
784.7 0
784.8 0
784.9 0
784.9 0
785.0 0
785.1 0
785.1 0
785.2 0
785.3 0
785.3 0
785.4 35
785.5 65
785.5 44
785.6 11
785.7 1
785.7 0
785.8 0
785.9 0
785.9 0
786.0 0
786.1 0
786.1 0
786.2 0
786.3 0
786.3 0
786.4 0
786.5 0
786.5 0
786.6 0
786.7 11
786.7 9
786.8 2
786.9 0
786.9 0
787.0 0
787.1 1
787.1 9
787.2 5
787.3 7
787.3 14
787.4 9
787.5 0
787.5 0
787.6 0
787.7 0
787.7 0
787.8 0
787.9 0
787.9 0
788.0 0
788.1 3
788.1 25
788.2 42
788.3 25
788.3 1
788.4 0
788.5 0
788.5 12
788.6 32
788.7 29
788.7 2
788.8 1
788.9 0
788.9 0
789.0 0
789.1 0
789.1 2
789.2 20
789.3 33
789.3 30
789.4 45
789.5 35
789.5 13
789.6 2
789.7 0
789.7 0
789.8 0
789.9 0
789.9 0
790.0 0
790.1 0
790.1 3
790.2 23
790.3 12
790.3 2
790.4 0
790.5 0
790.5 27
790.6 78
790.7 63
790.7 26
790.8 5
790.9 0
790.9 0
791.0 0
791.1 0
791.1 0
791.2 0
791.3 0
791.3 0
791.4 16
791.5 19
791.5 14
791.6 1
791.7 0
791.7 0
791.8 0
791.9 0
791.9 0
792.0 14
792.1 44
792.1 43
792.2 16
792.3 2
792.3 0
792.4 0
792.5 0
792.5 0
792.6 0
792.7 0
792.7 0
792.8 0
792.9 0
792.9 0
793.0 4
793.1 10
793.1 18
793.2 47
793.3 43
793.3 20
793.4 1
793.5 0
793.5 0
793.6 0
793.7 0
793.7 0
793.8 0
793.9 0
793.9 0
794.0 0
794.1 10
794.1 34
794.2 41
794.3 4
794.3 1
794.4 0
794.5 0
794.5 0
794.6 0
794.7 0
794.7 0
794.8 0
794.9 0
794.9 0
795.0 0
795.1 0
795.1 0
795.2 4
795.3 14
795.3 4
795.4 0
795.5 0
795.5 0
795.6 0
795.7 6
795.7 33
795.8 49
795.9 17
795.9 1
796.0 0
796.1 0
796.1 0
796.2 0
796.3 0
796.3 0
796.4 0
796.5 0
796.5 0
796.6 0
796.7 0
796.7 0
796.8 0
796.9 0
796.9 0
797.0 31
797.1 24
797.1 7
797.2 5
797.3 8
797.3 8
797.4 27
797.5 35
797.5 4
797.6 1
797.7 0
797.7 0
797.8 2
797.9 9
797.9 3
798.0 0
798.1 2
798.1 8
798.2 12
798.3 8
798.3 0
798.4 0
798.5 0
798.5 0
798.6 0
798.7 0
798.7 0
798.8 0
798.9 0
798.9 0
799.0 21
799.1 18
799.1 5
799.2 0
799.3 0
799.3 46
799.4 69
799.5 25
799.5 14
799.6 28
799.7 15
799.7 28
799.8 20
799.9 15
799.9 5
800.0 0
800.1 0
800.1 0
800.2 0
800.3 0
800.3 0
800.4 0
800.5 0
800.5 0
800.6 0
800.7 0
800.7 0
800.8 0
800.9 0
800.9 0
801.0 0
801.1 0
801.1 0
801.2 0
801.3 0
801.3 0
801.4 0
801.5 12
801.5 38
801.6 17
801.7 3
801.7 1
801.8 0
801.9 0
801.9 0
802.0 0
802.1 0
802.1 0
802.2 0
802.3 0
802.3 0
802.4 53
802.5 87
802.5 49
802.6 8
802.7 0
802.7 0
802.8 0
802.9 0
802.9 0
803.0 0
803.1 0
803.1 0
803.2 0
803.3 1
803.3 6
803.4 19
803.5 25
803.5 3
803.6 1
803.7 0
803.7 5
803.8 39
803.9 77
803.9 35
804.0 33
804.1 18
804.1 0
804.2 0
804.3 0
804.3 0
804.4 0
804.5 0
804.5 0
804.6 0
804.7 0
804.7 0
804.8 0
804.9 0
804.9 0
805.0 0
805.1 3
805.1 8
805.2 6
805.3 3
805.3 0
805.4 12
805.5 27
805.5 23
805.6 8
805.7 1
805.7 0
805.8 0
805.9 0
805.9 0
806.0 0
806.1 0
806.1 0
806.2 0
806.3 0
806.3 0
806.4 24
806.5 19
806.5 5
806.6 0
806.7 0
806.7 0
806.8 0
806.9 0
806.9 12
807.0 36
807.1 37
807.1 22
807.2 11
807.3 3
807.3 1
807.4 27
807.5 71
807.5 42
807.6 9
807.7 0
807.7 0
807.8 0
807.9 0
807.9 0
808.0 0
808.1 0
808.1 0
808.2 0
808.3 1
808.3 7
808.4 12
808.5 9
808.5 0
808.6 0
808.7 0
808.7 21
808.8 65
808.9 68
808.9 1
809.0 0
809.1 0
809.1 0
809.2 0
809.3 0
809.3 4
809.4 57
809.5 37
809.5 9
809.6 1
809.7 0
809.7 0
809.8 0
809.9 0
809.9 0
810.0 0
810.1 0
810.1 0
810.2 0
810.3 0
810.3 0
810.4 0
810.5 0
810.5 0
810.6 0
810.7 0
810.7 0
810.8 0
810.9 3
810.9 28
811.0 126
811.1 164
811.1 83
811.2 13
811.3 0
811.3 5
811.4 46
811.5 29
811.5 15
811.6 62
811.7 92
811.7 57
811.8 45
811.9 91
811.9 42
812.0 18
812.1 15
812.1 52
812.2 128
812.3 109
812.3 97
812.4 194
812.5 201
812.5 55
812.6 1
812.7 1
812.7 2
812.8 30
812.9 29
812.9 16
813.0 25
813.1 16
813.1 3
813.2 1
813.3 0
813.3 0
813.4 4
813.5 17
813.5 6
813.6 1
813.7 0
813.7 0
813.8 21
813.9 60
813.9 55
814.0 1
814.1 0
814.1 0
814.2 0
814.3 0
814.3 0
814.4 0
814.5 0
814.5 0
814.6 0
814.7 0
814.7 0
814.8 0
814.9 0
814.9 0
815.0 0
815.1 0
815.1 0
815.2 0
815.3 0
815.3 0
815.4 0
815.5 0
815.5 0
815.6 0
815.7 0
815.7 0
815.8 0
815.9 0
815.9 0
816.0 0
816.1 0
816.1 0
816.2 0
816.3 0
816.3 0
816.4 0
816.5 0
816.5 0
816.6 0
816.7 0
816.7 0
816.8 0
816.9 0
816.9 0
817.0 0
817.1 0
817.1 20
817.2 51
817.3 17
817.3 3
817.4 1
817.5 0
817.5 0
817.6 1
817.7 21
817.7 24
817.8 11
817.9 3
817.9 36
818.0 45
818.1 37
818.1 41
818.2 43
818.3 13
818.3 1
818.4 0
818.5 0
818.5 5
818.6 12
818.7 1
818.7 0
818.8 0
818.9 4
818.9 21
819.0 26
819.1 12
819.1 10
819.2 5
819.3 1
819.3 0
819.4 0
819.5 0
819.5 0
819.6 0
819.7 0
819.7 0
819.8 0
819.9 0
819.9 0
820.0 0
820.1 0
820.1 0
820.2 0
820.3 0
820.3 0
820.4 0
820.5 0
820.5 0
820.6 3
820.7 8
820.7 6
820.8 0
820.9 0
820.9 0
821.0 0
821.1 0
821.1 0
821.2 39
821.3 32
821.3 8
821.4 0
821.5 0
821.5 0
821.6 0
821.7 0
821.7 0
821.8 0
821.9 0
821.9 0
822.0 0
822.1 0
822.1 0
822.2 0
822.3 0
822.3 0
822.4 0
822.5 0
822.5 0
822.6 0
822.7 0
822.7 0
822.8 0
822.9 0
822.9 0
823.0 0
823.1 0
823.1 0
823.2 9
823.3 39
823.3 59
823.4 27
823.5 2
823.5 0
823.6 0
823.7 19
823.7 34
823.8 7
823.9 0
823.9 0
824.0 0
824.1 5
824.1 11
824.2 2
824.3 0
824.3 0
824.4 0
824.5 0
824.5 0
824.6 0
824.7 0
824.7 0
824.8 0
824.9 0
824.9 0
825.0 1
825.1 9
825.1 13
825.2 4
825.3 1
825.3 0
825.4 0
825.5 0
825.5 0
825.6 0
825.7 0
825.7 0
825.8 0
825.9 0
825.9 0
826.0 0
826.1 0
826.1 0
826.2 11
826.3 37
826.3 42
826.4 34
826.5 7
826.5 2
826.6 2
826.7 7
826.7 6
826.8 1
826.9 0
826.9 0
827.0 27
827.1 70
827.1 61
827.2 2
827.3 0
827.3 0
827.4 0
827.5 0
827.5 0
827.6 0
827.7 0
827.7 0
827.8 0
827.9 0
827.9 0
828.0 0
828.1 0
828.1 0
828.2 0
828.3 0
828.3 0
828.4 0
828.5 0
828.5 0
828.6 0
828.7 0
828.7 0
828.8 0
828.9 0
828.9 0
829.0 0
829.1 3
829.1 14
829.2 18
829.3 8
829.3 0
829.4 0
829.5 0
829.5 0
829.6 0
829.7 0
829.7 0
829.8 0
829.9 0
829.9 0
830.0 0
830.1 0
830.1 0
830.2 0
830.3 0
830.3 0
830.4 0
830.5 0
830.5 12
830.6 28
830.7 23
830.7 8
830.8 1
830.9 0
830.9 0
831.0 0
831.1 0
831.1 11
831.2 35
831.3 15
831.3 2
831.4 0
831.5 0
831.5 0
831.6 0
831.7 0
831.7 0
831.8 0
831.9 0
831.9 0
832.0 0
832.1 0
832.1 0
832.2 2
832.3 16
832.3 23
832.4 12
832.5 1
832.5 0
832.6 0
832.7 0
832.7 0
832.8 0
832.9 0
832.9 0
833.0 0
833.1 0
833.1 0
833.2 0
833.3 0
833.3 0
833.4 0
833.5 0
833.5 0
833.6 16
833.7 93
833.7 94
833.8 58
833.9 28
833.9 1
834.0 0
834.1 0
834.1 0
834.2 0
834.3 0
834.3 0
834.4 0
834.5 0
834.5 0
834.6 0
834.7 0
834.7 0
834.8 0
834.9 0
834.9 0
835.0 0
835.1 0
835.1 0
835.2 0
835.3 0
835.3 0
835.4 0
835.5 0
835.5 0
835.6 0
835.7 0
835.7 0
835.8 0
835.9 0
835.9 0
836.0 0
836.1 0
836.1 0
836.2 0
836.3 0
836.3 0
836.4 0
836.5 0
836.5 0
836.6 0
836.7 0
836.7 0
836.8 0
836.9 0
836.9 0
837.0 0
837.1 0
837.1 0
837.2 0
837.3 0
837.3 0
837.4 0
837.5 0
837.5 0
837.6 0
837.7 0
837.7 0
837.8 0
837.9 0
837.9 0
838.0 0
838.1 0
838.1 0
838.2 0
838.3 0
838.3 0
838.4 3
838.5 12
838.5 13
838.6 9
838.7 4
838.7 0
838.8 0
838.9 0
838.9 0
839.0 0
839.1 0
839.1 0
839.2 0
839.3 0
839.3 4
839.4 41
839.5 26
839.5 6
839.6 0
839.7 0
839.7 0
839.8 0
839.9 0
839.9 0
840.0 0
840.1 0
840.1 0
840.2 50
840.3 136
840.3 125
840.4 4
840.5 0
840.5 0
840.6 0
840.7 0
840.7 0
840.8 0
840.9 0
840.9 0
841.0 0
841.1 0
841.1 0
841.2 0
841.3 0
841.3 0
841.4 6
841.5 19
841.5 22
841.6 4
841.7 26
841.7 40
841.8 9
841.9 0
841.9 0
842.0 0
842.1 0
842.1 10
842.2 32
842.3 67
842.3 82
842.4 12
842.5 14
842.5 44
842.6 61
842.7 34
842.7 6
842.8 0
842.9 0
842.9 0
843.0 0
843.1 0
843.1 6
843.2 29
843.3 45
843.3 6
843.4 1
843.5 0
843.5 0
843.6 0
843.7 0
843.7 0
843.8 0
843.9 0
843.9 0
844.0 0
844.1 0
844.1 0
844.2 0
844.3 0
844.3 0
844.4 0
844.5 3
844.5 6
844.6 5
844.7 1
844.7 0
844.8 0
844.9 0
844.9 0
845.0 0
845.1 0
845.1 0
845.2 0
845.3 0
845.3 0
845.4 0
845.5 0
845.5 0
845.6 4
845.7 9
845.7 1
845.8 0
845.9 0
845.9 5
846.0 23
846.1 17
846.1 3
846.2 1
846.3 0
846.3 0
846.4 0
846.5 0
846.5 0
846.6 0
846.7 0
846.7 0
846.8 0
846.9 0
846.9 0
847.0 0
847.1 0
847.1 3
847.2 9
847.3 1
847.3 0
847.4 0
847.5 0
847.5 0
847.6 0
847.7 0
847.7 9
847.8 27
847.9 28
847.9 12
848.0 1
848.1 13
848.1 49
848.2 59
848.3 5
848.3 1
848.4 0
848.5 0
848.5 0
848.6 0
848.7 0
848.7 4
848.8 66
848.9 51
848.9 19
849.0 24
849.1 26
849.1 7
849.2 0
849.3 18
849.3 14
849.4 4
849.5 1
849.5 0
849.6 0
849.7 0
849.7 0
849.8 0
849.9 0
849.9 0
850.0 0
