300.1 29
300.1 51
300.2 102
300.3 84
300.3 87
300.4 56
300.5 45
300.5 53
300.6 79
300.7 69
300.7 58
300.8 68
300.9 133
300.9 205
301.0 200
301.1 167
301.1 153
301.2 128
301.3 153
301.3 114
301.4 42
301.5 7
301.5 1
301.6 3
301.7 24
301.7 59
301.8 50
301.9 38
301.9 45
302.0 70
302.1 27
302.1 9
302.2 20
302.3 47
302.3 42
302.4 3
302.5 1
302.5 0
302.6 2
302.7 32
302.7 72
302.8 148
302.9 145
302.9 148
303.0 157
303.1 171
303.1 284
303.2 271
303.3 97
303.3 68
303.4 64
303.5 58
303.5 75
303.6 86
303.7 107
303.7 86
303.8 122
303.9 129
303.9 122
304.0 83
304.1 48
304.1 90
304.2 72
304.3 55
304.3 78
304.4 72
304.5 49
304.5 33
304.6 24
304.7 59
304.7 46
304.8 29
304.9 22
304.9 7
305.0 46
305.1 63
305.1 79
305.2 90
305.3 84
305.3 78
305.4 114
305.5 96
305.5 69
305.6 71
305.7 105
305.7 139
305.8 46
305.9 41
305.9 96
306.0 120
306.1 108
306.1 65
306.2 11
306.3 0
306.3 0
306.4 0
306.5 2
306.5 22
306.6 41
306.7 109
306.7 175
306.8 177
306.9 213
306.9 234
307.0 262
307.1 297
307.1 408
307.2 559
307.3 535
307.3 299
307.4 129
307.5 80
307.5 71
307.6 105
307.7 154
307.7 298
307.8 441
307.9 569
307.9 645
308.0 580
308.1 598
308.1 564
308.2 395
308.3 296
308.3 251
308.4 205
308.5 150
308.5 161
308.6 217
308.7 194
308.7 163
308.8 311
308.9 520
308.9 572
309.0 470
309.1 427
309.1 449
309.2 291
309.3 202
309.3 157
309.4 110
309.5 56
309.5 38
309.6 52
309.7 72
309.7 81
309.8 131
309.9 208
309.9 213
310.0 163
310.1 185
310.1 210
310.2 198
310.3 191
310.3 155
310.4 73
310.5 47
310.5 37
310.6 57
310.7 57
310.7 78
310.8 178
310.9 429
310.9 483
311.0 521
311.1 663
311.1 679
311.2 599
311.3 484
311.3 533
311.4 541
311.5 361
311.5 248
311.6 113
311.7 59
311.7 64
311.8 172
311.9 209
311.9 167
312.0 208
312.1 249
312.1 194
312.2 155
312.3 218
312.3 200
312.4 146
312.5 150
312.5 108
312.6 38
312.7 40
312.7 49
312.8 76
312.9 88
312.9 130
313.0 186
313.1 199
313.1 135
313.2 96
313.3 123
313.3 72
313.4 34
313.5 43
313.5 78
313.6 97
313.7 105
313.7 118
313.8 161
313.9 203
313.9 220
314.0 219
314.1 160
314.1 164
314.2 242
314.3 158
314.3 73
314.4 39
314.5 32
314.5 25
314.6 24
314.7 48
314.7 75
314.8 141
314.9 254
314.9 326
315.0 261
315.1 146
315.1 143
315.2 140
315.3 106
315.3 55
315.4 12
315.5 5
315.5 8
315.6 5
315.7 2
315.7 22
315.8 44
315.9 58
315.9 53
316.0 51
316.1 60
316.1 103
316.2 120
316.3 47
316.3 38
316.4 39
316.5 35
316.5 36
316.6 51
316.7 65
316.7 76
316.8 172
316.9 242
316.9 257
317.0 168
317.1 81
317.1 20
317.2 23
317.3 32
317.3 42
317.4 29
317.5 11
317.5 1
317.6 9
317.7 40
317.7 40
317.8 62
317.9 98
317.9 72
318.0 66
318.1 95
318.1 180
318.2 151
318.3 84
318.3 40
318.4 45
318.5 101
318.5 137
318.6 158
318.7 101
318.7 55
318.8 106
318.9 82
318.9 61
319.0 54
319.1 72
319.1 59
319.2 23
319.3 29
319.3 49
319.4 72
319.5 61
319.5 22
319.6 23
319.7 29
319.7 29
319.8 53
319.9 60
319.9 43
320.0 51
320.1 148
320.1 187
320.2 58
320.3 36
320.3 88
320.4 89
320.5 47
320.5 23
320.6 8
320.7 10
320.7 49
320.8 51
320.9 89
320.9 136
321.0 176
321.1 155
321.1 164
321.2 143
321.3 137
321.3 101
321.4 84
321.5 50
321.5 24
321.6 47
321.7 80
321.7 124
321.8 131
321.9 87
321.9 52
322.0 43
322.1 121
322.1 227
322.2 140
322.3 51
322.3 21
322.4 33
322.5 47
322.5 47
322.6 68
322.7 80
322.7 96
322.8 139
322.9 173
322.9 270
323.0 332
323.1 306
323.1 350
323.2 363
323.3 321
323.3 194
323.4 70
323.5 36
323.5 29
323.6 49
323.7 111
323.7 111
323.8 169
323.9 162
323.9 145
324.0 152
324.1 147
324.1 169
324.2 166
324.3 155
324.3 215
324.4 148
324.5 118
324.5 81
324.6 81
324.7 142
324.7 133
324.8 56
324.9 127
324.9 234
325.0 175
325.1 135
325.1 215
325.2 190
325.3 113
325.3 113
325.4 105
325.5 41
325.5 36
325.6 95
325.7 92
325.7 26
325.8 26
325.9 46
325.9 89
326.0 160
326.1 215
326.1 140
326.2 70
326.3 27
326.3 4
326.4 3
326.5 21
326.5 45
326.6 79
326.7 71
326.7 52
326.8 47
326.9 64
326.9 73
327.0 48
327.1 28
327.1 44
327.2 82
327.3 89
327.3 77
327.4 112
327.5 114
327.5 102
327.6 129
327.7 99
327.7 57
327.8 14
327.9 7
327.9 14
328.0 3
328.1 2
328.1 13
328.2 33
328.3 43
328.3 58
328.4 85
328.5 77
328.5 30
328.6 10
328.7 33
328.7 47
328.8 25
328.9 109
328.9 195
329.0 205
329.1 111
329.1 58
329.2 11
329.3 1
329.3 13
329.4 14
329.5 5
329.5 0
329.6 7
329.7 48
329.7 106
329.8 137
329.9 74
329.9 38
330.0 94
330.1 130
330.1 67
330.2 81
330.3 88
330.3 75
330.4 67
330.5 62
330.5 45
330.6 63
330.7 127
330.7 142
330.8 135
330.9 125
330.9 108
331.0 108
331.1 148
331.1 196
331.2 251
331.3 245
331.3 140
331.4 68
331.5 48
331.5 43
331.6 50
331.7 41
331.7 98
331.8 60
331.9 35
331.9 33
332.0 26
332.1 100
332.1 98
332.2 79
332.3 66
332.3 54
332.4 108
332.5 111
332.5 64
332.6 59
332.7 140
332.7 167
332.8 52
332.9 62
332.9 74
333.0 125
333.1 135
333.1 118
333.2 130
333.3 138
333.3 84
333.4 40
333.5 56
333.5 106
333.6 73
333.7 22
333.7 17
333.8 48
333.9 37
333.9 42
334.0 39
334.1 32
334.1 40
334.2 61
334.3 127
334.3 169
334.4 101
334.5 52
334.5 40
334.6 22
334.7 42
334.7 38
334.8 50
334.9 109
334.9 105
335.0 117
335.1 129
335.1 157
335.2 131
335.3 82
335.3 97
335.4 54
335.5 54
335.5 38
335.6 11
335.7 9
335.7 28
335.8 32
335.9 32
335.9 47
336.0 26
336.1 61
336.1 96
336.2 51
336.3 25
336.3 27
336.4 54
336.5 83
336.5 98
336.6 89
336.7 74
336.7 57
336.8 129
336.9 145
336.9 150
337.0 153
337.1 177
337.1 151
337.2 180
337.3 205
337.3 162
337.4 100
337.5 75
337.5 42
337.6 10
337.7 10
337.7 38
337.8 110
337.9 153
337.9 123
338.0 95
338.1 182
338.1 185
338.2 103
338.3 59
338.3 64
338.4 77
338.5 61
338.5 48
338.6 108
338.7 111
338.7 66
338.8 31
338.9 112
338.9 176
339.0 333
339.1 534
339.1 478
339.2 424
339.3 515
339.3 578
339.4 510
339.5 298
339.5 157
339.6 122
339.7 128
339.7 78
339.8 67
339.9 107
339.9 117
340.0 137
340.1 120
340.1 147
340.2 156
340.3 145
340.3 84
340.4 60
340.5 66
340.5 53
340.6 76
340.7 106
340.7 95
340.8 30
340.9 28
340.9 49
341.0 116
341.1 205
341.1 253
341.2 117
341.3 83
341.3 43
341.4 38
341.5 35
341.5 15
341.6 7
341.7 26
341.7 36
341.8 42
341.9 72
341.9 57
342.0 48
342.1 25
342.1 61
342.2 113
342.3 54
342.3 19
342.4 36
342.5 50
342.5 71
342.6 61
342.7 26
342.7 55
342.8 65
342.9 66
342.9 56
343.0 114
343.1 194
343.1 200
343.2 249
343.3 216
343.3 103
343.4 48
343.5 15
343.5 20
343.6 9
343.7 12
343.7 43
343.8 81
343.9 72
343.9 104
344.0 81
344.1 85
344.1 99
344.2 105
344.3 96
344.3 48
344.4 31
344.5 62
344.5 57
344.6 19
344.7 12
344.7 110
344.8 213
344.9 211
344.9 138
345.0 185
345.1 180
345.1 179
345.2 143
345.3 183
345.3 144
345.4 64
345.5 23
345.5 17
345.6 22
345.7 21
345.7 11
345.8 3
345.9 1
345.9 19
346.0 66
346.1 47
346.1 40
346.2 6
346.3 27
346.3 104
346.4 74
346.5 23
346.5 4
346.6 1
346.7 28
346.7 109
346.8 193
346.9 181
346.9 135
347.0 126
347.1 123
347.1 82
347.2 54
347.3 82
347.3 10
347.4 14
347.5 12
347.5 3
347.6 17
347.7 70
347.7 74
347.8 81
347.9 37
347.9 8
348.0 14
348.1 32
348.1 29
348.2 72
348.3 98
348.3 79
348.4 49
348.5 58
348.5 13
348.6 0
348.7 1
348.7 16
348.8 44
348.9 42
348.9 41
349.0 50
349.1 32
349.1 10
349.2 35
349.3 54
349.3 76
349.4 55
349.5 39
349.5 28
349.6 29
349.7 40
349.7 57
349.8 59
349.9 48
349.9 57
350.0 117
350.1 89
350.1 47
350.2 41
350.3 43
350.3 34
350.4 25
350.5 51
350.5 25
350.6 16
350.7 11
350.7 16
350.8 33
350.9 83
350.9 142
351.0 157
351.1 152
351.1 190
351.2 209
351.3 207
351.3 162
351.4 190
351.5 127
351.5 135
351.6 114
351.7 181
351.7 186
351.8 178
351.9 147
351.9 142
352.0 286
352.1 411
352.1 439
352.2 400
352.3 316
352.3 261
352.4 217
352.5 153
352.5 129
352.6 183
352.7 155
352.7 70
352.8 95
352.9 186
352.9 333
353.0 315
353.1 229
353.1 199
353.2 177
353.3 168
353.3 90
353.4 90
353.5 78
353.5 61
353.6 100
353.7 105
353.7 123
353.8 224
353.9 339
353.9 374
354.0 279
354.1 269
354.1 407
354.2 251
354.3 122
354.3 203
354.4 312
354.5 252
354.5 189
354.6 179
354.7 261
354.7 324
354.8 279
354.9 314
354.9 244
355.0 260
355.1 298
355.1 339
355.2 248
355.3 143
355.3 64
355.4 69
355.5 50
355.5 59
355.6 32
355.7 7
355.7 6
355.8 25
355.9 47
355.9 46
356.0 35
356.1 25
356.1 44
356.2 60
356.3 74
356.3 128
356.4 158
356.5 94
356.5 47
356.6 131
356.7 212
356.7 149
356.8 115
356.9 123
356.9 171
357.0 256
357.1 365
357.1 302
357.2 229
357.3 154
357.3 103
357.4 57
357.5 51
357.5 83
357.6 62
357.7 51
357.7 17
357.8 14
357.9 32
357.9 75
358.0 81
358.1 45
358.1 46
358.2 98
358.3 172
358.3 104
358.4 73
358.5 84
358.5 73
358.6 72
358.7 75
358.7 36
358.8 16
358.9 118
358.9 186
359.0 206
359.1 227
359.1 217
359.2 203
359.3 144
359.3 118
359.4 174
359.5 186
359.5 121
359.6 70
359.7 86
359.7 133
359.8 125
359.9 136
359.9 139
360.0 145
360.1 114
360.1 83
360.2 84
360.3 61
360.3 96
360.4 123
360.5 82
360.5 53
360.6 48
360.7 50
360.7 37
360.8 25
360.9 17
360.9 75
361.0 145
361.1 233
361.1 231
361.2 107
361.3 94
361.3 77
361.4 44
361.5 90
361.5 81
361.6 89
361.7 45
361.7 22
361.8 66
361.9 148
361.9 158
362.0 168
362.1 217
362.1 109
362.2 96
362.3 75
362.3 28
362.4 29
362.5 20
362.5 16
362.6 50
362.7 143
362.7 156
362.8 161
362.9 211
362.9 259
363.0 265
363.1 155
363.1 125
363.2 148
363.3 135
363.3 120
363.4 124
363.5 91
363.5 82
363.6 123
363.7 224
363.7 216
363.8 119
363.9 116
363.9 213
364.0 267
364.1 297
364.1 258
364.2 149
364.3 110
364.3 105
364.4 108
364.5 216
364.5 305
364.6 429
364.7 514
364.7 708
364.8 991
364.9 1238
364.9 1358
365.0 1455
365.1 1596
365.1 1535
365.2 1313
365.3 1065
365.3 858
365.4 925
365.5 1080
365.5 926
365.6 1010
365.7 1338
365.7 1328
365.8 1121
365.9 1302
365.9 1538
366.0 1764
366.1 1640
366.1 1273
366.2 979
366.3 1024
366.3 959
366.4 809
366.5 646
366.5 398
366.6 406
366.7 431
366.7 435
366.8 305
366.9 303
366.9 414
367.0 472
367.1 368
367.1 266
367.2 229
367.3 105
367.3 64
367.4 67
367.5 79
367.5 61
367.6 28
367.7 19
367.7 62
367.8 191
367.9 369
367.9 435
368.0 455
368.1 461
368.1 289
368.2 117
368.3 69
368.3 93
368.4 92
368.5 25
368.5 20
368.6 47
368.7 122
368.7 147
368.8 176
368.9 257
368.9 246
369.0 152
369.1 59
369.1 62
369.2 72
369.3 48
369.3 42
369.4 82
369.5 158
369.5 162
369.6 66
369.7 44
369.7 50
369.8 56
369.9 152
369.9 207
370.0 235
370.1 197
370.1 181
370.2 205
370.3 181
370.3 133
370.4 82
370.5 82
370.5 62
370.6 53
370.7 30
370.7 7
370.8 17
370.9 66
370.9 94
371.0 113
371.1 165
371.1 97
371.2 18
371.3 14
371.3 19
371.4 19
371.5 13
371.5 11
371.6 27
371.7 33
371.7 73
371.8 96
371.9 73
371.9 75
372.0 143
372.1 93
372.1 30
372.2 16
372.3 28
372.3 26
372.4 17
372.5 0
372.5 4
372.6 24
372.7 71
372.7 82
372.8 69
372.9 54
372.9 61
373.0 82
373.1 109
373.1 192
373.2 193
373.3 163
373.3 92
373.4 26
373.5 3
373.5 13
373.6 49
373.7 107
373.7 163
373.8 185
373.9 146
373.9 78
374.0 102
374.1 118
374.1 68
374.2 55
374.3 80
374.3 64
374.4 25
374.5 14
374.5 7
374.6 24
374.7 95
374.7 141
374.8 217
374.9 161
374.9 139
375.0 159
375.1 216
375.1 232
375.2 210
375.3 164
375.3 135
375.4 101
375.5 23
375.5 31
375.6 118
375.7 93
375.7 26
375.8 45
375.9 203
375.9 251
376.0 154
376.1 104
376.1 37
376.2 80
376.3 210
376.3 256
376.4 76
376.5 70
376.5 83
376.6 72
376.7 140
376.7 131
376.8 104
376.9 213
376.9 270
377.0 381
377.1 387
377.1 232
377.2 117
377.3 123
377.3 159
377.4 101
377.5 43
377.5 23
377.6 52
377.7 113
377.7 191
377.8 190
377.9 148
377.9 132
378.0 185
378.1 119
378.1 96
378.2 153
378.3 161
378.3 99
378.4 31
378.5 13
378.5 3
378.6 43
378.7 63
378.7 74
378.8 109
378.9 137
378.9 136
379.0 152
379.1 214
379.1 201
379.2 179
379.3 199
379.3 147
379.4 111
379.5 131
379.5 118
379.6 73
379.7 26
379.7 128
379.8 261
379.9 341
379.9 498
380.0 433
380.1 300
380.1 328
380.2 331
380.3 217
380.3 113
380.4 71
380.5 48
380.5 41
380.6 67
380.7 114
380.7 102
380.8 80
380.9 68
380.9 89
381.0 137
381.1 157
381.1 146
381.2 159
381.3 136
381.3 68
381.4 61
381.5 150
381.5 232
381.6 171
381.7 128
381.7 171
381.8 343
381.9 485
381.9 351
382.0 254
382.1 333
382.1 413
382.2 338
382.3 212
382.3 326
382.4 257
382.5 103
382.5 43
382.6 86
382.7 132
382.7 166
382.8 137
382.9 172
382.9 211
383.0 144
383.1 137
383.1 198
383.2 273
383.3 346
383.3 234
383.4 285
383.5 132
383.5 29
383.6 45
383.7 52
383.7 38
383.8 30
383.9 65
383.9 83
384.0 162
384.1 167
384.1 67
384.2 49
384.3 32
384.3 12
384.4 23
384.5 45
384.5 54
384.6 36
384.7 55
384.7 106
384.8 85
384.9 141
384.9 162
385.0 150
385.1 129
385.1 107
385.2 142
385.3 110
385.3 73
385.4 20
385.5 5
385.5 1
385.6 1
385.7 27
385.7 74
385.8 54
385.9 15
385.9 37
386.0 107
386.1 197
386.1 137
386.2 52
386.3 66
386.3 71
386.4 65
386.5 69
386.5 35
386.6 25
386.7 46
386.7 64
386.8 96
386.9 101
386.9 39
387.0 55
387.1 66
387.1 60
387.2 31
387.3 39
387.3 43
387.4 84
387.5 107
387.5 37
387.6 1
387.7 9
387.7 54
387.8 50
387.9 26
387.9 12
388.0 30
388.1 107
388.1 183
388.2 175
388.3 113
388.3 109
388.4 65
388.5 33
388.5 75
388.6 101
388.7 62
388.7 126
388.8 202
388.9 155
388.9 94
389.0 162
389.1 260
389.1 274
389.2 261
389.3 306
389.3 262
389.4 179
389.5 155
389.5 80
389.6 6
389.7 36
389.7 88
389.8 105
389.9 137
389.9 196
390.0 129
390.1 107
390.1 69
390.2 34
390.3 21
390.3 33
390.4 35
390.5 43
390.5 61
390.6 114
390.7 199
390.7 231
390.8 218
390.9 158
390.9 170
391.0 374
391.1 529
391.1 506
391.2 328
391.3 242
391.3 228
391.4 190
391.5 161
391.5 191
391.6 200
391.7 263
391.7 271
391.8 348
391.9 421
391.9 352
392.0 213
392.1 211
392.1 186
392.2 229
392.3 173
392.3 135
392.4 112
392.5 90
392.5 110
392.6 131
392.7 155
392.7 228
392.8 261
392.9 395
392.9 646
393.0 727
393.1 540
393.1 322
393.2 252
393.3 210
393.3 176
393.4 168
393.5 124
393.5 101
393.6 173
393.7 198
393.7 217
393.8 216
393.9 284
393.9 421
394.0 434
394.1 587
394.1 608
394.2 502
394.3 374
394.3 239
394.4 175
394.5 206
394.5 308
394.6 380
394.7 448
394.7 434
394.8 427
394.9 525
394.9 620
395.0 769
395.1 761
395.1 651
395.2 597
395.3 448
395.3 295
395.4 327
395.5 308
395.5 237
395.6 252
395.7 380
395.7 485
395.8 565
395.9 710
395.9 741
396.0 729
396.1 708
396.1 717
396.2 577
396.3 392
396.3 356
396.4 322
396.5 207
396.5 143
396.6 134
396.7 110
396.7 82
396.8 84
396.9 154
396.9 183
397.0 155
397.1 172
397.1 148
397.2 143
397.3 109
397.3 195
397.4 336
397.5 278
397.5 126
397.6 37
397.7 52
397.7 140
397.8 198
397.9 211
397.9 139
398.0 123
398.1 123
398.1 131
398.2 175
398.3 224
398.3 86
398.4 34
398.5 39
398.5 87
398.6 97
398.7 81
398.7 217
398.8 179
398.9 139
398.9 137
399.0 116
399.1 118
399.1 131
399.2 100
399.3 48
399.3 36
399.4 31
399.5 23
399.5 35
399.6 32
399.7 34
399.7 48
399.8 57
399.9 80
399.9 93
400.0 90
400.1 61
400.1 35
400.2 16
400.3 15
400.3 9
400.4 10
400.5 43
400.5 75
400.6 59
400.7 44
400.7 214
400.8 249
400.9 144
400.9 86
401.0 52
401.1 139
401.1 203
401.2 186
401.3 189
401.3 114
401.4 49
401.5 41
401.5 78
401.6 63
401.7 74
401.7 100
401.8 81
401.9 50
401.9 35
402.0 80
402.1 123
402.1 99
402.2 86
402.3 84
402.3 103
402.4 81
402.5 52
402.5 62
402.6 127
402.7 130
402.7 62
402.8 46
402.9 78
402.9 91
403.0 86
403.1 157
403.1 198
403.2 81
403.3 48
403.3 55
403.4 38
403.5 34
403.5 78
403.6 104
403.7 137
403.7 110
403.8 83
403.9 91
403.9 81
404.0 56
404.1 35
404.1 68
404.2 95
404.3 45
404.3 15
404.4 46
404.5 42
404.5 62
404.6 113
404.7 178
404.7 202
404.8 129
404.9 144
404.9 133
405.0 133
405.1 129
405.1 195
405.2 319
405.3 507
405.3 669
405.4 717
405.5 745
405.5 1019
405.6 1301
405.7 1241
405.7 1027
405.8 814
405.9 587
405.9 369
406.0 389
406.1 291
406.1 147
406.2 115
406.3 275
406.3 554
406.4 875
406.5 1002
406.5 1093
406.6 1285
406.7 1166
406.7 1071
406.8 1050
406.9 798
406.9 502
407.0 250
407.1 238
407.1 345
407.2 235
407.3 113
407.3 40
407.4 41
407.5 23
407.5 9
407.6 48
407.7 88
407.7 246
407.8 378
407.9 323
407.9 418
408.0 695
408.1 700
408.1 398
408.2 311
408.3 228
408.3 157
408.4 128
408.5 166
408.5 196
408.6 213
408.7 231
408.7 216
408.8 208
408.9 256
408.9 325
409.0 374
409.1 332
409.1 227
409.2 205
409.3 200
409.3 124
409.4 143
409.5 155
409.5 104
409.6 75
409.7 123
409.7 119
409.8 165
409.9 248
409.9 260
410.0 246
410.1 304
410.1 407
410.2 254
410.3 207
410.3 137
410.4 89
410.5 96
410.5 80
410.6 138
410.7 131
410.7 61
410.8 58
410.9 93
410.9 176
411.0 145
411.1 85
411.1 92
411.2 172
411.3 105
411.3 50
411.4 29
411.5 89
411.5 96
411.6 77
411.7 48
411.7 63
411.8 53
411.9 66
411.9 138
412.0 204
412.1 253
412.1 324
412.2 299
412.3 184
412.3 77
412.4 67
412.5 53
412.5 31
412.6 36
412.7 26
412.7 14
412.8 25
412.9 116
412.9 110
413.0 69
413.1 66
413.1 96
413.2 71
413.3 32
413.3 79
413.4 189
413.5 171
413.5 118
413.6 100
413.7 54
413.7 51
413.8 90
413.9 69
413.9 40
414.0 108
414.1 236
414.1 329
414.2 329
414.3 95
414.3 30
414.4 26
414.5 36
414.5 41
414.6 34
414.7 37
414.7 54
414.8 87
414.9 82
414.9 104
415.0 148
415.1 146
415.1 84
415.2 61
415.3 57
415.3 91
415.4 72
415.5 40
415.5 24
415.6 92
415.7 69
415.7 98
415.8 178
415.9 187
415.9 187
416.0 146
416.1 72
416.1 98
416.2 118
416.3 72
416.3 17
416.4 28
416.5 38
416.5 70
416.6 52
416.7 57
416.7 134
416.8 173
416.9 85
416.9 24
417.0 41
417.1 108
417.1 120
417.2 74
417.3 26
417.3 24
417.4 35
417.5 32
417.5 67
417.6 92
417.7 65
417.7 46
417.8 61
417.9 90
417.9 121
418.0 118
418.1 74
418.1 60
418.2 133
418.3 166
418.3 103
418.4 38
418.5 72
418.5 143
418.6 128
418.7 95
418.7 57
418.8 61
418.9 104
418.9 76
419.0 68
419.1 28
419.1 65
419.2 163
419.3 249
419.3 178
419.4 75
419.5 65
419.5 36
419.6 32
419.7 41
419.7 96
419.8 163
419.9 176
419.9 219
420.0 162
420.1 137
420.1 77
420.2 54
420.3 115
420.3 85
420.4 43
420.5 36
420.5 112
420.6 265
420.7 251
420.7 125
420.8 122
420.9 145
420.9 129
421.0 169
421.1 225
421.1 234
421.2 115
421.3 70
421.3 130
421.4 196
421.5 180
421.5 116
421.6 93
421.7 116
421.7 220
421.8 302
421.9 277
421.9 453
422.0 728
422.1 743
422.1 638
422.2 526
422.3 459
422.3 357
422.4 255
422.5 276
422.5 232
422.6 276
422.7 353
422.7 248
422.8 103
422.9 177
422.9 265
423.0 414
423.1 458
423.1 494
423.2 364
423.3 234
423.3 238
423.4 278
423.5 208
423.5 193
423.6 202
423.7 355
423.7 414
423.8 369
423.9 436
423.9 724
424.0 742
424.1 577
424.1 419
424.2 443
424.3 447
424.3 268
424.4 228
424.5 171
424.5 77
424.6 32
424.7 57
424.7 62
424.8 69
424.9 194
424.9 256
425.0 197
425.1 128
425.1 107
425.2 92
425.3 104
425.3 142
425.4 148
425.5 79
425.5 66
425.6 112
425.7 164
425.7 219
425.8 301
425.9 232
425.9 84
426.0 55
426.1 175
426.1 154
426.2 47
426.3 27
426.3 46
426.4 87
426.5 162
426.5 156
426.6 147
426.7 160
426.7 259
426.8 283
426.9 336
426.9 358
427.0 286
427.1 452
427.1 499
427.2 407
427.3 288
427.3 151
427.4 159
427.5 141
427.5 89
427.6 99
427.7 138
427.7 95
427.8 60
427.9 100
427.9 159
428.0 186
428.1 184
428.1 209
428.2 193
428.3 150
428.3 127
428.4 52
428.5 48
428.5 111
428.6 164
428.7 302
428.7 391
428.8 314
428.9 288
428.9 347
429.0 421
429.1 521
429.1 486
429.2 348
429.3 319
429.3 323
429.4 250
429.5 195
429.5 161
429.6 231
429.7 125
429.7 113
429.8 113
429.9 73
429.9 47
430.0 28
430.1 46
430.1 57
430.2 31
430.3 47
430.3 56
430.4 55
430.5 44
430.5 123
430.6 178
430.7 301
430.7 397
430.8 304
430.9 239
430.9 198
431.0 280
431.1 227
431.1 149
431.2 230
431.3 341
431.3 346
431.4 203
431.5 156
431.5 52
431.6 28
431.7 68
431.7 69
431.8 104
431.9 150
431.9 109
432.0 89
432.1 142
432.1 94
432.2 103
432.3 155
432.3 122
432.4 71
432.5 84
432.5 132
432.6 94
432.7 61
432.7 100
432.8 188
432.9 185
432.9 200
433.0 277
433.1 192
433.1 100
433.2 138
433.3 107
433.3 106
433.4 173
433.5 173
433.5 87
433.6 121
433.7 160
433.7 121
433.8 145
433.9 98
433.9 87
434.0 110
434.1 89
434.1 31
434.2 4
434.3 31
434.3 74
434.4 110
434.5 180
434.5 287
434.6 314
434.7 386
434.7 472
434.8 534
434.9 451
434.9 347
435.0 381
435.1 222
435.1 137
435.2 109
435.3 38
435.3 56
435.4 113
435.5 103
435.5 122
435.6 115
435.7 112
435.7 140
435.8 316
435.9 675
435.9 921
436.0 972
436.1 1037
436.1 969
436.2 732
436.3 523
436.3 405
436.4 204
436.5 200
436.5 321
436.6 367
436.7 287
436.7 272
436.8 295
436.9 284
436.9 465
437.0 722
437.1 734
437.1 736
437.2 730
437.3 593
437.3 286
437.4 136
437.5 175
437.5 192
437.6 222
437.7 196
437.7 178
437.8 208
437.9 389
437.9 501
438.0 734
438.1 873
438.1 953
438.2 841
438.3 604
438.3 354
438.4 257
438.5 222
438.5 139
438.6 48
438.7 34
438.7 58
438.8 139
438.9 158
438.9 140
439.0 66
439.1 88
439.1 116
439.2 71
439.3 103
439.3 132
439.4 77
439.5 66
439.5 81
439.6 115
439.7 126
439.7 97
439.8 58
439.9 45
439.9 47
440.0 42
440.1 106
440.1 116
440.2 115
440.3 48
440.3 23
440.4 22
440.5 9
440.5 0
440.6 14
440.7 25
440.7 41
440.8 44
440.9 82
440.9 129
441.0 257
441.1 188
441.1 135
441.2 105
441.3 107
441.3 107
441.4 138
441.5 81
441.5 41
441.6 42
441.7 54
441.7 134
441.8 124
441.9 66
441.9 61
442.0 49
442.1 52
442.1 45
442.2 54
442.3 94
442.3 188
442.4 171
442.5 203
442.5 173
442.6 58
442.7 27
442.7 112
442.8 232
442.9 270
442.9 273
443.0 219
443.1 179
443.1 202
443.2 178
443.3 173
443.3 259
443.4 260
443.5 287
443.5 141
443.6 52
443.7 83
443.7 117
443.8 257
443.9 205
443.9 117
444.0 147
444.1 196
444.1 166
444.2 196
444.3 252
444.3 381
444.4 398
444.5 187
444.5 53
444.6 85
444.7 160
444.7 168
444.8 178
444.9 216
444.9 175
445.0 209
445.1 224
445.1 207
445.2 219
445.3 202
445.3 283
445.4 221
445.5 119
445.5 70
445.6 101
445.7 170
445.7 128
445.8 78
445.9 47
445.9 36
446.0 33
446.1 55
446.1 88
446.2 101
446.3 172
446.3 160
446.4 124
446.5 82
446.5 63
446.6 41
446.7 46
446.7 46
446.8 61
446.9 90
446.9 91
447.0 149
447.1 214
447.1 137
447.2 84
447.3 97
447.3 82
447.4 40
447.5 26
447.5 41
447.6 65
447.7 58
447.7 56
447.8 119
447.9 187
447.9 169
448.0 214
448.1 252
448.1 181
448.2 120
448.3 103
448.3 185
448.4 298
448.5 265
448.5 152
448.6 195
448.7 276
448.7 295
448.8 384
448.9 436
448.9 571
449.0 453
449.1 333
449.1 427
449.2 467
449.3 424
449.3 268
449.4 93
449.5 140
449.5 223
449.6 187
449.7 216
449.7 251
449.8 347
449.9 540
449.9 492
450.0 472
450.1 559
450.1 684
450.2 705
450.3 590
450.3 391
450.4 310
450.5 338
450.5 347
450.6 151
450.7 149
450.7 295
450.8 244
450.9 163
450.9 140
451.0 83
451.1 37
451.1 101
451.2 281
451.3 272
451.3 142
451.4 96
451.5 72
451.5 64
451.6 70
451.7 132
451.7 248
451.8 366
451.9 352
451.9 345
452.0 375
452.1 499
452.1 500
452.2 339
452.3 233
452.3 218
452.4 250
452.5 126
452.5 59
452.6 93
452.7 93
452.7 99
452.8 102
452.9 80
452.9 65
453.0 94
453.1 112
453.1 83
453.2 84
453.3 88
453.3 74
453.4 25
453.5 10
453.5 3
453.6 11
453.7 30
453.7 63
453.8 42
453.9 18
453.9 92
454.0 174
454.1 127
454.1 96
454.2 127
454.3 144
454.3 99
454.4 64
454.5 22
454.5 4
454.6 24
454.7 27
454.7 29
454.8 112
454.9 206
454.9 107
455.0 75
455.1 185
455.1 203
455.2 167
455.3 190
455.3 230
455.4 240
455.5 153
455.5 111
455.6 43
455.7 53
455.7 112
455.8 206
455.9 273
455.9 311
456.0 226
456.1 209
456.1 160
456.2 190
456.3 149
456.3 176
456.4 193
456.5 175
456.5 141
456.6 91
456.7 34
456.7 85
456.8 190
456.9 207
456.9 319
457.0 431
457.1 359
457.1 282
457.2 301
457.3 301
457.3 236
457.4 272
457.5 228
457.5 114
457.6 16
457.7 39
457.7 69
457.8 83
457.9 123
457.9 152
458.0 234
458.1 291
458.1 333
458.2 382
458.3 357
458.3 241
458.4 165
458.5 154
458.5 148
458.6 166
458.7 284
458.7 338
458.8 256
458.9 296
458.9 414
459.0 358
459.1 250
459.1 193
459.2 203
459.3 207
459.3 179
459.4 83
459.5 50
459.5 94
459.6 128
459.7 137
459.7 176
459.8 256
459.9 267
459.9 316
460.0 222
460.1 195
460.1 191
460.2 160
460.3 87
460.3 95
460.4 99
460.5 147
460.5 141
460.6 86
460.7 35
460.7 105
460.8 270
460.9 413
460.9 472
461.0 801
461.1 912
461.1 751
461.2 840
461.3 1036
461.3 907
461.4 670
461.5 506
461.5 377
461.6 293
461.7 178
461.7 123
461.8 106
461.9 171
461.9 272
462.0 272
462.1 276
462.1 399
462.2 353
462.3 322
462.3 329
462.4 366
462.5 327
462.5 200
462.6 241
462.7 240
462.7 328
462.8 294
462.9 190
462.9 143
463.0 178
463.1 331
463.1 403
463.2 287
463.3 293
463.3 393
463.4 296
463.5 180
463.5 190
463.6 283
463.7 241
463.7 166
463.8 188
463.9 197
463.9 194
464.0 259
464.1 361
464.1 434
464.2 432
464.3 459
464.3 369
464.4 343
464.5 467
464.5 414
464.6 301
464.7 200
464.7 189
464.8 166
464.9 174
464.9 295
465.0 354
465.1 224
465.1 134
465.2 255
465.3 262
465.3 131
465.4 119
465.5 114
465.5 79
465.6 92
465.7 105
465.7 157
465.8 187
465.9 227
465.9 205
466.0 257
466.1 226
466.1 212
466.2 182
466.3 196
466.3 272
466.4 268
466.5 226
466.5 143
466.6 144
466.7 128
466.7 110
466.8 84
466.9 126
466.9 137
467.0 131
467.1 174
467.1 268
467.2 350
467.3 203
467.3 174
467.4 173
467.5 101
467.5 22
467.6 2
467.7 0
467.7 11
467.8 62
467.9 131
467.9 128
468.0 93
468.1 97
468.1 85
468.2 114
468.3 187
468.3 112
468.4 79
468.5 39
468.5 23
468.6 36
468.7 46
468.7 80
468.8 133
468.9 83
468.9 89
469.0 143
469.1 195
469.1 293
469.2 160
469.3 163
469.3 219
469.4 183
469.5 171
469.5 81
469.6 61
469.7 61
469.7 88
469.8 93
469.9 105
469.9 168
470.0 195
470.1 148
470.1 66
470.2 77
470.3 116
470.3 134
470.4 90
470.5 55
470.5 102
470.6 124
470.7 159
470.7 268
470.8 281
470.9 232
470.9 357
471.0 381
471.1 409
471.1 465
471.2 598
471.3 686
471.3 607
471.4 621
471.5 561
471.5 385
471.6 346
471.7 396
471.7 739
471.8 1188
471.9 1694
471.9 2233
472.0 2461
472.1 2257
472.1 2364
472.2 2362
472.3 2004
472.3 1608
472.4 842
472.5 403
472.5 457
472.6 437
472.7 300
472.7 286
472.8 390
472.9 827
472.9 1084
473.0 1267
473.1 1403
473.1 1759
473.2 1580
473.3 1229
473.3 721
473.4 555
473.5 545
473.5 437
473.6 276
473.7 272
473.7 185
473.8 142
473.9 179
473.9 200
474.0 174
474.1 132
474.1 150
474.2 196
474.3 161
474.3 83
474.4 95
474.5 61
474.5 75
474.6 39
474.7 25
474.7 24
474.8 65
474.9 133
474.9 191
475.0 258
475.1 364
475.1 387
475.2 356
475.3 253
475.3 212
475.4 135
475.5 184
475.5 249
475.6 155
475.7 193
475.7 178
475.8 160
475.9 189
475.9 274
476.0 408
476.1 422
476.1 249
476.2 221
476.3 386
476.3 435
476.4 386
476.5 278
476.5 146
476.6 111
476.7 126
476.7 256
476.8 421
476.9 298
476.9 297
477.0 339
477.1 383
477.1 299
477.2 230
477.3 145
477.3 149
477.4 142
477.5 123
477.5 171
477.6 221
477.7 292
477.7 360
477.8 222
477.9 165
477.9 178
478.0 238
478.1 383
478.1 397
478.2 340
478.3 306
478.3 271
478.4 233
478.5 267
478.5 384
478.6 395
478.7 309
478.7 274
478.8 243
478.9 206
478.9 140
479.0 131
479.1 173
479.1 262
479.2 318
479.3 266
479.3 171
479.4 133
479.5 79
479.5 45
479.6 77
479.7 68
479.7 110
479.8 80
479.9 33
479.9 47
480.0 70
480.1 107
480.1 186
480.2 187
480.3 82
480.3 48
480.4 63
480.5 39
480.5 38
480.6 21
480.7 48
480.7 70
480.8 43
480.9 52
480.9 62
481.0 114
481.1 106
481.1 132
481.2 178
481.3 218
481.3 101
481.4 81
481.5 56
481.5 46
481.6 50
481.7 66
481.7 61
481.8 85
481.9 145
481.9 117
482.0 180
482.1 87
482.1 15
482.2 12
482.3 41
482.3 62
482.4 10
482.5 13
482.5 10
482.6 9
482.7 21
482.7 21
482.8 5
482.9 115
482.9 161
483.0 99
483.1 80
483.1 65
483.2 93
483.3 141
483.3 145
483.4 147
483.5 131
483.5 86
483.6 121
483.7 148
483.7 84
483.8 25
483.9 33
483.9 50
484.0 58
484.1 71
484.1 149
484.2 310
484.3 327
484.3 166
484.4 67
484.5 87
484.5 86
484.6 79
484.7 89
484.7 107
484.8 103
484.9 71
484.9 120
485.0 129
485.1 139
485.1 101
485.2 39
485.3 4
485.3 0
485.4 3
485.5 10
485.5 15
485.6 17
485.7 17
485.7 35
485.8 26
485.9 13
485.9 79
486.0 178
486.1 143
486.1 68
486.2 130
486.3 240
486.3 292
486.4 195
486.5 120
486.5 252
486.6 319
486.7 311
486.7 325
486.8 372
486.9 516
486.9 668
487.0 537
487.1 395
487.1 359
487.2 258
487.3 153
487.3 111
487.4 101
487.5 76
487.5 27
487.6 30
487.7 27
487.7 111
487.8 141
487.9 115
487.9 146
488.0 169
488.1 160
488.1 77
488.2 157
488.3 198
488.3 154
488.4 154
488.5 223
488.5 183
488.6 125
488.7 136
488.7 161
488.8 243
488.9 206
488.9 278
489.0 437
489.1 468
489.1 528
489.2 544
489.3 376
489.3 309
489.4 217
489.5 129
489.5 116
489.6 124
489.7 168
489.7 205
489.8 215
489.9 207
489.9 148
490.0 101
490.1 100
490.1 131
490.2 152
490.3 162
490.3 210
490.4 267
490.5 275
490.5 205
490.6 161
490.7 225
490.7 237
490.8 137
490.9 134
490.9 227
491.0 221
491.1 133
491.1 134
491.2 69
491.3 52
491.3 65
491.4 52
491.5 47
491.5 79
491.6 131
491.7 141
491.7 87
491.8 118
491.9 157
491.9 246
492.0 351
492.1 213
492.1 114
492.2 126
492.3 179
492.3 184
492.4 130
492.5 71
492.5 102
492.6 71
492.7 38
492.7 74
492.8 136
492.9 171
492.9 203
493.0 269
493.1 111
493.1 36
493.2 43
493.3 75
493.3 105
493.4 124
493.5 87
493.5 59
493.6 83
493.7 138
493.7 181
493.8 155
493.9 148
493.9 44
494.0 4
494.1 2
494.1 17
494.2 80
494.3 102
494.3 145
494.4 136
494.5 70
494.5 23
494.6 6
494.7 18
494.7 68
494.8 111
494.9 82
494.9 50
495.0 69
495.1 135
495.1 149
495.2 132
495.3 129
495.3 164
495.4 119
495.5 43
495.5 5
495.6 2
495.7 0
495.7 19
495.8 51
495.9 84
495.9 102
496.0 119
496.1 184
496.1 187
496.2 174
496.3 196
496.3 109
496.4 50
496.5 90
496.5 89
496.6 54
496.7 37
496.7 1
496.8 0
496.9 35
496.9 69
497.0 119
497.1 181
497.1 211
497.2 179
497.3 88
497.3 102
497.4 159
497.5 131
497.5 72
497.6 26
497.7 13
497.7 12
497.8 11
497.9 15
497.9 34
498.0 114
498.1 225
498.1 276
498.2 285
498.3 319
498.3 249
498.4 230
498.5 191
498.5 166
498.6 111
498.7 46
498.7 25
498.8 36
498.9 37
498.9 39
499.0 90
499.1 182
499.1 139
499.2 88
499.3 129
499.3 153
499.4 200
499.5 154
499.5 109
499.6 67
499.7 51
499.7 67
499.8 65
499.9 91
499.9 136
500.0 191
500.1 204
500.1 111
500.2 111
500.3 139
500.3 158
500.4 135
500.5 85
500.5 94
500.6 91
500.7 29
500.7 32
500.8 80
500.9 78
500.9 73
501.0 81
501.1 69
501.1 73
501.2 99
501.3 178
501.3 204
501.4 192
501.5 188
501.5 94
501.6 59
501.7 93
501.7 140
501.8 99
501.9 136
501.9 204
502.0 248
502.1 262
502.1 183
502.2 97
502.3 110
502.3 79
502.4 21
502.5 51
502.5 122
502.6 157
502.7 131
502.7 79
502.8 233
502.9 403
502.9 275
503.0 239
503.1 258
503.1 276
503.2 215
503.3 256
503.3 245
503.4 159
503.5 158
503.5 152
503.6 90
503.7 87
503.7 124
503.8 220
503.9 115
503.9 94
504.0 206
504.1 204
504.1 220
504.2 185
504.3 128
504.3 74
504.4 121
504.5 110
504.5 86
504.6 138
504.7 164
504.7 232
504.8 376
504.9 575
504.9 602
505.0 591
505.1 461
505.1 431
505.2 307
505.3 181
505.3 134
505.4 77
505.5 64
505.5 36
505.6 18
505.7 1
505.7 9
505.8 47
505.9 145
505.9 307
506.0 322
506.1 451
506.1 673
506.2 806
506.3 575
506.3 330
506.4 215
506.5 249
506.5 261
506.6 224
506.7 123
506.7 112
506.8 172
506.9 161
506.9 263
507.0 372
507.1 462
507.1 581
507.2 777
507.3 736
507.3 601
507.4 381
507.5 356
507.5 235
507.6 141
507.7 242
507.7 279
507.8 306
507.9 590
507.9 866
508.0 1101
508.1 1289
508.1 1086
508.2 878
508.3 889
508.3 928
508.4 763
508.5 396
508.5 200
508.6 132
508.7 144
508.7 149
508.8 78
508.9 48
508.9 112
509.0 210
509.1 184
509.1 94
509.2 74
509.3 133
509.3 168
509.4 107
509.5 61
509.5 51
509.6 40
509.7 40
509.7 96
509.8 126
509.9 141
509.9 168
510.0 256
510.1 275
510.1 164
510.2 125
510.3 112
510.3 93
510.4 44
510.5 50
510.5 60
510.6 153
510.7 209
510.7 221
510.8 205
510.9 213
510.9 289
511.0 341
511.1 313
511.1 186
511.2 305
511.3 271
511.3 146
511.4 97
511.5 54
511.5 39
511.6 16
511.7 6
511.7 14
511.8 22
511.9 87
511.9 134
512.0 93
512.1 66
512.1 43
512.2 21
512.3 52
512.3 90
512.4 92
512.5 73
512.5 55
512.6 88
512.7 136
512.7 118
512.8 53
512.9 32
512.9 48
513.0 153
513.1 164
513.1 93
513.2 143
513.3 105
513.3 135
513.4 125
513.5 148
513.5 153
513.6 122
513.7 87
513.7 78
513.8 111
513.9 130
513.9 105
514.0 110
514.1 51
514.1 43
514.2 68
514.3 98
514.3 149
514.4 117
514.5 66
514.5 111
514.6 132
514.7 134
514.7 190
514.8 245
514.9 376
514.9 568
515.0 688
515.1 748
515.1 658
515.2 542
515.3 489
515.3 317
515.4 115
515.5 145
515.5 133
515.6 65
515.7 70
515.7 131
515.8 95
515.9 97
515.9 179
516.0 210
516.1 260
516.1 286
516.2 210
516.3 164
516.3 122
516.4 38
516.5 17
516.5 92
516.6 141
516.7 135
516.7 104
516.8 65
516.9 60
516.9 84
517.0 73
517.1 103
517.1 150
517.2 154
517.3 111
517.3 93
517.4 87
517.5 79
517.5 65
517.6 50
517.7 97
517.7 132
517.8 104
517.9 119
517.9 184
518.0 220
518.1 182
518.1 188
518.2 175
518.3 138
518.3 54
518.4 29
518.5 63
518.5 101
518.6 144
518.7 204
518.7 231
518.8 181
518.9 128
518.9 117
519.0 136
519.1 127
519.1 157
519.2 162
519.3 139
519.3 98
519.4 166
519.5 175
519.5 146
519.6 98
519.7 134
519.7 241
519.8 305
519.9 194
519.9 80
520.0 76
520.1 125
520.1 207
520.2 241
520.3 138
520.3 60
520.4 19
520.5 74
520.5 95
520.6 84
520.7 116
520.7 136
520.8 64
520.9 71
520.9 153
521.0 197
521.1 189
521.1 132
521.2 110
521.3 208
521.3 207
521.4 136
521.5 148
521.5 81
521.6 96
521.7 199
521.7 271
521.8 218
521.9 110
521.9 31
522.0 56
522.1 149
522.1 232
522.2 157
522.3 70
522.3 54
522.4 61
522.5 36
522.5 8
522.6 7
522.7 12
522.7 7
522.8 15
522.9 40
522.9 87
523.0 140
523.1 268
523.1 222
523.2 189
523.3 124
523.3 81
523.4 70
523.5 54
523.5 43
523.6 52
523.7 32
523.7 8
523.8 0
523.9 0
523.9 26
524.0 97
524.1 129
524.1 182
524.2 187
524.3 138
524.3 64
524.4 91
524.5 119
524.5 87
524.6 18
524.7 38
524.7 43
524.8 57
524.9 48
524.9 43
525.0 58
525.1 114
525.1 99
525.2 83
525.3 125
525.3 225
525.4 244
525.5 156
525.5 64
525.6 79
525.7 180
525.7 126
525.8 96
525.9 116
525.9 155
526.0 218
526.1 208
526.1 267
526.2 184
526.3 94
526.3 76
526.4 77
526.5 38
526.5 36
526.6 48
526.7 65
526.7 76
526.8 185
526.9 164
526.9 120
527.0 136
527.1 92
527.1 109
527.2 201
527.3 222
527.3 178
527.4 198
527.5 143
527.5 115
527.6 111
527.7 197
527.7 346
527.8 466
527.9 436
527.9 608
528.0 538
528.1 592
528.1 593
528.2 547
528.3 278
528.3 230
528.4 222
528.5 192
528.5 134
528.6 109
528.7 124
528.7 135
528.8 67
528.9 43
528.9 107
529.0 276
529.1 371
529.1 265
529.2 170
529.3 154
529.3 170
529.4 158
529.5 130
529.5 250
529.6 124
529.7 35
529.7 41
529.8 90
529.9 137
529.9 152
530.0 113
530.1 114
530.1 115
530.2 47
530.3 18
530.3 20
530.4 38
530.5 51
530.5 127
530.6 179
530.7 126
530.7 113
530.8 119
530.9 169
530.9 163
531.0 154
531.1 138
531.1 172
531.2 161
531.3 144
531.3 221
531.4 235
531.5 108
531.5 65
531.6 42
531.7 20
531.7 37
531.8 107
531.9 176
531.9 217
532.0 191
532.1 113
532.1 171
532.2 142
532.3 83
532.3 75
532.4 77
532.5 53
532.5 26
532.6 29
532.7 32
532.7 22
532.8 2
532.9 41
532.9 167
533.0 229
533.1 166
533.1 75
533.2 31
533.3 29
533.3 47
533.4 124
533.5 123
533.5 81
533.6 26
533.7 1
533.7 3
533.8 45
533.9 68
533.9 121
534.0 171
534.1 165
534.1 75
534.2 105
534.3 167
534.3 206
534.4 167
534.5 124
534.5 199
534.6 200
534.7 105
534.7 136
534.8 93
534.9 116
534.9 151
535.0 157
535.1 148
535.1 95
535.2 84
535.3 132
535.3 69
535.4 84
535.5 109
535.5 38
535.6 0
535.7 0
535.7 3
535.8 36
535.9 82
535.9 140
536.0 118
536.1 60
536.1 47
536.2 131
536.3 206
536.3 170
536.4 67
536.5 26
536.5 71
536.6 117
536.7 230
536.7 192
536.8 95
536.9 101
536.9 86
537.0 41
537.1 59
537.1 92
537.2 64
537.3 70
537.3 110
537.4 79
537.5 63
537.5 134
537.6 141
537.7 55
537.7 19
537.8 12
537.9 18
537.9 48
538.0 52
538.1 46
538.1 29
538.2 39
538.3 39
538.3 110
538.4 194
538.5 266
538.5 152
538.6 109
538.7 91
538.7 138
538.8 165
538.9 134
538.9 99
539.0 129
539.1 228
539.1 314
539.2 356
539.3 201
539.3 136
539.4 179
539.5 181
539.5 216
539.6 140
539.7 73
539.7 78
539.8 88
539.9 172
539.9 206
540.0 222
540.1 202
540.1 157
540.2 146
540.3 179
540.3 235
540.4 191
540.5 61
540.5 52
540.6 65
540.7 134
540.7 119
540.8 134
540.9 183
540.9 112
541.0 138
541.1 177
541.1 221
541.2 206
541.3 227
541.3 221
541.4 214
541.5 208
541.5 201
541.6 70
541.7 44
541.7 77
541.8 208
541.9 303
541.9 225
542.0 286
542.1 398
542.1 529
542.2 470
542.3 492
542.3 426
542.4 255
542.5 164
542.5 245
542.6 214
542.7 150
542.7 118
542.8 148
542.9 128
542.9 116
543.0 112
543.1 102
543.1 105
543.2 165
543.3 113
543.3 105
543.4 102
543.5 88
543.5 64
543.6 95
543.7 71
543.7 98
543.8 163
543.9 381
543.9 495
544.0 341
544.1 233
544.1 271
544.2 384
544.3 328
544.3 354
544.4 341
544.5 354
544.5 290
544.6 218
544.7 174
544.7 104
544.8 114
544.9 159
544.9 182
545.0 447
545.1 593
545.1 408
545.2 210
545.3 205
545.3 194
545.4 248
545.5 165
545.5 154
545.6 108
545.7 167
545.7 139
545.8 96
545.9 146
545.9 222
546.0 249
546.1 142
546.1 331
546.2 378
546.3 275
546.3 212
546.4 217
546.5 229
546.5 447
546.6 785
546.7 889
546.7 835
546.8 762
546.9 724
546.9 784
547.0 524
547.1 400
547.1 429
547.2 421
547.3 326
547.3 212
547.4 129
547.5 88
547.5 110
547.6 164
547.7 264
547.7 374
547.8 377
547.9 430
547.9 572
548.0 452
548.1 316
548.1 319
548.2 272
548.3 287
548.3 312
548.4 340
548.5 318
548.5 380
548.6 469
548.7 676
548.7 824
548.8 780
548.9 952
548.9 926
549.0 926
549.1 833
549.1 616
549.2 354
549.3 117
549.3 80
549.4 69
549.5 53
549.5 74
549.6 95
549.7 86
549.7 112
549.8 98
549.9 104
549.9 186
550.0 264
550.1 171
550.1 68
550.2 59
550.3 70
550.3 57
550.4 3
550.5 35
550.5 31
550.6 28
550.7 45
550.7 44
550.8 45
550.9 108
550.9 107
551.0 146
551.1 178
551.1 238
551.2 213
551.3 195
551.3 146
551.4 87
551.5 19
551.5 51
551.6 148
551.7 122
551.7 77
551.8 79
551.9 139
551.9 124
552.0 157
552.1 244
552.1 218
552.2 261
552.3 295
552.3 265
552.4 249
552.5 206
552.5 111
552.6 77
552.7 90
552.7 111
552.8 140
552.9 200
552.9 189
553.0 156
553.1 158
553.1 158
553.2 179
553.3 314
553.3 282
553.4 202
553.5 153
553.5 210
553.6 95
553.7 47
553.7 82
553.8 85
553.9 77
553.9 84
554.0 102
554.1 167
554.1 216
554.2 243
554.3 286
554.3 284
554.4 197
554.5 150
554.5 127
554.6 60
554.7 38
554.7 20
554.8 22
554.9 56
554.9 109
555.0 329
555.1 291
555.1 168
555.2 89
555.3 157
555.3 163
555.4 83
555.5 73
555.5 51
555.6 66
555.7 67
555.7 46
555.8 62
555.9 55
555.9 78
556.0 148
556.1 130
556.1 251
556.2 330
556.3 328
556.3 176
556.4 123
556.5 85
556.5 93
556.6 117
556.7 121
556.7 113
556.8 117
556.9 183
556.9 223
557.0 262
557.1 323
557.1 284
557.2 261
557.3 269
557.3 262
557.4 245
557.5 191
557.5 78
557.6 66
557.7 174
557.7 257
557.8 260
557.9 345
557.9 500
558.0 525
558.1 453
558.1 512
558.2 477
558.3 236
558.3 184
558.4 174
558.5 143
558.5 125
558.6 189
558.7 253
558.7 363
558.8 553
558.9 811
558.9 872
559.0 894
559.1 1010
559.1 1358
559.2 1584
559.3 1272
559.3 974
559.4 711
559.5 622
559.5 563
559.6 706
559.7 963
559.7 1132
559.8 1467
559.9 1862
559.9 2402
560.0 2763
560.1 2737
560.1 2555
560.2 2142
560.3 1859
560.3 1631
560.4 1083
560.5 714
560.5 430
560.6 420
560.7 398
560.7 234
560.8 253
560.9 320
560.9 475
561.0 547
561.1 561
561.1 506
561.2 473
561.3 520
561.3 314
561.4 264
561.5 368
561.5 307
561.6 378
561.7 508
561.7 626
561.8 684
561.9 915
561.9 1112
562.0 1213
562.1 1602
562.1 2085
562.2 2755
562.3 2859
562.3 2690
562.4 2219
562.5 1772
562.5 1441
562.6 1291
562.7 1158
562.7 1155
562.8 1234
562.9 1157
562.9 840
563.0 882
563.1 1317
563.1 1731
563.2 1793
563.3 1294
563.3 814
563.4 748
563.5 909
563.5 1007
563.6 848
563.7 549
563.7 390
563.8 493
563.9 515
563.9 425
564.0 339
564.1 375
564.1 379
564.2 416
564.3 440
564.3 373
564.4 326
564.5 277
564.5 475
564.6 528
564.7 456
564.7 309
564.8 302
564.9 571
564.9 676
565.0 684
565.1 737
565.1 618
565.2 701
565.3 690
565.3 481
565.4 301
565.5 164
565.5 154
565.6 138
565.7 131
565.7 158
565.8 282
565.9 342
565.9 306
566.0 338
566.1 494
566.1 561
566.2 443
566.3 303
566.3 158
566.4 140
566.5 145
566.5 127
566.6 61
566.7 23
566.7 28
566.8 54
566.9 87
566.9 127
567.0 155
567.1 311
567.1 382
567.2 268
567.3 208
567.3 234
567.4 105
567.5 76
567.5 135
567.6 55
567.7 32
567.7 82
567.8 83
567.9 131
567.9 117
568.0 99
568.1 170
568.1 236
568.2 188
568.3 71
568.3 40
568.4 72
568.5 65
568.5 100
568.6 85
568.7 30
568.7 16
568.8 99
568.9 174
568.9 116
569.0 22
569.1 58
569.1 57
569.2 176
569.3 276
569.3 241
569.4 191
569.5 158
569.5 122
569.6 93
569.7 56
569.7 19
569.8 18
569.9 84
569.9 159
570.0 154
570.1 102
570.1 104
570.2 120
570.3 111
570.3 188
570.4 183
570.5 130
570.5 52
570.6 24
570.7 91
570.7 90
570.8 79
570.9 94
570.9 127
571.0 127
571.1 172
571.1 222
571.2 166
571.3 132
571.3 118
571.4 70
571.5 34
571.5 52
571.6 58
571.7 47
571.7 72
571.8 46
571.9 22
571.9 57
572.0 137
572.1 153
572.1 91
572.2 46
572.3 20
572.3 8
572.4 2
572.5 0
572.5 14
572.6 56
572.7 103
572.7 103
572.8 15
572.9 16
572.9 58
573.0 110
573.1 133
573.1 108
573.2 75
573.3 97
573.3 110
573.4 44
573.5 17
573.5 10
573.6 24
573.7 83
573.7 88
573.8 63
573.9 55
573.9 113
574.0 156
574.1 154
574.1 79
574.2 104
574.3 134
574.3 238
574.4 163
574.5 104
574.5 32
574.6 5
574.7 0
574.7 24
574.8 71
574.9 117
574.9 108
575.0 89
575.1 126
575.1 211
575.2 274
575.3 254
575.3 163
575.4 106
575.5 103
575.5 98
575.6 111
575.7 108
575.7 114
575.8 207
575.9 294
575.9 409
576.0 430
576.1 416
576.1 417
576.2 498
576.3 358
576.3 246
576.4 330
576.5 305
576.5 189
576.6 106
576.7 112
576.7 145
576.8 55
576.9 71
576.9 137
577.0 143
577.1 173
577.1 185
577.2 212
577.3 169
577.3 89
577.4 39
577.5 19
577.5 13
577.6 21
577.7 26
577.7 29
577.8 22
577.9 43
577.9 192
578.0 233
578.1 177
578.1 121
578.2 74
578.3 148
578.3 178
578.4 101
578.5 43
578.5 59
578.6 76
578.7 61
578.7 49
578.8 34
578.9 99
578.9 81
579.0 44
579.1 77
579.1 75
579.2 104
579.3 120
579.3 106
579.4 95
579.5 96
579.5 57
579.6 42
579.7 21
579.7 43
579.8 103
579.9 83
579.9 70
580.0 54
580.1 56
580.1 101
580.2 205
580.3 187
580.3 91
580.4 54
580.5 78
580.5 82
580.6 55
580.7 77
580.7 49
580.8 51
580.9 108
580.9 69
581.0 37
581.1 43
581.1 55
581.2 68
581.3 114
581.3 96
581.4 33
581.5 87
581.5 160
581.6 136
581.7 49
581.7 15
581.8 32
581.9 80
581.9 126
582.0 134
582.1 76
582.1 66
582.2 57
582.3 24
582.3 26
582.4 9
582.5 1
582.5 13
582.6 71
582.7 37
582.7 34
582.8 87
582.9 105
582.9 89
583.0 74
583.1 91
583.1 136
583.2 126
583.3 68
583.3 69
583.4 65
583.5 59
583.5 74
583.6 49
583.7 14
583.7 30
583.8 81
583.9 96
583.9 105
584.0 96
584.1 45
584.1 15
584.2 47
584.3 65
584.3 111
584.4 207
584.5 213
584.5 145
584.6 114
584.7 105
584.7 65
584.8 26
584.9 18
584.9 20
585.0 12
585.1 32
585.1 134
585.2 192
585.3 165
585.3 154
585.4 143
585.5 125
585.5 78
585.6 33
585.7 59
585.7 67
585.8 62
585.9 56
585.9 109
586.0 121
586.1 54
586.1 14
586.2 20
586.3 80
586.3 103
586.4 140
586.5 271
586.5 226
586.6 137
586.7 109
586.7 138
586.8 156
586.9 103
586.9 92
587.0 147
587.1 196
587.1 163
587.2 88
587.3 101
587.3 98
587.4 66
587.5 50
587.5 60
587.6 45
587.7 7
587.7 14
587.8 37
587.9 151
587.9 307
588.0 286
588.1 153
588.1 100
588.2 92
588.3 84
588.3 92
588.4 83
588.5 46
588.5 22
588.6 58
588.7 69
588.7 84
588.8 94
588.9 74
588.9 69
589.0 134
589.1 198
589.1 312
589.2 336
589.3 206
589.3 80
589.4 79
589.5 37
589.5 13
589.6 30
589.7 56
589.7 40
589.8 44
589.9 32
589.9 27
590.0 48
590.1 38
590.1 29
590.2 82
590.3 240
590.3 184
590.4 92
590.5 50
590.5 58
590.6 117
590.7 172
590.7 133
590.8 134
590.9 216
590.9 374
591.0 479
591.1 486
591.1 405
591.2 423
591.3 491
591.3 583
591.4 592
591.5 378
591.5 233
591.6 92
591.7 89
591.7 156
591.8 246
591.9 175
591.9 160
592.0 311
592.1 424
592.1 550
592.2 410
592.3 359
592.3 338
592.4 296
592.5 328
592.5 307
592.6 172
592.7 93
592.7 41
592.8 43
592.9 70
592.9 184
593.0 188
593.1 89
593.1 117
593.2 156
593.3 149
593.3 137
593.4 60
593.5 29
593.5 12
593.6 34
593.7 63
593.7 27
593.8 51
593.9 94
593.9 155
594.0 216
594.1 209
594.1 173
594.2 182
594.3 189
594.3 140
594.4 88
594.5 64
594.5 27
594.6 14
594.7 37
594.7 79
594.8 129
594.9 260
594.9 233
595.0 194
595.1 184
595.1 255
595.2 192
595.3 182
595.3 183
595.4 168
595.5 119
595.5 88
595.6 71
595.7 47
595.7 69
595.8 123
595.9 77
595.9 49
596.0 76
596.1 80
596.1 84
596.2 45
596.3 34
596.3 81
596.4 57
596.5 61
596.5 74
596.6 108
596.7 165
596.7 164
596.8 79
596.9 130
596.9 138
597.0 119
597.1 167
597.1 160
597.2 222
597.3 203
597.3 185
597.4 119
597.5 79
597.5 45
597.6 22
597.7 58
597.7 182
597.8 228
597.9 111
597.9 45
598.0 122
598.1 164
598.1 137
598.2 174
598.3 131
598.3 61
598.4 81
598.5 101
598.5 66
598.6 96
598.7 158
598.7 116
598.8 102
598.9 66
598.9 96
599.0 169
599.1 170
599.1 167
599.2 118
599.3 194
599.3 304
599.4 365
599.5 394
599.5 383
599.6 300
599.7 158
599.7 220
599.8 430
599.9 343
599.9 212
600.0 147
600.1 73
600.1 43
600.2 46
600.3 124
600.3 123
600.4 154
600.5 91
600.5 22
600.6 86
600.7 227
600.7 399
600.8 442
600.9 231
600.9 239
601.0 275
601.1 278
601.1 308
601.2 270
601.3 171
601.3 142
601.4 106
601.5 51
601.5 63
601.6 97
601.7 132
601.7 163
601.8 195
601.9 201
601.9 182
602.0 157
602.1 100
602.1 140
602.2 281
602.3 416
602.3 324
602.4 311
602.5 310
602.5 257
602.6 327
602.7 384
602.7 342
602.8 277
602.9 287
602.9 258
603.0 292
603.1 327
603.1 243
603.2 219
603.3 341
603.3 375
603.4 263
603.5 127
603.5 98
603.6 147
603.7 159
603.7 130
603.8 178
603.9 268
603.9 279
604.0 257
604.1 191
604.1 213
604.2 141
604.3 99
604.3 114
604.4 152
604.5 132
604.5 98
604.6 219
604.7 197
604.7 99
604.8 128
604.9 271
604.9 364
605.0 310
605.1 236
605.1 165
605.2 244
605.3 418
605.3 483
605.4 553
605.5 644
605.5 461
605.6 338
605.7 363
605.7 373
605.8 319
605.9 293
605.9 439
606.0 573
606.1 568
606.1 621
606.2 788
606.3 807
606.3 815
606.4 718
606.5 471
606.5 396
606.6 455
606.7 524
606.7 511
606.8 583
606.9 584
606.9 614
607.0 672
607.1 709
607.1 561
607.2 507
607.3 526
607.3 479
607.4 529
607.5 440
607.5 270
607.6 208
607.7 118
607.7 71
607.8 79
607.9 145
607.9 152
608.0 135
608.1 205
608.1 371
608.2 478
608.3 417
608.3 251
608.4 167
608.5 147
608.5 94
608.6 103
608.7 124
608.7 161
608.8 181
608.9 267
608.9 214
609.0 173
609.1 243
609.1 208
609.2 200
609.3 274
609.3 329
609.4 215
609.5 147
609.5 112
609.6 157
609.7 253
609.7 274
609.8 333
609.9 601
609.9 735
610.0 561
610.1 446
610.1 379
610.2 279
610.3 270
610.3 337
610.4 281
610.5 211
610.5 191
610.6 206
610.7 325
610.7 366
610.8 348
610.9 350
610.9 540
611.0 690
611.1 846
611.1 919
611.2 877
611.3 778
611.3 558
611.4 420
611.5 331
611.5 226
611.6 165
611.7 123
611.7 59
611.8 59
611.9 69
611.9 30
612.0 12
612.1 44
612.1 117
612.2 144
612.3 188
612.3 132
612.4 109
612.5 161
612.5 162
612.6 81
612.7 38
612.7 50
612.8 46
612.9 49
612.9 42
613.0 45
613.1 37
613.1 61
613.2 79
613.3 130
613.3 96
613.4 118
613.5 72
613.5 29
613.6 89
613.7 156
613.7 168
613.8 104
613.9 125
613.9 356
614.0 371
614.1 160
614.1 144
614.2 75
614.3 40
614.3 82
614.4 132
614.5 105
614.5 84
614.6 74
614.7 42
614.7 40
614.8 78
614.9 137
614.9 191
615.0 155
615.1 128
615.1 86
615.2 161
615.3 180
615.3 164
615.4 159
615.5 144
615.5 86
615.6 37
615.7 72
615.7 42
615.8 9
615.9 90
615.9 150
616.0 108
616.1 93
616.1 78
616.2 24
616.3 67
616.3 79
616.4 50
616.5 50
616.5 46
616.6 24
616.7 27
616.7 62
616.8 23
616.9 4
616.9 17
617.0 26
617.1 25
617.1 27
617.2 55
617.3 101
617.3 38
617.4 23
617.5 42
617.5 61
617.6 57
617.7 2
617.7 0
617.8 0
617.9 0
617.9 1
618.0 17
618.1 53
618.1 69
618.2 53
618.3 35
618.3 12
618.4 114
618.5 82
618.5 24
618.6 12
618.7 16
618.7 10
618.8 26
618.9 21
618.9 39
619.0 52
619.1 81
619.1 114
619.2 92
619.3 18
619.3 3
619.4 48
619.5 48
619.5 18
619.6 1
619.7 0
619.7 0
619.8 0
619.9 0
619.9 0
620.0 0
620.1 20
620.1 74
620.2 130
620.3 115
620.3 46
620.4 9
620.5 4
620.5 13
620.6 9
620.7 10
620.7 31
620.8 115
620.9 207
620.9 223
621.0 206
621.1 182
621.1 177
621.2 122
621.3 194
621.3 239
621.4 292
621.5 248
621.5 138
621.6 50
621.7 23
621.7 18
621.8 63
621.9 173
621.9 346
622.0 494
622.1 531
622.1 570
622.2 397
622.3 226
622.3 216
622.4 161
622.5 151
622.5 65
622.6 47
622.7 70
622.7 106
622.8 161
622.9 203
622.9 179
623.0 157
623.1 199
623.1 205
623.2 202
623.3 205
623.3 90
623.4 50
623.5 44
623.5 32
623.6 16
623.7 3
623.7 17
623.8 47
623.9 44
623.9 22
624.0 52
624.1 98
624.1 212
624.2 269
624.3 246
624.3 112
624.4 93
624.5 124
624.5 132
624.6 145
624.7 94
624.7 101
624.8 188
624.9 188
624.9 205
625.0 172
625.1 189
625.1 153
625.2 124
625.3 310
625.3 321
625.4 245
625.5 170
625.5 130
625.6 161
625.7 209
625.7 346
625.8 456
625.9 600
625.9 835
626.0 833
626.1 805
626.1 921
626.2 943
626.3 947
626.3 1076
626.4 1236
626.5 1117
626.5 1039
626.6 1054
626.7 1285
626.7 1523
626.8 2065
626.9 2287
626.9 2435
627.0 2236
627.1 1853
627.1 1495
627.2 1562
627.3 1577
627.3 1255
627.4 876
627.5 568
627.5 404
627.6 292
627.7 306
627.7 241
627.8 121
627.9 124
627.9 210
628.0 310
628.1 373
628.1 298
628.2 215
628.3 240
628.3 286
628.4 249
628.5 208
628.5 128
628.6 93
628.7 88
628.7 103
628.8 229
628.9 368
628.9 415
629.0 302
629.1 367
629.1 469
629.2 439
629.3 383
629.3 295
629.4 321
629.5 356
629.5 214
629.6 122
629.7 103
629.7 99
629.8 67
629.9 54
629.9 80
630.0 167
630.1 166
630.1 143
630.2 81
630.3 39
630.3 40
630.4 37
630.5 38
630.5 64
630.6 26
630.7 23
630.7 40
630.8 62
630.9 62
630.9 34
631.0 8
631.1 8
631.1 17
631.2 16
631.3 60
631.3 132
631.4 138
631.5 112
631.5 78
631.6 78
631.7 79
631.7 150
631.8 261
631.9 178
631.9 34
632.0 25
632.1 43
632.1 27
632.2 33
632.3 13
632.3 5
632.4 1
632.5 6
632.5 30
632.6 47
632.7 38
632.7 92
632.8 163
632.9 153
632.9 126
633.0 62
633.1 12
633.1 23
633.2 49
633.3 96
633.3 79
633.4 55
633.5 8
633.5 8
633.6 28
633.7 48
633.7 50
633.8 40
633.9 95
633.9 105
634.0 45
634.1 42
634.1 45
634.2 40
634.3 24
634.3 6
634.4 0
634.5 0
634.5 5
634.6 30
634.7 59
634.7 20
634.8 19
634.9 41
634.9 48
635.0 29
635.1 42
635.1 27
635.2 6
635.3 0
635.3 9
635.4 23
635.5 22
635.5 9
635.6 2
635.7 40
635.7 91
635.8 46
635.9 29
635.9 42
636.0 33
636.1 22
636.1 107
636.2 70
636.3 27
636.3 86
636.4 169
636.5 132
636.5 81
636.6 9
636.7 25
636.7 56
636.8 22
636.9 24
636.9 55
637.0 67
637.1 66
637.1 19
637.2 21
637.3 72
637.3 81
637.4 85
637.5 68
637.5 42
637.6 27
637.7 50
637.7 83
637.8 39
637.9 31
637.9 45
638.0 78
638.1 161
638.1 195
638.2 138
638.3 183
638.3 195
638.4 263
638.5 289
638.5 262
638.6 268
638.7 316
638.7 348
638.8 530
638.9 694
638.9 919
639.0 1367
639.1 1635
639.1 1702
639.2 1608
639.3 1585
639.3 1505
639.4 1299
639.5 844
639.5 648
639.6 588
639.7 472
639.7 506
639.8 662
639.9 780
639.9 807
640.0 1266
640.1 1466
640.1 1463
640.2 1709
640.3 1728
640.3 1285
640.4 929
640.5 564
640.5 311
640.6 288
640.7 300
640.7 337
640.8 502
640.9 462
640.9 341
641.0 333
641.1 276
641.1 257
641.2 218
641.3 240
641.3 325
641.4 251
641.5 248
641.5 262
641.6 146
641.7 70
641.7 47
641.8 27
641.9 48
641.9 107
642.0 141
642.1 106
642.1 102
642.2 295
642.3 383
642.3 302
642.4 214
642.5 178
642.5 148
642.6 161
642.7 145
642.7 93
642.8 52
642.9 43
642.9 68
643.0 62
643.1 106
643.1 148
643.2 182
643.3 219
643.3 201
643.4 199
643.5 195
643.5 123
643.6 71
643.7 55
643.7 21
643.8 46
643.9 84
643.9 97
644.0 122
644.1 110
644.1 181
644.2 231
644.3 168
644.3 117
644.4 233
644.5 205
644.5 124
644.6 161
644.7 120
644.7 117
644.8 187
644.9 311
644.9 183
645.0 78
645.1 129
645.1 164
645.2 105
645.3 73
645.3 175
645.4 291
645.5 284
645.5 248
645.6 166
645.7 102
645.7 111
645.8 111
645.9 63
645.9 127
646.0 97
646.1 67
646.1 136
646.2 193
646.3 198
646.3 136
646.4 114
646.5 124
646.5 77
646.6 34
646.7 88
646.7 213
646.8 265
646.9 191
646.9 217
647.0 264
647.1 231
647.1 231
647.2 349
647.3 506
647.3 412
647.4 203
647.5 123
647.5 107
647.6 108
647.7 220
647.7 219
647.8 161
647.9 133
647.9 110
648.0 66
648.1 74
648.1 52
648.2 97
648.3 137
648.3 100
648.4 17
648.5 7
648.5 11
648.6 14
648.7 16
648.7 67
648.8 94
648.9 44
648.9 23
649.0 99
649.1 172
649.1 200
649.2 115
649.3 86
649.3 58
649.4 19
649.5 15
649.5 44
649.6 21
649.7 15
649.7 27
649.8 5
649.9 30
649.9 115
650.0 90
650.1 39
650.1 7
650.2 28
650.3 142
650.3 214
650.4 57
650.5 6
650.5 3
650.6 19
650.7 25
650.7 12
650.8 29
650.9 64
650.9 40
651.0 42
651.1 137
651.1 207
651.2 91
651.3 56
651.3 122
651.4 80
651.5 50
651.5 39
651.6 42
651.7 60
651.7 75
651.8 54
651.9 27
651.9 31
652.0 55
652.1 77
652.1 83
652.2 88
652.3 139
652.3 44
652.4 20
652.5 41
652.5 21
652.6 4
652.7 2
652.7 19
652.8 45
652.9 97
652.9 124
653.0 137
653.1 118
653.1 115
653.2 216
653.3 240
653.3 166
653.4 121
653.5 40
653.5 124
653.6 103
653.7 77
653.7 114
653.8 176
653.9 205
653.9 351
654.0 518
654.1 657
654.1 685
654.2 593
654.3 538
654.3 407
654.4 239
654.5 203
654.5 187
654.6 111
654.7 101
654.7 270
654.8 358
654.9 433
654.9 532
655.0 698
655.1 849
655.1 1041
655.2 911
655.3 911
655.3 1015
655.4 771
655.5 578
655.5 438
655.6 310
655.7 222
655.7 200
655.8 248
655.9 291
655.9 315
656.0 448
656.1 690
656.1 1020
656.2 929
656.3 1021
656.3 951
656.4 1002
656.5 1082
656.5 886
656.6 775
656.7 514
656.7 301
656.8 232
656.9 231
656.9 216
657.0 224
657.1 288
657.1 301
657.2 129
657.3 71
657.3 71
657.4 47
657.5 70
657.5 46
657.6 13
657.7 14
657.7 20
657.8 11
657.9 76
657.9 57
658.0 14
658.1 13
658.1 57
658.2 25
658.3 16
658.3 26
658.4 11
658.5 8
658.5 12
658.6 15
658.7 32
658.7 32
658.8 30
658.9 33
658.9 14
659.0 41
659.1 65
659.1 42
659.2 62
659.3 31
659.3 3
659.4 60
659.5 87
659.5 72
659.6 33
659.7 8
659.7 0
659.8 8
659.9 47
659.9 73
660.0 45
660.1 18
660.1 53
660.2 26
660.3 13
660.3 26
660.4 28
660.5 71
660.5 126
660.6 104
660.7 51
660.7 7
660.8 27
660.9 39
660.9 22
661.0 5
661.1 0
661.1 5
661.2 8
661.3 2
661.3 0
661.4 0
661.5 6
661.5 41
661.6 61
661.7 29
661.7 27
661.8 26
661.9 15
661.9 22
662.0 63
662.1 35
662.1 4
662.2 14
662.3 50
662.3 62
662.4 8
662.5 12
662.5 29
662.6 36
662.7 50
662.7 102
662.8 149
662.9 99
662.9 49
663.0 137
663.1 194
663.1 180
663.2 123
663.3 161
663.3 113
663.4 123
663.5 125
663.5 84
663.6 75
663.7 68
663.7 45
663.8 11
663.9 6
663.9 19
664.0 31
664.1 35
664.1 19
664.2 5
664.3 67
664.3 134
664.4 137
664.5 163
664.5 62
664.6 70
664.7 136
664.7 177
664.8 157
664.9 112
664.9 183
665.0 135
665.1 58
665.1 133
665.2 275
665.3 244
665.3 204
665.4 220
665.5 294
665.5 200
665.6 92
665.7 118
665.7 66
665.8 35
665.9 82
665.9 239
666.0 416
666.1 511
666.1 541
666.2 784
666.3 959
666.3 745
666.4 466
666.5 493
666.5 613
666.6 653
666.7 933
666.7 1290
666.8 1560
666.9 2030
666.9 2782
667.1 4017
667.1 5455
667.1 7350
667.2 9660
667.3 11507
667.3 12896
667.0 13161
667.5 11469
667.5 8294
667.6 4984
667.7 3057
667.7 1587
667.8 712
667.9 457
667.9 282
668.0 130
668.1 107
668.1 198
668.2 172
668.3 105
668.3 41
668.4 24
668.5 44
668.5 42
668.6 57
668.7 86
668.7 72
668.8 46
668.9 18
668.9 76
669.0 170
669.1 204
669.1 174
669.2 112
669.3 52
669.3 107
669.4 220
669.5 155
669.5 75
669.6 56
669.7 54
669.7 52
669.8 74
669.9 185
669.9 316
670.0 287
670.1 281
670.1 364
670.2 405
670.3 410
670.3 435
670.4 457
670.5 404
670.5 279
670.6 152
670.7 133
670.7 215
670.8 330
670.9 361
670.9 346
671.0 305
671.1 471
671.1 534
671.2 591
671.3 547
671.3 568
671.4 512
671.5 326
671.5 148
671.6 140
671.7 66
671.7 70
671.8 80
671.9 57
671.9 31
672.0 34
672.1 5
672.1 0
672.2 36
672.3 88
672.3 54
672.4 35
672.5 21
672.5 7
672.6 0
672.7 0
672.7 0
672.8 1
672.9 21
672.9 80
673.0 114
673.1 77
673.1 101
673.2 100
673.3 46
673.3 39
673.4 58
673.5 24
673.5 15
673.6 18
673.7 8
673.7 9
673.8 49
673.9 91
673.9 82
674.0 37
674.1 28
674.1 68
674.2 69
674.3 4
674.3 42
674.4 55
674.5 78
674.5 96
674.6 82
674.7 49
674.7 20
674.8 5
674.9 0
674.9 0
675.0 0
675.1 0
675.1 0
675.2 23
675.3 95
675.3 158
675.4 99
675.5 69
675.5 175
675.6 210
675.7 114
675.7 57
675.8 4
675.9 9
675.9 13
676.0 8
676.1 2
676.1 0
676.2 0
676.3 0
676.3 5
676.4 20
676.5 50
676.5 97
676.6 91
676.7 49
676.7 38
676.8 49
676.9 65
676.9 53
677.0 34
677.1 161
677.1 241
677.2 188
677.3 122
677.3 94
677.4 65
677.5 47
677.5 18
677.6 12
677.7 50
677.7 101
677.8 80
677.9 42
677.9 31
678.0 39
678.1 30
678.1 69
678.2 73
678.3 33
678.3 12
678.4 19
678.5 26
678.5 6
678.6 0
678.7 0
678.7 0
678.8 0
678.9 31
678.9 104
679.0 107
679.1 31
679.1 26
679.2 55
679.3 26
679.3 51
679.4 88
679.5 103
679.5 179
679.6 139
679.7 53
679.7 8
679.8 20
679.9 53
679.9 39
680.0 73
680.1 142
680.1 149
680.2 124
680.3 89
680.3 46
680.4 44
680.5 67
680.5 51
680.6 26
680.7 16
680.7 3
680.8 44
680.9 165
680.9 245
681.0 314
681.1 409
681.1 445
681.2 477
681.3 291
681.3 194
681.4 148
681.5 200
681.5 196
681.6 231
681.7 166
681.7 116
681.8 173
681.9 301
681.9 283
682.0 193
682.1 175
682.1 306
682.2 334
682.3 284
682.3 299
682.4 268
682.5 284
682.5 245
682.6 145
682.7 81
682.7 212
682.8 432
682.9 626
682.9 724
683.0 808
683.1 718
683.1 777
683.2 795
683.3 862
683.3 839
683.4 692
683.5 510
683.5 287
683.6 183
683.7 280
683.7 370
683.8 206
683.9 106
683.9 139
684.0 164
684.1 192
684.1 182
684.2 219
684.3 155
684.3 153
684.4 222
684.5 254
684.5 171
684.6 78
684.7 44
684.7 62
684.8 88
684.9 103
684.9 92
685.0 71
685.1 123
685.1 128
685.2 91
685.3 34
685.3 27
685.4 63
685.5 75
685.5 40
685.6 20
685.7 17
685.7 14
685.8 26
685.9 51
685.9 75
686.0 102
686.1 74
686.1 25
686.2 7
686.3 12
686.3 27
686.4 20
686.5 9
686.5 47
686.6 70
686.7 64
686.7 52
686.8 16
686.9 1
686.9 0
687.0 0
687.1 0
687.1 0
687.2 0
687.3 0
687.3 28
687.4 51
687.5 29
687.5 35
687.6 115
687.7 127
687.7 4
687.8 6
687.9 27
687.9 51
688.0 40
688.1 39
688.1 58
688.2 42
688.3 15
688.3 2
688.4 1
688.5 10
688.5 40
688.6 80
688.7 58
688.7 52
688.8 74
688.9 106
688.9 54
689.0 80
689.1 220
689.1 290
689.2 301
689.3 251
689.3 185
689.4 129
689.5 80
689.5 12
689.6 8
689.7 18
689.7 6
689.8 12
689.9 88
689.9 103
690.0 131
690.1 158
690.1 334
690.2 337
690.3 257
690.3 165
690.4 170
690.5 144
690.5 152
690.6 141
690.7 88
690.7 134
690.8 330
690.9 492
690.9 567
691.0 732
691.1 850
691.1 724
691.2 549
691.3 500
691.3 469
691.4 232
691.5 194
691.5 163
691.6 114
691.7 71
691.7 35
691.8 43
691.9 64
691.9 109
692.0 152
692.1 262
692.1 323
692.2 302
692.3 165
692.3 103
692.4 101
692.5 72
692.5 71
692.6 92
692.7 55
692.7 91
692.8 104
692.9 68
692.9 43
693.0 28
693.1 63
693.1 92
693.2 133
693.3 182
693.3 168
693.4 101
693.5 50
693.5 53
693.6 60
693.7 50
693.7 16
693.8 2
693.9 10
693.9 7
694.0 2
694.1 21
694.1 122
694.2 171
694.3 76
694.3 3
694.4 10
694.5 24
694.5 10
694.6 48
694.7 94
694.7 109
694.8 113
694.9 118
694.9 96
695.0 76
695.1 168
695.1 364
695.2 495
695.3 450
695.3 317
695.4 194
695.5 172
695.5 98
695.6 84
695.7 43
695.7 2
695.8 17
695.9 56
695.9 42
696.0 35
696.1 85
696.1 128
696.2 137
696.3 88
696.3 65
696.4 36
696.5 18
696.5 36
696.6 80
696.7 86
696.7 58
696.8 48
696.9 73
696.9 108
697.0 132
697.1 72
697.1 34
697.2 71
697.3 115
697.3 68
697.4 93
697.5 202
697.5 283
697.6 242
697.7 224
697.7 182
697.8 140
697.9 80
697.9 57
698.0 28
698.1 77
698.1 215
698.2 299
698.3 207
698.3 90
698.4 114
698.5 158
698.5 221
698.6 238
698.7 167
698.7 72
698.8 70
698.9 92
698.9 124
699.0 151
699.1 126
699.1 110
699.2 66
699.3 138
699.3 157
699.4 133
699.5 129
699.5 130
699.6 141
699.7 88
699.7 31
699.8 12
699.9 27
699.9 13
700.0 2
700.1 30
700.1 95
700.2 78
700.3 41
700.3 42
700.4 19
700.5 4
700.5 0
700.6 0
700.7 0
700.7 0
700.8 0
700.9 0
700.9 0
701.0 0
701.1 0
701.1 7
701.2 18
701.3 21
701.3 19
701.4 3
701.5 0
701.5 0
701.6 0
701.7 0
701.7 0
701.8 0
701.9 0
701.9 0
702.0 0
702.1 0
702.1 0
702.2 0
702.3 0
702.3 0
702.4 19
702.5 25
702.5 12
702.6 2
702.7 0
702.7 6
702.8 29
702.9 22
702.9 4
703.0 1
703.1 0
703.1 7
703.2 16
703.3 12
703.3 3
703.4 9
703.5 20
703.5 16
703.6 4
703.7 46
703.7 133
703.8 90
703.9 26
703.9 3
704.0 0
704.1 0
704.1 20
704.2 53
704.3 45
704.3 14
704.4 2
704.5 0
704.5 57
704.6 71
704.7 34
704.7 5
704.8 4
704.9 16
704.9 18
705.0 71
705.1 62
705.1 91
705.2 140
705.3 21
705.3 11
705.4 36
705.5 39
705.5 20
705.6 16
705.7 10
705.7 11
705.8 3
705.9 10
705.9 36
706.0 50
706.1 32
706.1 10
706.2 2
706.3 0
706.3 0
706.4 0
706.5 6
706.5 14
706.6 2
706.7 0
706.7 0
706.8 0
706.9 0
706.9 0
707.0 7
707.1 27
707.1 15
707.2 11
707.3 39
707.3 79
707.4 110
707.5 88
707.5 46
707.6 90
707.7 114
707.7 110
707.8 241
707.9 409
707.9 452
708.0 745
708.1 1127
708.1 1425
708.2 1446
708.3 1708
708.3 1735
708.4 1652
708.5 1546
708.5 1327
708.6 941
708.7 802
708.7 873
708.8 1102
708.9 1379
708.9 1577
709.1 1854
709.1 2234
709.1 2802
709.0 2931
709.3 2735
709.3 2461
709.4 2179
709.5 1748
709.5 1059
709.6 591
709.7 308
709.7 404
709.8 379
709.9 215
709.9 165
710.0 436
710.1 507
710.1 525
710.2 467
710.3 381
710.3 212
710.4 176
710.5 167
710.5 62
710.6 11
710.7 29
710.7 66
710.8 66
710.9 79
710.9 83
711.0 87
711.1 128
711.1 129
711.2 113
711.3 85
711.3 98
711.4 92
711.5 139
711.5 68
711.6 16
711.7 2
711.7 0
711.8 0
711.9 0
711.9 0
712.0 1
712.1 13
712.1 38
712.2 71
712.3 175
712.3 262
712.4 179
712.5 157
712.5 166
712.6 88
712.7 27
712.7 6
712.8 1
712.9 0
712.9 0
713.0 0
713.1 0
713.1 2
713.2 39
713.3 77
713.3 51
713.4 1
713.5 0
713.5 0
713.6 0
713.7 0
713.7 0
713.8 0
713.9 0
713.9 6
714.0 14
714.1 4
714.1 0
714.2 0
714.3 0
714.3 0
714.4 0
714.5 0
714.5 0
714.6 0
714.7 0
714.7 0
714.8 0
714.9 0
714.9 0
715.0 0
715.1 0
715.1 0
715.2 0
715.3 0
715.3 0
715.4 0
715.5 0
715.5 0
715.6 0
715.7 0
715.7 0
715.8 0
715.9 0
715.9 0
716.0 0
716.1 0
716.1 0
716.2 0
716.3 0
716.3 0
716.4 0
716.5 0
716.5 0
716.6 0
716.7 0
716.7 0
716.8 0
716.9 0
716.9 0
717.0 3
717.1 17
717.1 26
717.2 30
717.3 89
717.3 119
717.4 183
717.5 92
717.5 42
717.6 8
717.7 11
717.7 49
717.8 70
717.9 9
717.9 2
718.0 0
718.1 22
718.1 46
718.2 75
718.3 70
718.3 44
718.4 29
718.5 6
718.5 0
718.6 0
718.7 0
718.7 0
718.8 0
718.9 0
718.9 0
719.0 0
719.1 0
719.1 0
719.2 0
719.3 0
719.3 0
719.4 0
719.5 0
719.5 0
719.6 0
719.7 9
719.7 50
719.8 79
719.9 11
719.9 2
720.0 0
720.1 0
720.1 0
720.2 0
720.3 0
720.3 0
720.4 0
720.5 0
720.5 0
720.6 0
720.7 0
720.7 0
720.8 0
720.9 0
720.9 0
721.0 0
721.1 0
721.1 0
721.2 0
721.3 0
721.3 0
721.4 0
721.5 0
721.5 0
721.6 0
721.7 0
721.7 0
721.8 0
721.9 0
721.9 0
722.0 0
722.1 0
722.1 0
722.2 0
722.3 0
722.3 0
722.4 0
722.5 0
722.5 0
722.6 0
722.7 0
722.7 0
722.8 0
722.9 0
722.9 2
723.0 10
723.1 10
723.1 4
723.2 14
723.3 36
723.3 7
723.4 0
723.5 0
723.5 0
723.6 0
723.7 0
723.7 0
723.8 0
723.9 0
723.9 3
724.0 26
724.1 48
724.1 32
724.2 1
724.3 0
724.3 0
724.4 0
724.5 6
724.5 18
724.6 16
724.7 9
724.7 34
724.8 80
724.9 80
724.9 10
725.0 19
725.1 66
725.1 50
725.2 78
725.3 141
725.3 114
725.4 138
725.5 335
725.5 684
725.6 921
725.7 1452
725.7 2491
725.8 3413
725.9 5053
725.9 6840
726.0 8373
726.1 10402
726.1 12530
726.2 15508
726.3 16209
726.3 14406
726.4 12475
726.5 11852
726.5 11292
726.6 10782
726.7 9936
726.7 10578
726.8 12461
726.9 13675
726.9 13983
727.1 14936
727.1 16788
727.0 17671
727.1 16883
727.3 15278
727.3 14088
727.4 11740
727.5 8990
727.5 7153
727.6 5811
727.7 3926
727.7 2180
727.8 1259
727.9 950
727.9 1005
728.0 761
728.1 587
728.1 424
728.2 436
728.3 525
728.3 443
728.4 284
728.5 209
728.5 197
728.6 183
728.7 104
728.7 52
728.8 40
728.9 34
728.9 13
729.0 0
729.1 0
729.1 0
729.2 0
729.3 0
729.3 0
729.4 0
729.5 0
729.5 14
729.6 11
729.7 3
729.7 0
729.8 0
729.9 0
729.9 0
730.0 0
730.1 0
730.1 0
730.2 0
730.3 0
730.3 0
730.4 0
730.5 0
730.5 0
730.6 0
730.7 0
730.7 0
730.8 0
730.9 37
730.9 24
731.0 6
731.1 1
731.1 0
731.2 0
731.3 0
731.3 0
731.4 0
731.5 0
731.5 0
731.6 0
731.7 0
731.7 0
731.8 0
731.9 0
731.9 27
732.0 67
732.1 17
732.1 1
732.2 3
732.3 12
732.3 5
732.4 1
732.5 0
732.5 0
732.6 0
732.7 0
732.7 0
732.8 0
732.9 0
732.9 0
733.0 0
733.1 0
733.1 0
733.2 0
733.3 0
733.3 0
733.4 0
733.5 0
733.5 0
733.6 0
733.7 0
733.7 0
733.8 0
733.9 0
733.9 0
734.0 0
734.1 0
734.1 0
734.2 0
734.3 0
734.3 0
734.4 0
734.5 0
734.5 0
734.6 0
734.7 0
734.7 0
734.8 72
734.9 54
734.9 14
735.0 0
735.1 0
735.1 0
735.2 0
735.3 0
735.3 0
735.4 0
735.5 0
735.5 0
735.6 0
735.7 0
735.7 0
735.8 0
735.9 0
735.9 0
736.0 0
736.1 0
736.1 0
736.2 0
736.3 0
736.3 0
736.4 0
736.5 0
736.5 0
736.6 0
736.7 0
736.7 0
736.8 0
736.9 0
736.9 0
737.0 0
737.1 0
737.1 0
737.2 0
737.3 0
737.3 0
737.4 0
737.5 0
737.5 0
737.6 0
737.7 0
737.7 0
737.8 0
737.9 0
737.9 0
738.0 0
738.1 0
738.1 0
738.2 0
738.3 0
738.3 0
738.4 0
738.5 0
738.5 0
738.6 0
738.7 0
738.7 0
738.8 0
738.9 0
738.9 0
739.0 4
739.1 8
739.1 5
739.2 0
739.3 0
739.3 0
739.4 0
739.5 5
739.5 15
739.6 3
739.7 0
739.7 0
739.8 0
739.9 0
739.9 0
740.0 0
740.1 0
740.1 9
740.2 37
740.3 49
740.3 25
740.4 1
740.5 0
740.5 7
740.6 19
740.7 17
740.7 5
740.8 0
740.9 0
740.9 0
741.0 0
741.1 0
741.1 5
741.2 21
741.3 37
741.3 20
741.4 2
741.5 0
741.5 0
741.6 0
741.7 0
741.7 0
741.8 0
741.9 3
741.9 10
742.0 55
742.1 81
742.1 38
742.2 1
742.3 0
742.3 0
742.4 0
742.5 0
742.5 0
742.6 0
742.7 0
742.7 0
742.8 0
742.9 0
742.9 0
743.0 0
743.1 0
743.1 0
743.2 0
743.3 0
743.3 0
743.4 0
743.5 0
743.5 0
743.6 0
743.7 0
743.7 0
743.8 0
743.9 0
743.9 0
744.0 1
744.1 7
744.1 36
744.2 38
744.3 8
744.3 0
744.4 0
744.5 0
744.5 0
744.6 0
744.7 0
744.7 0
744.8 0
744.9 0
744.9 0
745.0 0
745.1 0
745.1 0
745.2 0
745.3 0
745.3 0
745.4 0
745.5 0
745.5 0
745.6 0
745.7 0
745.7 0
745.8 0
745.9 0
745.9 0
746.0 0
746.1 0
746.1 0
746.2 0
746.3 0
746.3 0
746.4 0
746.5 0
746.5 0
746.6 0
746.7 0
746.7 0
746.8 0
746.9 0
746.9 0
747.0 0
747.1 0
747.1 0
747.2 5
747.3 16
747.3 47
747.4 61
747.5 37
747.5 9
747.6 1
747.7 0
747.7 0
747.8 0
747.9 0
747.9 0
748.0 16
748.1 20
748.1 10
748.2 3
748.3 2
748.3 0
748.4 0
748.5 0
748.5 0
748.6 0
748.7 0
748.7 0
748.8 0
748.9 11
748.9 42
749.0 22
749.1 4
749.1 0
749.2 2
749.3 17
749.3 28
749.4 23
749.5 15
749.5 12
749.6 22
749.7 16
749.7 4
749.8 0
749.9 0
749.9 0
750.0 0
750.1 0
750.1 0
750.2 0
750.3 0
750.3 0
750.4 0
750.5 0
750.5 0
750.6 0
750.7 0
750.7 0
750.8 0
750.9 0
750.9 0
751.0 0
751.1 0
751.1 9
751.2 36
751.3 46
751.3 33
751.4 27
751.5 35
751.5 17
751.6 92
751.7 117
751.7 91
751.8 16
751.9 1
751.9 3
752.0 1
752.1 0
752.1 0
752.2 0
752.3 0
752.3 0
752.4 0
752.5 0
752.5 0
752.6 0
752.7 0
752.7 0
752.8 0
752.9 0
752.9 11
753.0 30
753.1 27
753.1 9
753.2 1
753.3 18
753.3 44
753.4 16
753.5 2
753.5 0
753.6 0
753.7 0
753.7 0
753.8 0
753.9 0
753.9 0
754.0 0
754.1 0
754.1 0
754.2 0
754.3 0
754.3 0
754.4 0
754.5 13
754.5 33
754.6 28
754.7 1
754.7 0
754.8 0
754.9 0
754.9 0
755.0 0
755.1 8
755.1 6
755.2 1
755.3 0
755.3 0
755.4 0
755.5 0
755.5 0
755.6 0
755.7 0
755.7 0
755.8 0
755.9 0
755.9 0
756.0 0
756.1 0
756.1 0
756.2 0
756.3 0
756.3 0
756.4 0
756.5 0
756.5 0
756.6 0
756.7 0
756.7 0
756.8 0
756.9 0
756.9 0
757.0 0
757.1 0
757.1 0
757.2 0
757.3 0
757.3 0
757.4 0
757.5 0
757.5 0
757.6 0
757.7 0
757.7 0
757.8 0
757.9 0
757.9 0
758.0 0
758.1 0
758.1 0
758.2 0
758.3 0
758.3 0
758.4 0
758.5 0
758.5 0
758.6 0
758.7 0
758.7 0
758.8 0
758.9 0
758.9 0
759.0 0
759.1 0
759.1 0
759.2 0
759.3 6
759.3 18
759.4 5
759.5 0
759.5 0
759.6 0
759.7 0
759.7 0
759.8 0
759.9 0
759.9 0
760.0 0
760.1 0
760.1 0
760.2 0
760.3 0
760.3 0
760.4 0
760.5 0
760.5 0
760.6 0
760.7 0
760.7 15
760.8 15
760.9 6
760.9 0
761.0 0
761.1 0
761.1 0
761.2 0
761.3 0
761.3 0
761.4 0
761.5 0
761.5 0
761.6 0
761.7 0
761.7 0
761.8 0
761.9 0
761.9 0
762.0 0
762.1 0
762.1 0
762.2 0
762.3 0
762.3 0
762.4 0
762.5 0
762.5 0
762.6 0
762.7 0
762.7 0
762.8 0
762.9 0
762.9 0
763.0 0
763.1 0
763.1 0
763.2 0
763.3 0
763.3 0
763.4 0
763.5 0
763.5 0
763.6 0
763.7 0
763.7 0
763.8 0
763.9 0
763.9 15
764.0 42
764.1 13
764.1 0
764.2 0
764.3 0
764.3 0
764.4 0
764.5 0
764.5 0
764.6 0
764.7 0
764.7 0
764.8 8
764.9 75
764.9 99
765.0 64
765.1 26
765.1 0
765.2 16
765.3 53
765.3 43
765.4 1
765.5 62
765.5 52
765.6 16
765.7 1
765.7 0
765.8 0
765.9 0
765.9 0
766.0 0
766.1 0
766.1 6
766.2 10
766.3 8
766.3 3
766.4 26
766.5 75
766.5 84
766.6 59
766.7 118
766.7 35
766.8 21
766.9 56
766.9 39
767.0 6
767.1 45
767.1 77
767.2 73
767.3 71
767.3 55
767.4 67
767.5 85
767.5 45
767.6 54
767.7 59
767.7 41
767.8 47
767.9 61
767.9 96
768.0 66
768.1 29
768.1 47
768.2 93
768.3 16
768.3 0
768.4 3
768.5 18
768.5 22
768.6 0
768.7 0
768.7 0
768.8 0
768.9 0
768.9 1
769.0 11
769.1 25
769.1 10
769.2 3
769.3 2
769.3 0
769.4 0
769.5 0
769.5 0
769.6 0
769.7 0
769.7 0
769.8 0
769.9 0
769.9 0
770.0 0
770.1 0
770.1 0
770.2 0
770.3 0
770.3 0
770.4 0
770.5 0
770.5 0
770.6 0
770.7 0
770.7 0
770.8 0
770.9 0
770.9 0
771.0 0
771.1 0
771.1 0
771.2 0
771.3 0
771.3 0
771.4 0
771.5 6
771.5 32
771.6 50
771.7 28
771.7 5
771.8 0
771.9 0
771.9 0
772.0 0
772.1 0
772.1 0
772.2 0
772.3 0
772.3 0
772.4 0
772.5 0
772.5 0
772.6 0
772.7 0
772.7 0
772.8 0
772.9 0
772.9 0
773.0 0
773.1 0
773.1 0
773.2 0
773.3 15
773.3 50
773.4 37
773.5 55
773.5 22
773.6 2
773.7 1
773.7 0
773.8 0
773.9 0
773.9 0
774.0 0
774.1 0
774.1 0
774.2 0
774.3 0
774.3 0
774.4 0
774.5 0
774.5 0
774.6 0
774.7 0
774.7 0
774.8 0
774.9 0
774.9 0
775.0 0
775.1 0
775.1 0
775.2 0
775.3 0
775.3 0
775.4 0
775.5 0
775.5 0
775.6 0
775.7 0
775.7 0
775.8 0
775.9 0
775.9 0
776.0 0
776.1 0
776.1 0
776.2 0
776.3 0
776.3 0
776.4 0
776.5 0
776.5 0
776.6 0
776.7 0
776.7 0
776.8 0
776.9 0
776.9 0
777.0 0
777.1 0
777.1 0
777.2 0
777.3 0
777.3 0
777.4 0
777.5 0
777.5 0
777.6 0
777.7 0
777.7 0
777.8 0
777.9 0
777.9 0
778.0 0
778.1 0
778.1 26
778.2 34
778.3 17
778.3 3
778.4 0
778.5 0
778.5 0
778.6 0
778.7 0
778.7 0
778.8 0
778.9 0
778.9 0
779.0 0
779.1 0
779.1 0
779.2 0
779.3 0
779.3 0
779.4 0
779.5 0
779.5 3
779.6 11
779.7 22
779.7 28
779.8 5
779.9 0
779.9 0
780.0 0
780.1 0
780.1 0
780.2 0
780.3 0
780.3 0
780.4 0
780.5 0
780.5 0
780.6 0
780.7 0
780.7 0
780.8 0
780.9 0
780.9 0
781.0 0
781.1 15
781.1 19
781.2 10
781.3 2
781.3 0
781.4 0
781.5 0
781.5 0
781.6 0
781.7 0
781.7 0
781.8 0
781.9 0
781.9 0
782.0 0
782.1 4
782.1 14
782.2 2
782.3 0
782.3 0
782.4 0
782.5 0
782.5 0
782.6 0
782.7 0
782.7 0
782.8 0
782.9 0
782.9 0
783.0 0
783.1 0
783.1 0
783.2 0
783.3 0
783.3 5
783.4 13
783.5 9
783.5 2
783.6 0
783.7 0
783.7 0
783.8 0
783.9 0
783.9 0
784.0 0
784.1 0
784.1 0
784.2 0
784.3 0
784.3 0
784.4 0
784.5 0
784.5 0
784.6 0
784.7 0
784.7 0
784.8 0
784.9 0
784.9 0
785.0 0
785.1 0
785.1 0
785.2 0
785.3 0
785.3 0
785.4 0
785.5 0
785.5 0
785.6 0
785.7 0
785.7 0
785.8 0
785.9 0
785.9 0
786.0 0
786.1 0
786.1 0
786.2 0
786.3 0
786.3 0
786.4 0
786.5 0
786.5 0
786.6 0
786.7 0
786.7 0
786.8 0
786.9 0
786.9 0
787.0 0
787.1 0
787.1 0
787.2 0
787.3 0
787.3 0
787.4 0
787.5 0
787.5 0
787.6 0
787.7 0
787.7 0
787.8 0
787.9 0
787.9 0
788.0 0
788.1 0
788.1 0
788.2 0
788.3 0
788.3 0
788.4 0
788.5 0
788.5 0
788.6 0
788.7 0
788.7 0
788.8 0
788.9 0
788.9 0
789.0 7
789.1 36
789.1 35
789.2 8
789.3 10
789.3 36
789.4 21
789.5 4
789.5 1
789.6 0
789.7 0
789.7 0
789.8 0
789.9 0
789.9 0
790.0 0
790.1 0
790.1 0
790.2 0
790.3 0
790.3 0
790.4 0
790.5 0
790.5 0
790.6 0
790.7 0
790.7 0
790.8 0
790.9 0
790.9 0
791.0 0
791.1 0
791.1 0
791.2 0
791.3 0
791.3 0
791.4 0
791.5 0
791.5 0
791.6 0
791.7 0
791.7 0
791.8 0
791.9 0
791.9 0
792.0 0
792.1 0
792.1 0
792.2 0
792.3 0
792.3 0
792.4 0
792.5 0
792.5 0
792.6 0
792.7 0
792.7 0
792.8 0
792.9 0
792.9 0
793.0 0
793.1 0
793.1 0
793.2 0
793.3 0
793.3 0
793.4 6
793.5 16
793.5 11
793.6 2
793.7 0
793.7 0
793.8 0
793.9 0
793.9 0
794.0 0
794.1 0
794.1 0
794.2 0
794.3 0
794.3 0
794.4 0
794.5 0
794.5 0
794.6 0
794.7 0
794.7 0
794.8 0
794.9 0
794.9 0
795.0 0
795.1 0
795.1 0
795.2 1
795.3 23
795.3 70
795.4 28
795.5 4
795.5 1
795.6 0
795.7 0
795.7 0
795.8 0
795.9 0
795.9 0
796.0 0
796.1 0
796.1 0
796.2 0
796.3 0
796.3 0
796.4 0
796.5 0
796.5 0
796.6 0
796.7 0
796.7 0
796.8 0
796.9 0
796.9 0
797.0 0
797.1 0
797.1 0
797.2 0
797.3 0
797.3 0
797.4 0
797.5 0
797.5 0
797.6 0
797.7 0
797.7 0
797.8 0
797.9 0
797.9 0
798.0 0
798.1 0
798.1 0
798.2 0
798.3 0
798.3 0
798.4 0
798.5 0
798.5 0
798.6 0
798.7 0
798.7 0
798.8 0
798.9 0
798.9 0
799.0 0
799.1 0
799.1 0
799.2 0
799.3 0
799.3 0
799.4 0
799.5 0
799.5 0
799.6 0
799.7 0
799.7 0
799.8 0
799.9 0
799.9 0
800.0 0
800.1 0
800.1 0
800.2 0
800.3 0
800.3 0
800.4 0
800.5 0
800.5 0
800.6 0
800.7 0
800.7 0
800.8 0
800.9 0
800.9 0
801.0 0
801.1 0
801.1 6
801.2 45
801.3 25
801.3 6
801.4 1
801.5 0
801.5 0
801.6 0
801.7 0
801.7 0
801.8 0
801.9 0
801.9 0
802.0 0
802.1 0
802.1 0
802.2 0
802.3 0
802.3 0
802.4 0
802.5 0
802.5 0
802.6 0
802.7 0
802.7 0
802.8 0
802.9 0
802.9 0
803.0 0
803.1 0
803.1 0
803.2 0
803.3 3
803.3 1
803.4 71
803.5 84
803.5 37
803.6 6
803.7 0
803.7 0
803.8 0
803.9 0
803.9 0
804.0 0
804.1 0
804.1 0
804.2 0
804.3 0
804.3 0
804.4 0
804.5 0
804.5 0
804.6 0
804.7 0
804.7 0
804.8 0
804.9 0
804.9 0
805.0 0
805.1 0
805.1 0
805.2 0
805.3 0
805.3 0
805.4 0
805.5 0
805.5 0
805.6 0
805.7 0
805.7 0
805.8 0
805.9 0
805.9 0
806.0 0
806.1 0
806.1 0
806.2 0
806.3 0
806.3 0
806.4 3
806.5 14
806.5 5
806.6 0
806.7 0
806.7 0
806.8 0
806.9 0
806.9 0
807.0 0
807.1 0
807.1 0
807.2 0
807.3 0
807.3 0
807.4 0
807.5 0
807.5 0
807.6 0
807.7 0
807.7 0
807.8 0
807.9 0
807.9 0
808.0 0
808.1 0
808.1 0
808.2 0
808.3 0
808.3 0
808.4 0
808.5 0
808.5 0
808.6 0
808.7 0
808.7 0
808.8 0
808.9 0
808.9 0
809.0 0
809.1 0
809.1 0
809.2 0
809.3 0
809.3 0
809.4 0
809.5 0
809.5 0
809.6 0
809.7 0
809.7 0
809.8 0
809.9 0
809.9 0
810.0 0
810.1 0
810.1 0
810.2 0
810.3 0
810.3 0
810.4 0
810.5 0
810.5 0
810.6 0
810.7 0
810.7 0
810.8 0
810.9 9
810.9 47
811.0 66
811.1 7
811.1 2
811.2 8
811.3 47
811.3 23
811.4 4
811.5 1
811.5 0
811.6 0
811.7 1
811.7 70
811.8 171
811.9 150
811.9 52
812.0 0
812.1 0
812.1 0
812.2 0
812.3 0
812.3 0
812.4 0
812.5 0
812.5 0
812.6 0
812.7 0
812.7 0
812.8 0
812.9 0
812.9 0
813.0 0
813.1 0
813.1 0
813.2 0
813.3 0
813.3 0
813.4 0
813.5 0
813.5 0
813.6 0
813.7 0
813.7 0
813.8 0
813.9 0
813.9 0
814.0 0
814.1 0
814.1 0
814.2 0
814.3 0
814.3 0
814.4 0
814.5 0
814.5 0
814.6 0
814.7 0
814.7 0
814.8 0
814.9 0
814.9 0
815.0 0
815.1 0
815.1 0
815.2 0
815.3 0
815.3 0
815.4 0
815.5 0
815.5 0
815.6 0
815.7 0
815.7 0
815.8 0
815.9 0
815.9 0
816.0 0
816.1 0
816.1 0
816.2 0
816.3 0
816.3 0
816.4 0
816.5 0
816.5 0
816.6 0
816.7 0
816.7 0
816.8 0
816.9 0
816.9 0
817.0 0
817.1 0
817.1 0
817.2 0
817.3 0
817.3 0
817.4 0
817.5 0
817.5 0
817.6 0
817.7 0
817.7 0
817.8 10
817.9 42
817.9 20
818.0 4
818.1 1
818.1 11
818.2 29
818.3 25
818.3 8
818.4 1
818.5 0
818.5 0
818.6 0
818.7 0
818.7 0
818.8 0
818.9 0
818.9 0
819.0 0
819.1 0
819.1 0
819.2 0
819.3 0
819.3 0
819.4 0
819.5 0
819.5 0
819.6 0
819.7 0
819.7 0
819.8 0
819.9 0
819.9 0
820.0 0
820.1 0
820.1 0
820.2 0
820.3 0
820.3 0
820.4 0
820.5 0
820.5 0
820.6 0
820.7 0
820.7 0
820.8 0
820.9 0
820.9 0
821.0 0
821.1 0
821.1 2
821.2 8
821.3 7
821.3 3
821.4 0
821.5 0
821.5 0
821.6 0
821.7 0
821.7 6
821.8 19
821.9 23
821.9 12
822.0 3
822.1 0
822.1 0
822.2 0
822.3 0
822.3 58
822.4 54
822.5 18
822.5 3
822.6 1
822.7 0
822.7 0
822.8 0
822.9 0
822.9 0
823.0 0
823.1 0
823.1 0
823.2 0
823.3 0
823.3 0
823.4 0
823.5 0
823.5 0
823.6 0
823.7 0
823.7 0
823.8 0
823.9 0
823.9 0
824.0 0
824.1 0
824.1 0
824.2 0
824.3 0
824.3 0
824.4 0
824.5 0
824.5 0
824.6 0
824.7 0
824.7 0
824.8 0
824.9 0
824.9 0
825.0 0
825.1 0
825.1 0
825.2 0
825.3 0
825.3 0
825.4 0
825.5 0
825.5 0
825.6 0
825.7 0
825.7 0
825.8 0
825.9 0
825.9 0
826.0 1
826.1 79
826.1 76
826.2 29
826.3 5
826.3 2
826.4 0
826.5 0
826.5 0
826.6 0
826.7 0
826.7 13
826.8 49
826.9 60
826.9 4
827.0 0
827.1 0
827.1 0
827.2 0
827.3 0
827.3 0
827.4 0
827.5 0
827.5 0
827.6 0
827.7 0
827.7 0
827.8 0
827.9 0
827.9 0
828.0 0
828.1 0
828.1 0
828.2 0
828.3 0
828.3 0
828.4 0
828.5 0
828.5 0
828.6 0
828.7 0
828.7 0
828.8 0
828.9 0
828.9 0
829.0 0
829.1 0
829.1 0
829.2 0
829.3 0
829.3 0
829.4 0
829.5 0
829.5 0
829.6 0
829.7 0
829.7 0
829.8 0
829.9 0
829.9 0
830.0 0
830.1 0
830.1 0
830.2 0
830.3 0
830.3 0
830.4 0
830.5 0
830.5 1
830.6 22
830.7 20
830.7 7
830.8 0
830.9 0
830.9 0
831.0 0
831.1 0
831.1 0
831.2 0
831.3 0
831.3 0
831.4 0
831.5 0
831.5 0
831.6 0
831.7 0
831.7 0
831.8 0
831.9 0
831.9 0
832.0 0
832.1 0
832.1 0
832.2 0
832.3 0
832.3 0
832.4 0
832.5 0
832.5 0
832.6 0
832.7 0
832.7 0
832.8 0
832.9 0
832.9 0
833.0 0
833.1 0
833.1 0
833.2 0
833.3 0
833.3 0
833.4 0
833.5 0
833.5 0
833.6 0
833.7 0
833.7 0
833.8 0
833.9 0
833.9 0
834.0 0
834.1 0
834.1 0
834.2 0
834.3 0
834.3 0
834.4 11
834.5 25
834.5 8
834.6 0
834.7 0
834.7 0
834.8 6
834.9 13
834.9 3
835.0 1
835.1 0
835.1 0
835.2 0
835.3 0
835.3 0
835.4 0
835.5 0
835.5 0
835.6 0
835.7 0
835.7 0
835.8 0
835.9 0
835.9 0
836.0 0
836.1 0
836.1 0
836.2 0
836.3 0
836.3 0
836.4 0
836.5 0
836.5 0
836.6 0
836.7 0
836.7 0
836.8 0
836.9 0
836.9 0
837.0 0
837.1 0
837.1 0
837.2 0
837.3 0
837.3 0
837.4 0
837.5 0
837.5 0
837.6 0
837.7 0
837.7 0
837.8 0
837.9 0
837.9 0
838.0 0
838.1 0
838.1 0
838.2 0
838.3 0
838.3 0
838.4 0
838.5 0
838.5 0
838.6 0
838.7 0
838.7 0
838.8 0
838.9 0
838.9 0
839.0 0
839.1 0
839.1 0
839.2 0
839.3 0
839.3 0
839.4 0
839.5 0
839.5 6
839.6 15
839.7 4
839.7 0
839.8 0
839.9 0
839.9 0
840.0 0
840.1 0
840.1 0
840.2 0
840.3 0
840.3 0
840.4 0
840.5 0
840.5 0
840.6 0
840.7 0
840.7 0
840.8 0
840.9 0
840.9 0
841.0 0
841.1 0
841.1 0
841.2 0
841.3 0
841.3 0
841.4 0
841.5 0
841.5 0
841.6 0
841.7 0
841.7 0
841.8 0
841.9 0
841.9 0
842.0 0
842.1 0
842.1 0
842.2 0
842.3 0
842.3 0
842.4 0
842.5 0
842.5 0
842.6 0
842.7 0
842.7 0
842.8 0
842.9 0
842.9 0
843.0 0
843.1 0
843.1 0
843.2 0
843.3 0
843.3 0
843.4 0
843.5 0
843.5 0
843.6 0
843.7 9
843.7 28
843.8 30
843.9 12
843.9 0
844.0 0
844.1 0
844.1 0
844.2 0
844.3 0
844.3 0
844.4 0
844.5 0
844.5 0
844.6 0
844.7 0
844.7 0
844.8 0
844.9 0
844.9 0
845.0 0
845.1 0
845.1 0
845.2 0
845.3 0
845.3 0
845.4 0
845.5 0
845.5 0
845.6 0
845.7 0
845.7 0
845.8 0
845.9 0
845.9 0
846.0 0
846.1 0
846.1 0
846.2 0
846.3 0
846.3 0
846.4 0
846.5 0
846.5 0
846.6 0
846.7 0
846.7 0
846.8 0
846.9 0
846.9 0
847.0 0
847.1 0
847.1 0
847.2 0
847.3 0
847.3 0
847.4 0
847.5 0
847.5 0
847.6 0
847.7 0
847.7 21
847.8 57
847.9 18
847.9 0
848.0 0
848.1 0
848.1 0
848.2 0
848.3 0
848.3 0
848.4 0
848.5 0
848.5 0
848.6 0
848.7 30
848.7 27
848.8 9
848.9 0
848.9 0
849.0 0
849.1 0
849.1 0
849.2 0
849.3 0
849.3 0
849.4 0
849.5 0
849.5 0
849.6 0
849.7 0
849.7 0
849.8 0
849.9 0
849.9 0
850.0 0
