300.1 5
300.1 0
300.2 0
300.3 3
300.3 23
300.4 43
300.5 30
300.5 0
300.6 0
300.7 0
300.7 0
300.8 2
300.9 13
300.9 47
301.0 25
301.1 6
301.1 2
301.2 0
301.3 0
301.3 0
301.4 0
301.5 0
301.5 2
301.6 11
301.7 18
301.7 13
301.8 3
301.9 0
301.9 1
302.0 12
302.1 24
302.1 19
302.2 0
302.3 0
302.3 0
302.4 0
302.5 0
302.5 0
302.6 0
302.7 38
302.7 153
302.8 246
302.9 269
302.9 214
303.0 149
303.1 140
303.1 187
303.2 330
303.3 217
303.3 109
303.4 105
303.5 51
303.5 113
303.6 132
303.7 72
303.7 45
303.8 45
303.9 21
303.9 9
304.0 0
304.1 10
304.1 30
304.2 45
304.3 42
304.3 57
304.4 28
304.5 6
304.5 2
304.6 0
304.7 2
304.7 10
304.8 29
304.9 41
304.9 88
305.0 150
305.1 138
305.1 91
305.2 153
305.3 158
305.3 109
305.4 61
305.5 69
305.5 39
305.6 12
305.7 4
305.7 0
305.8 0
305.9 2
305.9 18
306.0 55
306.1 50
306.1 102
306.2 57
306.3 11
306.3 0
306.4 4
306.5 18
306.5 34
306.6 11
306.7 1
306.7 3
306.8 28
306.9 60
306.9 52
307.0 21
307.1 20
307.1 56
307.2 69
307.3 54
307.3 16
307.4 0
307.5 0
307.5 0
307.6 0
307.7 0
307.7 0
307.8 0
307.9 0
307.9 0
308.0 0
308.1 0
308.1 0
308.2 2
308.3 17
308.3 20
308.4 3
308.5 0
308.5 0
308.6 0
308.7 0
308.7 16
308.8 37
308.9 39
308.9 22
309.0 25
309.1 60
309.1 106
309.2 91
309.3 47
309.3 27
309.4 6
309.5 22
309.5 16
309.6 3
309.7 0
309.7 0
309.8 3
309.9 25
309.9 59
310.0 82
310.1 74
310.1 15
310.2 5
310.3 16
310.3 29
310.4 11
310.5 0
310.5 6
310.6 27
310.7 42
310.7 49
310.8 93
310.9 34
310.9 29
311.0 76
311.1 132
311.1 185
311.2 156
311.3 201
311.3 162
311.4 110
311.5 49
311.5 40
311.6 15
311.7 1
311.7 2
311.8 36
311.9 69
311.9 58
312.0 46
312.1 91
312.1 130
312.2 135
312.3 74
312.3 12
312.4 1
312.5 9
312.5 25
312.6 37
312.7 27
312.7 5
312.8 0
312.9 15
312.9 70
313.0 134
313.1 144
313.1 118
313.2 109
313.3 151
313.3 141
313.4 101
313.5 60
313.5 21
313.6 3
313.7 9
313.7 22
313.8 18
313.9 39
313.9 48
314.0 33
314.1 1
314.1 23
314.2 61
314.3 78
314.3 43
314.4 9
314.5 0
314.5 0
314.6 0
314.7 0
314.7 44
314.8 69
314.9 111
314.9 136
315.0 21
315.1 18
315.1 42
315.2 44
315.3 53
315.3 104
315.4 86
315.5 22
315.5 5
315.6 0
315.7 0
315.7 0
315.8 0
315.9 0
315.9 0
316.0 0
316.1 24
316.1 82
316.2 96
316.3 105
316.3 56
316.4 16
316.5 2
316.5 0
316.6 0
316.7 0
316.7 4
316.8 31
316.9 71
316.9 99
317.0 70
317.1 36
317.1 55
317.2 105
317.3 116
317.3 62
317.4 1
317.5 0
317.5 0
317.6 0
317.7 0
317.7 0
317.8 0
317.9 0
317.9 0
318.0 0
318.1 0
318.1 3
318.2 13
318.3 86
318.3 70
318.4 48
318.5 14
318.5 19
318.6 64
318.7 105
318.7 99
318.8 107
318.9 103
318.9 36
319.0 30
319.1 78
319.1 129
319.2 97
319.3 44
319.3 39
319.4 56
319.5 38
319.5 12
319.6 12
319.7 13
319.7 21
319.8 32
319.9 19
319.9 2
320.0 1
320.1 9
320.1 61
320.2 119
320.3 119
320.3 52
320.4 17
320.5 71
320.5 83
320.6 69
320.7 68
320.7 100
320.8 97
320.9 100
320.9 107
321.0 129
321.1 160
321.1 155
321.2 153
321.3 95
321.3 44
321.4 63
321.5 81
321.5 76
321.6 100
321.7 70
321.7 26
321.8 56
321.9 124
321.9 115
322.0 23
322.1 23
322.1 81
322.2 72
322.3 43
322.3 21
322.4 10
322.5 1
322.5 0
322.6 0
322.7 0
322.7 0
322.8 0
322.9 6
322.9 39
323.0 62
323.1 59
323.1 55
323.2 44
323.3 28
323.3 70
323.4 71
323.5 39
323.5 29
323.6 12
323.7 12
323.7 20
323.8 18
323.9 8
323.9 22
324.0 49
324.1 42
324.1 13
324.2 0
324.3 0
324.3 0
324.4 0
324.5 0
324.5 0
324.6 0
324.7 0
324.7 0
324.8 0
324.9 0
324.9 3
325.0 32
325.1 112
325.1 155
325.2 127
325.3 40
325.3 10
325.4 2
325.5 1
325.5 0
325.6 0
325.7 0
325.7 0
325.8 0
325.9 0
325.9 0
326.0 0
326.1 0
326.1 1
326.2 8
326.3 14
326.3 4
326.4 48
326.5 33
326.5 39
326.6 66
326.7 65
326.7 80
326.8 115
326.9 76
326.9 31
327.0 36
327.1 104
327.1 116
327.2 42
327.3 17
327.3 16
327.4 1
327.5 0
327.5 0
327.6 0
327.7 0
327.7 0
327.8 0
327.9 2
327.9 22
328.0 45
328.1 34
328.1 9
328.2 0
328.3 0
328.3 4
328.4 17
328.5 46
328.5 70
328.6 92
328.7 71
328.7 24
328.8 5
328.9 38
328.9 46
329.0 56
329.1 122
329.1 134
329.2 52
329.3 25
329.3 29
329.4 63
329.5 49
329.5 16
329.6 2
329.7 4
329.7 15
329.8 36
329.9 64
329.9 78
330.0 76
330.1 49
330.1 27
330.2 8
330.3 3
330.3 12
330.4 24
330.5 11
330.5 13
330.6 68
330.7 295
330.7 394
330.8 336
330.9 409
330.9 655
331.0 726
331.1 972
331.1 1228
331.2 1242
331.3 1281
331.3 921
331.4 425
331.5 280
331.5 223
331.6 228
331.7 282
331.7 265
331.8 189
331.9 121
331.9 130
332.0 88
332.1 38
332.1 20
332.2 43
332.3 117
332.3 122
332.4 46
332.5 4
332.5 1
332.6 0
332.7 0
332.7 18
332.8 35
332.9 30
332.9 55
333.0 48
333.1 21
333.1 0
333.2 12
333.3 21
333.3 15
333.4 5
333.5 1
333.5 0
333.6 0
333.7 0
333.7 0
333.8 0
333.9 42
333.9 40
334.0 15
334.1 2
334.1 1
334.2 0
334.3 0
334.3 0
334.4 0
334.5 0
334.5 0
334.6 0
334.7 0
334.7 5
334.8 19
334.9 48
334.9 121
335.0 90
335.1 56
335.1 59
335.2 50
335.3 128
335.3 161
335.4 90
335.5 26
335.5 5
335.6 1
335.7 0
335.7 3
335.8 21
335.9 25
335.9 11
336.0 14
336.1 8
336.1 0
336.2 0
336.3 0
336.3 0
336.4 0
336.5 1
336.5 29
336.6 24
336.7 7
336.7 24
336.8 67
336.9 116
336.9 265
337.0 276
337.1 177
337.1 86
337.2 24
337.3 22
337.3 17
337.4 9
337.5 39
337.5 54
337.6 28
337.7 8
337.7 0
337.8 0
337.9 0
337.9 0
338.0 7
338.1 57
338.1 33
338.2 7
338.3 1
338.3 0
338.4 0
338.5 4
338.5 22
338.6 47
338.7 37
338.7 27
338.8 26
338.9 14
338.9 17
339.0 52
339.1 61
339.1 32
339.2 23
339.3 2
339.3 11
339.4 13
339.5 5
339.5 0
339.6 0
339.7 0
339.7 0
339.8 3
339.9 38
339.9 51
340.0 25
340.1 45
340.1 28
340.2 13
340.3 7
340.3 0
340.4 0
340.5 20
340.5 51
340.6 40
340.7 12
340.7 0
340.8 0
340.9 0
340.9 0
341.0 0
341.1 0
341.1 0
341.2 0
341.3 0
341.3 0
341.4 0
341.5 0
341.5 0
341.6 0
341.7 0
341.7 0
341.8 0
341.9 0
341.9 0
342.0 0
342.1 0
342.1 0
342.2 10
342.3 16
342.3 3
342.4 0
342.5 0
342.5 0
342.6 0
342.7 13
342.7 30
342.8 53
342.9 112
342.9 192
343.0 129
343.1 32
343.1 56
343.2 209
343.3 183
343.3 122
343.4 71
343.5 39
343.5 9
343.6 0
343.7 0
343.7 0
343.8 55
343.9 91
343.9 94
344.0 170
344.1 113
344.1 47
344.2 184
344.3 160
344.3 45
344.4 4
344.5 0
344.5 8
344.6 42
344.7 35
344.7 36
344.8 43
344.9 39
344.9 49
345.0 19
345.1 7
345.1 56
345.2 34
345.3 7
345.3 1
345.4 0
345.5 0
345.5 0
345.6 0
345.7 0
345.7 0
345.8 0
345.9 0
345.9 12
346.0 35
346.1 28
346.1 6
346.2 3
346.3 19
346.3 58
346.4 40
346.5 4
346.5 12
346.6 11
346.7 24
346.7 39
346.8 24
346.9 42
346.9 35
347.0 65
347.1 138
347.1 287
347.2 384
347.3 166
347.3 74
347.4 75
347.5 29
347.5 6
347.6 0
347.7 0
347.7 0
347.8 0
347.9 0
347.9 5
348.0 34
348.1 92
348.1 80
348.2 27
348.3 4
348.3 0
348.4 0
348.5 3
348.5 42
348.6 32
348.7 9
348.7 14
348.8 117
348.9 302
348.9 364
349.0 348
349.1 387
349.1 531
349.2 664
349.3 589
349.3 623
349.4 561
349.5 342
349.5 163
349.6 90
349.7 113
349.7 85
349.8 49
349.9 35
349.9 45
350.0 59
350.1 92
350.1 76
350.2 24
350.3 0
350.3 1
350.4 25
350.5 83
350.5 37
350.6 6
350.7 1
350.7 0
350.8 0
350.9 0
350.9 2
351.0 29
351.1 77
351.1 84
351.2 82
351.3 58
351.3 19
351.4 2
351.5 0
351.5 0
351.6 0
351.7 0
351.7 3
351.8 21
351.9 39
351.9 27
352.0 20
352.1 29
352.1 33
352.2 91
352.3 154
352.3 222
352.4 126
352.5 24
352.5 0
352.6 0
352.7 3
352.7 23
352.8 104
352.9 169
352.9 90
353.0 28
353.1 84
353.1 105
353.2 54
353.3 1
353.3 0
353.4 0
353.5 0
353.5 0
353.6 0
353.7 0
353.7 0
353.8 0
353.9 0
353.9 0
354.0 0
354.1 0
354.1 0
354.2 0
354.3 0
354.3 0
354.4 0
354.5 0
354.5 3
354.6 36
354.7 89
354.7 64
354.8 35
354.9 45
354.9 88
355.0 73
355.1 25
355.1 1
355.2 0
355.3 3
355.3 17
355.4 25
355.5 4
355.5 1
355.6 47
355.7 37
355.7 12
355.8 2
355.9 7
355.9 26
356.0 32
356.1 6
356.1 21
356.2 63
356.3 75
356.3 53
356.4 117
356.5 57
356.5 23
356.6 34
356.7 34
356.7 113
356.8 101
356.9 88
356.9 121
357.0 107
357.1 120
357.1 103
357.2 60
357.3 38
357.3 11
357.4 1
357.5 0
357.5 16
357.6 105
357.7 168
357.7 119
357.8 42
357.9 20
357.9 33
358.0 40
358.1 41
358.1 58
358.2 35
358.3 47
358.3 46
358.4 16
358.5 7
358.5 24
358.6 21
358.7 16
358.7 42
358.8 93
358.9 161
358.9 115
359.0 196
359.1 203
359.1 87
359.2 18
359.3 0
359.3 0
359.4 0
359.5 7
359.5 30
359.6 34
359.7 20
359.7 24
359.8 55
359.9 96
359.9 100
360.0 98
360.1 66
360.1 46
360.2 41
360.3 26
360.3 43
360.4 12
360.5 0
360.5 0
360.6 0
360.7 0
360.7 19
360.8 58
360.9 90
360.9 46
361.0 8
361.1 1
361.1 0
361.2 107
361.3 126
361.3 56
361.4 18
361.5 28
361.5 44
361.6 201
361.7 120
361.7 55
361.8 77
361.9 86
361.9 75
362.0 77
362.1 55
362.1 48
362.2 31
362.3 29
362.3 21
362.4 1
362.5 10
362.5 30
362.6 23
362.7 6
362.7 1
362.8 14
362.9 31
362.9 42
363.0 27
363.1 40
363.1 45
363.2 41
363.3 36
363.3 43
363.4 4
363.5 5
363.5 14
363.6 21
363.7 23
363.7 16
363.8 57
363.9 97
363.9 35
364.0 19
364.1 40
364.1 30
364.2 14
364.3 5
364.3 2
364.4 0
364.5 0
364.5 0
364.6 11
364.7 31
364.7 27
364.8 12
364.9 59
364.9 211
365.0 205
365.1 114
365.1 80
365.2 98
365.3 89
365.3 45
365.4 14
365.5 15
365.5 43
365.6 61
365.7 35
365.7 1
365.8 19
365.9 78
365.9 54
366.0 6
366.1 0
366.1 0
366.2 0
366.3 0
366.3 50
366.4 82
366.5 64
366.5 34
366.6 30
366.7 8
366.7 12
366.8 38
366.9 67
366.9 42
367.0 15
367.1 72
367.1 150
367.2 129
367.3 91
367.3 58
367.4 80
367.5 63
367.5 31
367.6 34
367.7 64
367.7 86
367.8 62
367.9 55
367.9 49
368.0 74
368.1 40
368.1 19
368.2 39
368.3 41
368.3 4
368.4 1
368.5 0
368.5 0
368.6 0
368.7 3
368.7 26
368.8 121
368.9 113
368.9 71
369.0 55
369.1 19
369.1 1
369.2 0
369.3 9
369.3 27
369.4 24
369.5 7
369.5 0
369.6 0
369.7 0
369.7 0
369.8 2
369.9 26
369.9 96
370.0 85
370.1 42
370.1 15
370.2 13
370.3 22
370.3 24
370.4 39
370.5 15
370.5 1
370.6 0
370.7 0
370.7 2
370.8 11
370.9 31
370.9 34
371.0 56
371.1 127
371.1 90
371.2 98
371.3 87
371.3 41
371.4 9
371.5 1
371.5 39
371.6 34
371.7 33
371.7 39
371.8 22
371.9 14
371.9 14
372.0 4
372.1 0
372.1 0
372.2 9
372.3 66
372.3 35
372.4 9
372.5 13
372.5 25
372.6 17
372.7 24
372.7 22
372.8 7
372.9 7
372.9 71
373.0 139
373.1 109
373.1 134
373.2 215
373.3 276
373.3 171
373.4 51
373.5 22
373.5 16
373.6 5
373.7 1
373.7 0
373.8 0
373.9 54
373.9 64
374.0 40
374.1 38
374.1 45
374.2 51
374.3 56
374.3 30
374.4 14
374.5 36
374.5 103
374.6 284
374.7 572
374.7 1033
374.8 1763
374.9 3248
374.9 5803
375.1 8370
375.1 11472
375.1 14842
375.0 16083
375.3 14788
375.3 12640
375.4 9076
375.5 5829
375.5 3563
375.6 2551
375.7 1715
375.7 1289
375.8 1279
375.9 1151
375.9 1021
376.0 909
376.1 800
376.1 814
376.2 529
376.3 348
376.3 250
376.4 87
376.5 116
376.5 226
376.6 154
376.7 52
376.7 38
376.8 73
376.9 68
376.9 31
377.0 167
377.1 383
377.1 444
377.2 313
377.3 165
377.3 98
377.4 55
377.5 22
377.5 1
377.6 0
377.7 0
377.7 0
377.8 1
377.9 9
377.9 27
378.0 38
378.1 13
378.1 12
378.2 2
378.3 0
378.3 0
378.4 0
378.5 0
378.5 5
378.6 53
378.7 116
378.7 101
378.8 118
378.9 55
378.9 13
379.0 4
379.1 0
379.1 0
379.2 6
379.3 18
379.3 18
379.4 1
379.5 0
379.5 0
379.6 0
379.7 0
379.7 0
379.8 0
379.9 0
379.9 0
380.0 0
380.1 0
380.1 26
380.2 82
380.3 88
380.3 36
380.4 5
380.5 0
380.5 0
380.6 0
380.7 0
380.7 0
380.8 0
380.9 0
380.9 47
381.0 128
381.1 118
381.1 41
381.2 4
381.3 0
381.3 0
381.4 0
381.5 0
381.5 0
381.6 0
381.7 0
381.7 0
381.8 0
381.9 0
381.9 0
382.0 0
382.1 0
382.1 0
382.2 0
382.3 0
382.3 0
382.4 0
382.5 0
382.5 0
382.6 0
382.7 0
382.7 0
382.8 40
382.9 43
382.9 36
383.0 70
383.1 74
383.1 47
383.2 52
383.3 32
383.3 13
383.4 11
383.5 13
383.5 3
383.6 0
383.7 0
383.7 0
383.8 0
383.9 4
383.9 73
384.0 46
384.1 10
384.1 11
384.2 41
384.3 33
384.3 34
384.4 24
384.5 49
384.5 46
384.6 40
384.7 27
384.7 9
384.8 1
384.9 8
384.9 15
385.0 2
385.1 2
385.1 44
385.2 68
385.3 39
385.3 12
385.4 8
385.5 16
385.5 6
385.6 2
385.7 0
385.7 0
385.8 0
385.9 14
385.9 33
386.0 25
386.1 18
386.1 30
386.2 24
386.3 6
386.3 29
386.4 92
386.5 43
386.5 31
386.6 43
386.7 25
386.7 7
386.8 12
386.9 6
386.9 21
387.0 30
387.1 17
387.1 2
387.2 17
387.3 61
387.3 101
387.4 58
387.5 25
387.5 9
387.6 14
387.7 16
387.7 10
387.8 27
387.9 57
387.9 55
388.0 24
388.1 6
388.1 19
388.2 53
388.3 53
388.3 22
388.4 6
388.5 0
388.5 0
388.6 18
388.7 55
388.7 23
388.8 2
388.9 4
388.9 11
389.0 18
389.1 85
389.1 161
389.2 105
389.3 30
389.3 2
389.4 1
389.5 0
389.5 0
389.6 0
389.7 15
389.7 46
389.8 49
389.9 43
389.9 67
390.0 65
390.1 53
390.1 60
390.2 55
390.3 37
390.3 18
390.4 12
390.5 33
390.5 38
390.6 36
390.7 40
390.7 40
390.8 60
390.9 133
390.9 253
391.0 293
391.1 303
391.1 259
391.2 195
391.3 101
391.3 104
391.4 61
391.5 39
391.5 51
391.6 63
391.7 11
391.7 1
391.8 0
391.9 4
391.9 20
392.0 27
392.1 100
392.1 192
392.2 133
392.3 45
392.3 45
392.4 55
392.5 46
392.5 13
392.6 1
392.7 11
392.7 128
392.8 206
392.9 162
392.9 73
393.0 193
393.1 379
393.1 627
393.2 868
393.3 779
393.3 482
393.4 334
393.5 281
393.5 162
393.6 72
393.7 13
393.7 8
393.8 28
393.9 41
393.9 49
394.0 112
394.1 70
394.1 59
394.2 39
394.3 95
394.3 93
394.4 36
394.5 1
394.5 0
394.6 0
394.7 0
394.7 1
394.8 23
394.9 51
394.9 64
395.0 72
395.1 30
395.1 22
395.2 21
395.3 17
395.3 59
395.4 67
395.5 44
395.5 16
395.6 1
395.7 0
395.7 0
395.8 0
395.9 0
395.9 0
396.0 7
396.1 37
396.1 92
396.2 63
396.3 10
396.3 1
396.4 1
396.5 25
396.5 84
396.6 50
396.7 11
396.7 4
396.8 0
396.9 0
396.9 0
397.0 0
397.1 14
397.1 44
397.2 63
397.3 57
397.3 142
397.4 172
397.5 98
397.5 30
397.6 9
397.7 1
397.7 0
397.8 14
397.9 14
397.9 6
398.0 1
398.1 0
398.1 0
398.2 0
398.3 0
398.3 0
398.4 0
398.5 0
398.5 0
398.6 0
398.7 0
398.7 0
398.8 15
398.9 37
398.9 52
399.0 84
399.1 78
399.1 74
399.2 61
399.3 82
399.3 88
399.4 27
399.5 17
399.5 4
399.6 0
399.7 1
399.7 24
399.8 24
399.9 35
399.9 129
400.0 162
400.1 105
400.1 92
400.2 59
400.3 48
400.3 12
400.4 1
400.5 0
400.5 15
400.6 46
400.7 84
400.7 100
400.8 83
400.9 74
400.9 85
401.0 206
401.1 314
401.1 480
401.2 549
401.3 556
401.3 274
401.4 91
401.5 43
401.5 16
401.6 4
401.7 1
401.7 0
401.8 0
401.9 0
401.9 0
402.0 7
402.1 33
402.1 47
402.2 7
402.3 6
402.3 10
402.4 34
402.5 40
402.5 20
402.6 7
402.7 17
402.7 26
402.8 14
402.9 4
402.9 0
403.0 0
403.1 0
403.1 0
403.2 0
403.3 0
403.3 0
403.4 0
403.5 0
403.5 0
403.6 0
403.7 0
403.7 0
403.8 6
403.9 26
403.9 38
404.0 43
404.1 57
404.1 44
404.2 3
404.3 0
404.3 0
404.4 0
404.5 0
404.5 5
404.6 10
404.7 2
404.7 0
404.8 0
404.9 0
404.9 3
405.0 32
405.1 66
405.1 67
405.2 48
405.3 59
405.3 81
405.4 65
405.5 33
405.5 5
405.6 0
405.7 0
405.7 0
405.8 0
405.9 0
405.9 0
406.0 11
406.1 26
406.1 19
406.2 5
406.3 0
406.3 0
406.4 18
406.5 73
406.5 84
406.6 25
406.7 26
406.7 5
406.8 1
406.9 0
406.9 0
407.0 0
407.1 10
407.1 30
407.2 37
407.3 7
407.3 2
407.4 26
407.5 60
407.5 45
407.6 11
407.7 0
407.7 0
407.8 0
407.9 0
407.9 0
408.0 0
408.1 0
408.1 0
408.2 0
408.3 66
408.3 69
408.4 98
408.5 66
408.5 21
408.6 11
408.7 34
408.7 39
408.8 17
408.9 5
408.9 10
409.0 49
409.1 126
409.1 114
409.2 48
409.3 29
409.3 38
409.4 10
409.5 1
409.5 1
409.6 47
409.7 79
409.7 64
409.8 28
409.9 28
409.9 46
410.0 31
410.1 32
410.1 107
410.2 229
410.3 156
410.3 28
410.4 0
410.5 0
410.5 0
410.6 0
410.7 0
410.7 0
410.8 0
410.9 0
410.9 0
411.0 15
411.1 33
411.1 32
411.2 33
411.3 13
411.3 51
411.4 47
411.5 16
411.5 1
411.6 0
411.7 6
411.7 32
411.8 44
411.9 23
411.9 4
412.0 48
412.1 146
412.1 152
412.2 101
412.3 49
412.3 11
412.4 0
412.5 0
412.5 0
412.6 0
412.7 0
412.7 0
412.8 7
412.9 50
412.9 94
413.0 98
413.1 44
413.1 82
413.2 156
413.3 114
413.3 30
413.4 0
413.5 0
413.5 0
413.6 0
413.7 0
413.7 0
413.8 0
413.9 0
413.9 1
414.0 25
414.1 97
414.1 192
414.2 198
414.3 24
414.3 8
414.4 20
414.5 8
414.5 1
414.6 18
414.7 15
414.7 27
414.8 73
414.9 141
414.9 120
415.0 233
415.1 239
415.1 215
415.2 270
415.3 217
415.3 147
415.4 152
415.5 101
415.5 35
415.6 4
415.7 0
415.7 0
415.8 0
415.9 5
415.9 28
416.0 47
416.1 36
416.1 52
416.2 107
416.3 77
416.3 27
416.4 2
416.5 0
416.5 0
416.6 16
416.7 67
416.7 59
416.8 14
416.9 1
416.9 15
417.0 11
417.1 15
417.1 42
417.2 34
417.3 5
417.3 1
417.4 0
417.5 0
417.5 0
417.6 0
417.7 21
417.7 91
417.8 128
417.9 11
417.9 0
418.0 0
418.1 2
418.1 24
418.2 77
418.3 88
418.3 45
418.4 23
418.5 13
418.5 7
418.6 5
418.7 61
418.7 159
418.8 217
418.9 121
418.9 115
419.0 162
419.1 225
419.1 193
419.2 135
419.3 71
419.3 36
419.4 31
419.5 54
419.5 29
419.6 8
419.7 3
419.7 0
419.8 8
419.9 27
419.9 67
420.0 111
420.1 104
420.1 4
420.2 0
420.3 0
420.3 0
420.4 0
420.5 0
420.5 0
420.6 6
420.7 18
420.7 18
420.8 6
420.9 0
420.9 14
421.0 89
421.1 68
421.1 53
421.2 38
421.3 0
421.3 8
421.4 28
421.5 30
421.5 3
421.6 1
421.7 0
421.7 0
421.8 0
421.9 6
421.9 10
422.0 4
422.1 18
422.1 12
422.2 35
422.3 76
422.3 57
422.4 14
422.5 0
422.5 0
422.6 0
422.7 0
422.7 0
422.8 0
422.9 8
422.9 21
423.0 7
423.1 1
423.1 11
423.2 61
423.3 107
423.3 99
423.4 51
423.5 0
423.5 0
423.6 0
423.7 0
423.7 0
423.8 0
423.9 0
423.9 0
424.0 7
424.1 17
424.1 14
424.2 2
424.3 5
424.3 22
424.4 24
424.5 0
424.5 3
424.6 37
424.7 82
424.7 65
424.8 17
424.9 42
424.9 62
425.0 42
425.1 60
425.1 69
425.2 33
425.3 62
425.3 115
425.4 66
425.5 11
425.5 0
425.6 0
425.7 0
425.7 0
425.8 0
425.9 14
425.9 36
426.0 33
426.1 20
426.1 21
426.2 3
426.3 14
426.3 39
426.4 34
426.5 0
426.5 0
426.6 0
426.7 0
426.7 0
426.8 0
426.9 0
426.9 0
427.0 0
427.1 0
427.1 0
427.2 0
427.3 2
427.3 18
427.4 27
427.5 14
427.5 14
427.6 71
427.7 82
427.7 82
427.8 52
427.9 10
427.9 5
428.0 72
428.1 206
428.1 152
428.2 59
428.3 45
428.3 44
428.4 48
428.5 59
428.5 51
428.6 2
428.7 9
428.7 45
428.8 87
428.9 52
428.9 50
429.0 42
429.1 21
429.1 123
429.2 132
429.3 101
429.3 81
429.4 53
429.5 61
429.5 119
429.6 68
429.7 71
429.7 37
429.8 7
429.9 0
429.9 0
430.0 42
430.1 35
430.1 10
430.2 27
430.3 19
430.3 6
430.4 1
430.5 0
430.5 0
430.6 3
430.7 16
430.7 22
430.8 10
430.9 20
430.9 22
431.0 10
431.1 24
431.1 46
431.2 42
431.3 54
431.3 28
431.4 67
431.5 62
431.5 25
431.6 31
431.7 59
431.7 77
431.8 52
431.9 14
431.9 2
432.0 12
432.1 18
432.1 18
432.2 28
432.3 13
432.3 16
432.4 17
432.5 2
432.5 1
432.6 0
432.7 1
432.7 22
432.8 41
432.9 21
432.9 56
433.0 152
433.1 174
433.1 71
433.2 68
433.3 56
433.3 87
433.4 111
433.5 52
433.5 3
433.6 0
433.7 0
433.7 13
433.8 43
433.9 69
433.9 142
434.0 130
434.1 46
434.1 9
434.2 2
434.3 8
434.3 21
434.4 16
434.5 5
434.5 1
434.6 0
434.7 0
434.7 0
434.8 31
434.9 91
434.9 105
435.0 55
435.1 12
435.1 0
435.2 17
435.3 55
435.3 44
435.4 30
435.5 35
435.5 2
435.6 0
435.7 0
435.7 0
435.8 0
435.9 0
435.9 0
436.0 0
436.1 0
436.1 24
436.2 87
436.3 66
436.3 15
436.4 10
436.5 0
436.5 0
436.6 0
436.7 1
436.7 25
436.8 55
436.9 70
436.9 93
437.0 163
437.1 187
437.1 154
437.2 138
437.3 211
437.3 159
437.4 83
437.5 95
437.5 105
437.6 97
437.7 15
437.7 5
437.8 29
437.9 69
437.9 37
438.0 6
438.1 0
438.1 0
438.2 0
438.3 0
438.3 33
438.4 80
438.5 64
438.5 19
438.6 1
438.7 22
438.7 44
438.8 14
438.9 10
438.9 20
439.0 14
439.1 1
439.1 0
439.2 0
439.3 0
439.3 0
439.4 0
439.5 27
439.5 58
439.6 16
439.7 15
439.7 32
439.8 11
439.9 14
439.9 61
440.0 74
440.1 47
440.1 4
440.2 4
440.3 20
440.3 46
440.4 78
440.5 99
440.5 15
440.6 1
440.7 0
440.7 7
440.8 16
440.9 19
440.9 26
441.0 20
441.1 5
441.1 0
441.2 120
441.3 113
441.3 56
441.4 117
441.5 136
441.5 51
441.6 6
441.7 2
441.7 0
441.8 0
441.9 0
441.9 0
442.0 31
442.1 87
442.1 21
442.2 0
442.3 0
442.3 7
442.4 18
442.5 4
442.5 0
442.6 15
442.7 36
442.7 11
442.8 1
442.9 42
442.9 92
443.0 51
443.1 69
443.1 134
443.2 146
443.3 124
443.3 96
443.4 51
443.5 21
443.5 10
443.6 30
443.7 53
443.7 83
443.8 72
443.9 31
443.9 6
444.0 11
444.1 50
444.1 73
444.2 49
444.3 39
444.3 36
444.4 17
444.5 3
444.5 7
444.6 31
444.7 43
444.7 44
444.8 60
444.9 160
444.9 150
445.0 150
445.1 108
445.1 119
445.2 173
445.3 230
445.3 140
445.4 79
445.5 112
445.5 42
445.6 6
445.7 0
445.7 0
445.8 0
445.9 0
445.9 0
446.0 0
446.1 0
446.1 0
446.2 0
446.3 0
446.3 16
446.4 48
446.5 46
446.5 2
446.6 29
446.7 84
446.7 115
446.8 115
446.9 187
446.9 448
447.0 547
447.1 573
447.1 685
447.2 823
447.3 1024
447.3 927
447.4 662
447.5 541
447.5 361
447.6 258
447.7 155
447.7 143
447.8 90
447.9 13
447.9 42
448.0 76
448.1 99
448.1 134
448.2 78
448.3 29
448.3 5
448.4 19
448.5 55
448.5 45
448.6 4
448.7 26
448.7 71
448.8 72
448.9 30
448.9 28
449.0 100
449.1 159
449.1 118
449.2 19
449.3 1
449.3 5
449.4 14
449.5 10
449.5 12
449.6 28
449.7 26
449.7 9
449.8 0
449.9 0
449.9 0
450.0 15
450.1 45
450.1 48
450.2 19
450.3 2
450.3 0
450.4 0
450.5 0
450.5 18
450.6 52
450.7 56
450.7 79
450.8 105
450.9 11
450.9 22
451.0 73
451.1 53
451.1 51
451.2 88
451.3 55
451.3 51
451.4 26
451.5 3
451.5 1
451.6 34
451.7 45
451.7 23
451.8 6
451.9 2
451.9 26
452.0 101
452.1 99
452.1 81
452.2 34
452.3 9
452.3 0
452.4 0
452.5 7
452.5 22
452.6 21
452.7 19
452.7 29
452.8 23
452.9 0
452.9 12
453.0 65
453.1 91
453.1 97
453.2 66
453.3 76
453.3 107
453.4 72
453.5 21
453.5 3
453.6 0
453.7 3
453.7 15
453.8 18
453.9 33
453.9 88
454.0 92
454.1 53
454.1 30
454.2 47
454.3 50
454.3 60
454.4 38
454.5 43
454.5 25
454.6 12
454.7 22
454.7 32
454.8 29
454.9 4
454.9 0
455.0 0
455.1 27
455.1 94
455.2 86
455.3 8
455.3 6
455.4 44
455.5 108
455.5 83
455.6 25
455.7 23
455.7 50
455.8 17
455.9 0
455.9 0
456.0 23
456.1 38
456.1 16
456.2 9
456.3 59
456.3 123
456.4 132
456.5 49
456.5 83
456.6 91
456.7 50
456.7 11
456.8 33
456.9 79
456.9 83
457.0 63
457.1 79
457.1 76
457.2 25
457.3 18
457.3 60
457.4 149
457.5 129
457.5 100
457.6 33
457.7 13
457.7 3
457.8 0
457.9 0
457.9 13
458.0 51
458.1 69
458.1 169
458.2 116
458.3 49
458.3 68
458.4 17
458.5 2
458.5 0
458.6 0
458.7 0
458.7 0
458.8 8
458.9 14
458.9 9
459.0 9
459.1 11
459.1 8
459.2 23
459.3 62
459.3 89
459.4 62
459.5 12
459.5 0
459.6 0
459.7 6
459.7 14
459.8 13
459.9 3
459.9 0
460.0 9
460.1 97
460.1 77
460.2 23
460.3 11
460.3 30
460.4 43
460.5 47
460.5 34
460.6 12
460.7 1
460.7 0
460.8 15
460.9 76
460.9 202
461.0 307
461.1 359
461.1 590
461.2 722
461.3 760
461.3 786
461.4 548
461.5 237
461.5 196
461.6 132
461.7 144
461.7 110
461.8 70
461.9 67
461.9 142
462.0 176
462.1 69
462.1 30
462.2 18
462.3 10
462.3 19
462.4 35
462.5 43
462.5 22
462.6 7
462.7 44
462.7 162
462.8 267
462.9 250
462.9 227
463.0 355
463.1 425
463.1 341
463.2 233
463.3 298
463.3 223
463.4 83
463.5 84
463.5 67
463.6 23
463.7 25
463.7 65
463.8 58
463.9 1
463.9 13
464.0 45
464.1 45
464.1 15
464.2 9
464.3 54
464.3 54
464.4 11
464.5 28
464.5 77
464.6 74
464.7 5
464.7 2
464.8 0
464.9 0
464.9 0
465.0 0
465.1 0
465.1 5
465.2 16
465.3 18
465.3 41
465.4 29
465.5 8
465.5 0
465.6 7
465.7 36
465.7 59
465.8 32
465.9 10
465.9 19
466.0 129
466.1 209
466.1 176
466.2 133
466.3 45
466.3 0
466.4 0
466.5 0
466.5 0
466.6 0
466.7 0
466.7 6
466.8 19
466.9 37
466.9 45
467.0 112
467.1 134
467.1 62
467.2 24
467.3 49
467.3 52
467.4 101
467.5 33
467.5 2
467.6 0
467.7 0
467.7 0
467.8 0
467.9 0
467.9 0
468.0 0
468.1 45
468.1 150
468.2 129
468.3 85
468.3 48
468.4 93
468.5 153
468.5 58
468.6 102
468.7 135
468.7 122
468.8 101
468.9 51
468.9 13
469.0 37
469.1 98
469.1 112
469.2 134
469.3 111
469.3 23
469.4 23
469.5 49
469.5 99
469.6 50
469.7 35
469.7 42
469.8 11
469.9 35
469.9 60
470.0 31
470.1 7
470.1 1
470.2 0
470.3 0
470.3 4
470.4 27
470.5 104
470.5 123
470.6 53
470.7 1
470.7 0
470.8 0
470.9 1
470.9 13
471.0 50
471.1 110
471.1 171
471.2 123
471.3 80
471.3 64
471.4 13
471.5 1
471.5 0
471.6 0
471.7 0
471.7 0
471.8 18
471.9 45
471.9 128
472.0 127
472.1 52
472.1 8
472.2 3
472.3 12
472.3 98
472.4 65
472.5 21
472.5 4
472.6 1
472.7 16
472.7 68
472.8 64
472.9 17
472.9 2
473.0 48
473.1 128
473.1 123
473.2 115
473.3 115
473.3 61
473.4 95
473.5 99
473.5 48
473.6 6
473.7 0
473.7 0
473.8 0
473.9 0
473.9 0
474.0 0
474.1 0
474.1 0
474.2 0
474.3 0
474.3 0
474.4 0
474.5 0
474.5 20
474.6 71
474.7 73
474.7 11
474.8 9
474.9 32
474.9 16
475.0 15
475.1 11
475.1 24
475.2 28
475.3 45
475.3 53
475.4 58
475.5 27
475.5 6
475.6 0
475.7 3
475.7 15
475.8 13
475.9 27
475.9 21
476.0 9
476.1 29
476.1 113
476.2 118
476.3 53
476.3 8
476.4 1
476.5 0
476.5 4
476.6 9
476.7 31
476.7 49
476.8 113
476.9 101
476.9 133
477.0 263
477.1 144
477.1 40
477.2 44
477.3 8
477.3 0
477.4 0
477.5 0
477.5 0
477.6 0
477.7 0
477.7 0
477.8 6
477.9 20
477.9 6
478.0 17
478.1 34
478.1 26
478.2 9
478.3 15
478.3 22
478.4 14
478.5 24
478.5 85
478.6 142
478.7 160
478.7 152
478.8 60
478.9 50
478.9 93
479.0 162
479.1 137
479.1 117
479.2 73
479.3 171
479.3 127
479.4 53
479.5 14
479.5 2
479.6 0
479.7 0
479.7 0
479.8 0
479.9 10
479.9 36
480.0 40
480.1 32
480.1 41
480.2 41
480.3 129
480.3 185
480.4 101
480.5 18
480.5 21
480.6 57
480.7 54
480.7 7
480.8 4
480.9 10
480.9 73
481.0 209
481.1 265
481.1 193
481.2 189
481.3 173
481.3 188
481.4 131
481.5 83
481.5 110
481.6 70
481.7 35
481.7 46
481.8 51
481.9 33
481.9 48
482.0 111
482.1 112
482.1 37
482.2 19
482.3 0
482.3 0
482.4 5
482.5 7
482.5 4
482.6 71
482.7 109
482.7 102
482.8 70
482.9 36
482.9 106
483.0 163
483.1 125
483.1 116
483.2 136
483.3 110
483.3 20
483.4 1
483.5 49
483.5 53
483.6 15
483.7 1
483.7 0
483.8 0
483.9 0
483.9 22
484.0 42
484.1 37
484.1 41
484.2 81
484.3 177
484.3 202
484.4 81
484.5 2
484.5 0
484.6 0
484.7 0
484.7 0
484.8 0
484.9 0
484.9 15
485.0 121
485.1 270
485.1 296
485.2 206
485.3 208
485.3 228
485.4 146
485.5 51
485.5 42
485.6 125
485.7 58
485.7 31
485.8 38
485.9 40
485.9 70
486.0 33
486.1 7
486.1 45
486.2 54
486.3 38
486.3 24
486.4 17
486.5 7
486.5 1
486.6 0
486.7 0
486.7 1
486.8 44
486.9 130
486.9 240
487.0 176
487.1 150
487.1 121
487.2 140
487.3 111
487.3 44
487.4 39
487.5 46
487.5 31
487.6 14
487.7 4
487.7 27
487.8 63
487.9 49
487.9 13
488.0 0
488.1 15
488.1 15
488.2 10
488.3 21
488.3 72
488.4 92
488.5 64
488.5 58
488.6 23
488.7 46
488.7 156
488.8 232
488.9 131
488.9 33
489.0 56
489.1 229
489.1 385
489.2 393
489.3 451
489.3 378
489.4 403
489.5 438
489.5 260
489.6 48
489.7 0
489.7 7
489.8 25
489.9 43
489.9 61
490.0 81
490.1 53
490.1 36
490.2 53
490.3 96
490.3 62
490.4 20
490.5 1
490.5 1
490.6 8
490.7 19
490.7 5
490.8 0
490.9 0
490.9 0
491.0 0
491.1 0
491.1 0
491.2 0
491.3 0
491.3 0
491.4 8
491.5 24
491.5 17
491.6 3
491.7 16
491.7 41
491.8 53
491.9 144
491.9 96
492.0 34
492.1 4
492.1 0
492.2 0
492.3 1
492.3 117
492.4 301
492.5 320
492.5 60
492.6 99
492.7 100
492.7 48
492.8 4
492.9 19
492.9 64
493.0 87
493.1 108
493.1 47
493.2 24
493.3 21
493.3 22
493.4 29
493.5 61
493.5 61
493.6 23
493.7 2
493.7 0
493.8 0
493.9 0
493.9 0
494.0 65
494.1 62
494.1 75
494.2 98
494.3 71
494.3 105
494.4 281
494.5 211
494.5 95
494.6 110
494.7 155
494.7 185
494.8 265
494.9 216
494.9 212
495.0 194
495.1 229
495.1 254
495.2 216
495.3 225
495.3 162
495.4 116
495.5 32
495.5 3
495.6 20
495.7 66
495.7 26
495.8 4
495.9 8
495.9 45
496.0 80
496.1 67
496.1 47
496.2 27
496.3 8
496.3 0
496.4 0
496.5 6
496.5 13
496.6 9
496.7 3
496.7 1
496.8 0
496.9 8
496.9 33
497.0 39
497.1 17
497.1 31
497.2 71
497.3 167
497.3 215
497.4 108
497.5 24
497.5 5
497.6 0
497.7 0
497.7 0
497.8 10
497.9 76
497.9 39
498.0 7
498.1 24
498.1 57
498.2 14
498.3 1
498.3 5
498.4 17
498.5 22
498.5 12
498.6 2
498.7 0
498.7 0
498.8 5
498.9 39
498.9 107
499.0 115
499.1 40
499.1 23
499.2 58
499.3 78
499.3 55
499.4 12
499.5 1
499.5 0
499.6 0
499.7 0
499.7 0
499.8 0
499.9 0
499.9 0
500.0 0
500.1 0
500.1 0
500.2 0
500.3 0
500.3 0
500.4 0
500.5 39
500.5 104
500.6 93
500.7 35
500.7 75
500.8 61
500.9 17
500.9 31
501.0 92
501.1 118
501.1 72
501.2 65
501.3 45
501.3 41
501.4 30
501.5 7
501.5 17
501.6 1
501.7 0
501.7 12
501.8 28
501.9 24
501.9 16
502.0 37
502.1 51
502.1 66
502.2 79
502.3 43
502.3 18
502.4 4
502.5 11
502.5 33
502.6 34
502.7 4
502.7 2
502.8 6
502.9 37
502.9 74
503.0 283
503.1 504
503.1 412
503.2 258
503.3 397
503.3 519
503.4 546
503.5 403
503.5 197
503.6 52
503.7 9
503.7 0
503.8 8
503.9 25
503.9 34
504.0 33
504.1 25
504.1 71
504.2 124
504.3 67
504.3 6
504.4 1
504.5 0
504.5 0
504.6 0
504.7 0
504.7 0
504.8 0
504.9 0
504.9 0
505.0 0
505.1 0
505.1 20
505.2 90
505.3 94
505.3 75
505.4 100
505.5 95
505.5 59
505.6 0
505.7 0
505.7 16
505.8 36
505.9 28
505.9 16
506.0 26
506.1 13
506.1 3
506.2 1
506.3 1
506.3 7
506.4 20
506.5 10
506.5 2
506.6 13
506.7 61
506.7 99
506.8 60
506.9 17
506.9 84
507.0 187
507.1 137
507.1 133
507.2 102
507.3 103
507.3 157
507.4 196
507.5 139
507.5 110
507.6 63
507.7 73
507.7 110
507.8 21
507.9 0
507.9 16
508.0 53
508.1 64
508.1 30
508.2 5
508.3 0
508.3 0
508.4 0
508.5 0
508.5 0
508.6 0
508.7 0
508.7 0
508.8 33
508.9 89
508.9 80
509.0 1
509.1 0
509.1 0
509.2 0
509.3 0
509.3 0
509.4 0
509.5 0
509.5 0
509.6 54
509.7 52
509.7 33
509.8 37
509.9 28
509.9 33
510.0 60
510.1 97
510.1 75
510.2 76
510.3 123
510.3 94
510.4 41
510.5 18
510.5 6
510.6 0
510.7 0
510.7 0
510.8 18
510.9 112
510.9 116
511.0 62
511.1 49
511.1 102
511.2 180
511.3 220
511.3 149
511.4 113
511.5 54
511.5 43
511.6 35
511.7 15
511.7 23
511.8 73
511.9 46
511.9 8
512.0 24
512.1 63
512.1 66
512.2 79
512.3 69
512.3 42
512.4 12
512.5 4
512.5 20
512.6 19
512.7 7
512.7 0
512.8 0
512.9 0
512.9 0
513.0 8
513.1 23
513.1 24
513.2 10
513.3 17
513.3 2
513.4 43
513.5 106
513.5 26
513.6 1
513.7 0
513.7 1
513.8 9
513.9 23
513.9 24
514.0 1
514.1 0
514.1 0
514.2 24
514.3 50
514.3 15
514.4 29
514.5 76
514.5 91
514.6 122
514.7 147
514.7 93
514.8 22
514.9 64
514.9 72
515.0 53
515.1 13
515.1 44
515.2 118
515.3 44
515.3 34
515.4 36
515.5 15
515.5 1
515.6 0
515.7 0
515.7 0
515.8 0
515.9 0
515.9 0
516.0 4
516.1 55
516.1 35
516.2 13
516.3 16
516.3 18
516.4 13
516.5 20
516.5 11
516.6 2
516.7 46
516.7 102
516.8 131
516.9 82
516.9 36
517.0 34
517.1 37
517.1 3
517.2 1
517.3 3
517.3 28
517.4 54
517.5 44
517.5 40
517.6 50
517.7 121
517.7 122
517.8 39
517.9 67
517.9 28
518.0 25
518.1 157
518.1 304
518.2 234
518.3 71
518.3 53
518.4 28
518.5 26
518.5 11
518.6 13
518.7 44
518.7 69
518.8 55
518.9 39
518.9 14
519.0 5
519.1 34
519.1 33
519.2 21
519.3 11
519.3 3
519.4 1
519.5 0
519.5 0
519.6 0
519.7 3
519.7 8
519.8 13
519.9 22
519.9 14
520.0 42
520.1 71
520.1 78
520.2 51
520.3 16
520.3 0
520.4 0
520.5 0
520.5 0
520.6 0
520.7 0
520.7 0
520.8 0
520.9 7
520.9 23
521.0 28
521.1 41
521.1 92
521.2 101
521.3 46
521.3 2
521.4 10
521.5 66
521.5 110
521.6 67
521.7 16
521.7 0
521.8 0
521.9 0
521.9 16
522.0 81
522.1 85
522.1 70
522.2 38
522.3 7
522.3 0
522.4 0
522.5 0
522.5 8
522.6 83
522.7 192
522.7 126
522.8 153
522.9 83
522.9 24
523.0 80
523.1 131
523.1 88
523.2 143
523.3 236
523.3 214
523.4 116
523.5 41
523.5 9
523.6 0
523.7 9
523.7 23
523.8 20
523.9 37
523.9 32
524.0 8
524.1 0
524.1 2
524.2 83
524.3 88
524.3 50
524.4 53
524.5 58
524.5 34
524.6 13
524.7 34
524.7 37
524.8 34
524.9 32
524.9 50
525.0 212
525.1 553
525.1 637
525.2 642
525.3 692
525.3 434
525.4 237
525.5 130
525.5 150
525.6 191
525.7 142
525.7 20
525.8 2
525.9 0
525.9 4
526.0 34
526.1 69
526.1 55
526.2 36
526.3 18
526.3 24
526.4 57
526.5 76
526.5 71
526.6 14
526.7 0
526.7 0
526.8 0
526.9 34
526.9 80
527.0 60
527.1 0
527.1 0
527.2 0
527.3 4
527.3 17
527.4 32
527.5 80
527.5 85
527.6 17
527.7 5
527.7 33
527.8 77
527.9 61
527.9 28
528.0 127
528.1 125
528.1 88
528.2 123
528.3 45
528.3 32
528.4 49
528.5 29
528.5 65
528.6 92
528.7 58
528.7 14
528.8 0
528.9 0
528.9 0
529.0 0
529.1 14
529.1 35
529.2 45
529.3 47
529.3 70
529.4 95
529.5 74
529.5 81
529.6 81
529.7 37
529.7 4
529.8 0
529.9 0
529.9 0
530.0 13
530.1 53
530.1 67
530.2 65
530.3 3
530.3 0
530.4 15
530.5 64
530.5 89
530.6 47
530.7 2
530.7 0
530.8 0
530.9 0
530.9 0
531.0 1
531.1 17
531.1 41
531.2 29
531.3 6
531.3 2
531.4 11
531.5 55
531.5 43
531.6 7
531.7 0
531.7 0
531.8 0
531.9 0
531.9 0
532.0 0
532.1 0
532.1 0
532.2 0
532.3 0
532.3 0
532.4 0
532.5 1
532.5 7
532.6 41
532.7 136
532.7 176
532.8 146
532.9 97
532.9 158
533.0 414
533.1 627
533.1 748
533.2 755
533.3 660
533.3 387
533.4 264
533.5 182
533.5 129
533.6 91
533.7 105
533.7 82
533.8 49
533.9 22
533.9 60
534.0 40
534.1 9
534.1 8
534.2 16
534.3 13
534.3 5
534.4 0
534.5 0
534.5 4
534.6 4
534.7 15
534.7 71
534.8 67
534.9 56
534.9 24
535.0 6
535.1 23
535.1 50
535.2 41
535.3 5
535.3 7
535.4 17
535.5 19
535.5 6
535.6 0
535.7 0
535.7 0
535.8 0
535.9 0
535.9 15
536.0 65
536.1 158
536.1 63
536.2 9
536.3 41
536.3 126
536.4 136
536.5 68
536.5 57
536.6 95
536.7 138
536.7 110
536.8 36
536.9 69
536.9 143
537.0 189
537.1 140
537.1 52
537.2 34
537.3 55
537.3 68
537.4 32
537.5 7
537.5 4
537.6 11
537.7 1
537.7 0
537.8 6
537.9 26
537.9 26
538.0 17
538.1 3
538.1 24
538.2 109
538.3 157
538.3 45
538.4 3
538.5 8
538.5 21
538.6 17
538.7 5
538.7 15
538.8 54
538.9 78
538.9 97
539.0 147
539.1 120
539.1 29
539.2 1
539.3 0
539.3 0
539.4 0
539.5 0
539.5 0
539.6 0
539.7 1
539.7 11
539.8 38
539.9 46
539.9 5
540.0 1
540.1 0
540.1 0
540.2 0
540.3 0
540.3 0
540.4 1
540.5 6
540.5 33
540.6 86
540.7 138
540.7 83
540.8 32
540.9 73
540.9 141
541.0 170
541.1 79
541.1 113
541.2 157
541.3 117
541.3 43
541.4 43
541.5 77
541.5 59
541.6 61
541.7 16
541.7 8
541.8 39
541.9 59
541.9 44
542.0 9
542.1 12
542.1 9
542.2 18
542.3 50
542.3 21
542.4 3
542.5 1
542.5 13
542.6 40
542.7 41
542.7 15
542.8 0
542.9 15
542.9 37
543.0 30
543.1 15
543.1 15
543.2 6
543.3 1
543.3 16
543.4 37
543.5 36
543.5 58
543.6 14
543.7 1
543.7 0
543.8 8
543.9 21
543.9 20
544.0 17
544.1 21
544.1 15
544.2 1
544.3 0
544.3 0
544.4 29
544.5 69
544.5 50
544.6 26
544.7 1
544.7 1
544.8 31
544.9 133
544.9 215
545.0 195
545.1 127
545.1 49
545.2 24
545.3 0
545.3 1
545.4 11
545.5 7
545.5 2
545.6 0
545.7 0
545.7 0
545.8 77
545.9 59
545.9 16
546.0 0
546.1 0
546.1 0
546.2 28
546.3 78
546.3 26
546.4 3
546.5 28
546.5 24
546.6 7
546.7 0
546.7 0
546.8 0
546.9 0
546.9 0
547.0 0
547.1 16
547.1 15
547.2 8
547.3 22
547.3 65
547.4 57
547.5 15
547.5 1
547.6 10
547.7 77
547.7 156
547.8 120
547.9 26
547.9 4
548.0 11
548.1 18
548.1 52
548.2 87
548.3 65
548.3 8
548.4 2
548.5 0
548.5 0
548.6 0
548.7 0
548.7 0
548.8 0
548.9 0
548.9 0
549.0 0
549.1 0
549.1 6
549.2 17
549.3 28
549.3 59
549.4 76
549.5 88
549.5 63
549.6 1
549.7 0
549.7 0
549.8 0
549.9 0
549.9 8
550.0 39
550.1 90
550.1 127
550.2 119
550.3 73
550.3 21
550.4 15
550.5 32
550.5 11
550.6 2
550.7 73
550.7 111
550.8 101
550.9 91
550.9 98
551.0 112
551.1 230
551.1 327
551.2 273
551.3 146
551.3 136
551.4 234
551.5 330
551.5 192
551.6 136
551.7 37
551.7 7
551.8 1
551.9 0
551.9 9
552.0 11
552.1 4
552.1 0
552.2 1
552.3 65
552.3 133
552.4 113
552.5 38
552.5 3
552.6 1
552.7 6
552.7 26
552.8 59
552.9 79
552.9 53
553.0 18
553.1 15
553.1 20
553.2 22
553.3 35
553.3 33
553.4 23
553.5 39
553.5 46
553.6 22
553.7 0
553.7 0
553.8 0
553.9 2
553.9 10
554.0 35
554.1 27
554.1 10
554.2 2
554.3 27
554.3 118
554.4 106
554.5 21
554.5 12
554.6 25
554.7 23
554.7 6
554.8 0
554.9 68
554.9 185
555.0 202
555.1 143
555.1 78
555.2 58
555.3 9
555.3 4
555.4 16
555.5 4
555.5 24
555.6 47
555.7 13
555.7 6
555.8 5
555.9 21
555.9 80
556.0 95
556.1 58
556.1 87
556.2 73
556.3 125
556.3 127
556.4 54
556.5 5
556.5 0
556.6 0
556.7 0
556.7 0
556.8 1
556.9 9
556.9 46
557.0 57
557.1 60
557.1 94
557.2 84
557.3 37
557.3 37
557.4 75
557.5 89
557.5 27
557.6 45
557.7 90
557.7 66
557.8 29
557.9 59
557.9 84
558.0 47
558.1 9
558.1 0
558.2 1
558.3 19
558.3 125
558.4 124
558.5 98
558.5 83
558.6 127
558.7 88
558.7 26
558.8 12
558.9 30
558.9 25
559.0 34
559.1 72
559.1 90
559.2 72
559.3 81
559.3 102
559.4 142
559.5 165
559.5 54
559.6 64
559.7 75
559.7 20
559.8 1
559.9 0
559.9 1
560.0 14
560.1 50
560.1 74
560.2 58
560.3 23
560.3 4
560.4 0
560.5 0
560.5 0
560.6 0
560.7 0
560.7 0
560.8 0
560.9 0
560.9 0
561.0 0
561.1 0
561.1 0
561.2 24
561.3 62
561.3 136
561.4 112
561.5 37
561.5 7
561.6 27
561.7 24
561.7 30
561.8 7
561.9 1
561.9 0
562.0 0
562.1 0
562.1 0
562.2 0
562.3 9
562.3 5
562.4 1
562.5 0
562.5 3
562.6 1
562.7 50
562.7 170
562.8 123
562.9 31
562.9 2
563.0 14
563.1 37
563.1 29
563.2 8
563.3 9
563.3 24
563.4 28
563.5 126
563.5 157
563.6 79
563.7 15
563.7 1
563.8 1
563.9 0
563.9 0
564.0 0
564.1 0
564.1 42
564.2 34
564.3 72
564.3 89
564.4 91
564.5 99
564.5 79
564.6 29
564.7 1
564.7 0
564.8 63
564.9 84
564.9 43
565.0 21
565.1 34
565.1 31
565.2 0
565.3 0
565.3 0
565.4 57
565.5 101
565.5 83
565.6 13
565.7 1
565.7 0
565.8 0
565.9 0
565.9 0
566.0 0
566.1 0
566.1 0
566.2 7
566.3 99
566.3 172
566.4 160
566.5 158
566.5 128
566.6 106
566.7 86
566.7 67
566.8 22
566.9 56
566.9 115
567.0 138
567.1 143
567.1 81
567.2 26
567.3 22
567.3 92
567.4 105
567.5 100
567.5 68
567.6 41
567.7 11
567.7 2
567.8 0
567.9 12
567.9 44
568.0 114
568.1 105
568.1 53
568.2 36
568.3 25
568.3 6
568.4 2
568.5 21
568.5 55
568.6 52
568.7 123
568.7 153
568.8 204
568.9 193
568.9 239
569.0 404
569.1 810
569.1 1449
569.2 1422
569.3 1498
569.3 1675
569.4 1603
569.5 1205
569.5 741
569.6 489
569.7 348
569.7 235
569.8 190
569.9 51
569.9 32
570.0 62
570.1 69
570.1 137
570.2 134
570.3 97
570.3 142
570.4 167
570.5 149
570.5 97
570.6 111
570.7 86
570.7 66
570.8 33
570.9 159
570.9 168
571.0 89
571.1 95
571.1 114
571.2 254
571.3 296
571.3 221
571.4 118
571.5 49
571.5 7
571.6 2
571.7 0
571.7 8
571.8 86
571.9 155
571.9 30
572.0 0
572.1 1
572.1 12
572.2 37
572.3 43
572.3 27
572.4 31
572.5 37
572.5 17
572.6 0
572.7 0
572.7 0
572.8 0
572.9 0
572.9 0
573.0 0
573.1 0
573.1 0
573.2 23
573.3 72
573.3 29
573.4 7
573.5 73
573.5 169
573.6 129
573.7 30
573.7 0
573.8 0
573.9 0
573.9 0
574.0 0
574.1 0
574.1 6
574.2 52
574.3 90
574.3 12
574.4 1
574.5 13
574.5 60
574.6 79
574.7 9
574.7 3
574.8 5
574.9 18
574.9 22
575.0 23
575.1 70
575.1 169
575.2 260
575.3 99
575.3 44
575.4 12
575.5 1
575.5 0
575.6 12
575.7 33
575.7 9
575.8 0
575.9 14
575.9 35
576.0 16
576.1 41
576.1 136
576.2 169
576.3 187
576.3 162
576.4 63
576.5 32
576.5 104
576.6 96
576.7 76
576.7 116
576.8 322
576.9 586
576.9 910
577.0 1431
577.1 1957
577.1 2131
577.2 2478
577.3 2689
577.3 2529
577.4 1999
577.5 1552
577.5 1128
577.6 586
577.7 189
577.7 76
577.8 57
577.9 17
577.9 20
578.0 27
578.1 15
578.1 21
578.2 119
578.3 189
578.3 57
578.4 1
578.5 0
578.5 0
578.6 0
578.7 0
578.7 0
578.8 0
578.9 0
578.9 0
579.0 0
579.1 8
579.1 33
579.2 24
579.3 11
579.3 4
579.4 1
579.5 21
579.5 16
579.6 6
579.7 2
579.7 0
579.8 0
579.9 1
579.9 7
580.0 32
580.1 44
580.1 41
580.2 18
580.3 0
580.3 0
580.4 0
580.5 6
580.5 25
580.6 36
580.7 9
580.7 0
580.8 0
580.9 0
580.9 5
581.0 45
581.1 146
581.1 186
581.2 126
581.3 80
581.3 56
581.4 33
581.5 41
581.5 61
581.6 27
581.7 12
581.7 37
581.8 27
581.9 11
581.9 47
582.0 48
582.1 47
582.1 100
582.2 148
582.3 68
582.3 9
582.4 2
582.5 0
582.5 0
582.6 0
582.7 0
582.7 0
582.8 0
582.9 34
582.9 66
583.0 74
583.1 46
583.1 19
583.2 32
583.3 47
583.3 34
583.4 106
583.5 142
583.5 63
583.6 24
583.7 0
583.7 0
583.8 7
583.9 23
583.9 18
584.0 38
584.1 53
584.1 67
584.2 74
584.3 174
584.3 245
584.4 175
584.5 93
584.5 70
584.6 37
584.7 2
584.7 9
584.8 25
584.9 6
584.9 40
585.0 102
585.1 158
585.1 123
585.2 109
585.3 98
585.3 148
585.4 143
585.5 110
585.5 56
585.6 53
585.7 22
585.7 21
585.8 75
585.9 93
585.9 44
586.0 1
586.1 1
586.1 15
586.2 38
586.3 34
586.3 12
586.4 2
586.5 2
586.5 13
586.6 28
586.7 5
586.7 0
586.8 0
586.9 4
586.9 71
587.0 116
587.1 129
587.1 163
587.2 106
587.3 55
587.3 30
587.4 8
587.5 0
587.5 0
587.6 19
587.7 16
587.7 5
587.8 0
587.9 0
587.9 39
588.0 97
588.1 79
588.1 23
588.2 112
588.3 89
588.3 27
588.4 7
588.5 42
588.5 25
588.6 5
588.7 1
588.7 0
588.8 0
588.9 0
588.9 0
589.0 0
589.1 2
589.1 10
589.2 11
589.3 9
589.3 2
589.4 0
589.5 0
589.5 0
589.6 0
589.7 0
589.7 0
589.8 0
589.9 0
589.9 0
590.0 0
590.1 0
590.1 0
590.2 4
590.3 90
590.3 96
590.4 65
590.5 38
590.5 56
590.6 26
590.7 12
590.7 20
590.8 19
590.9 0
590.9 0
591.0 0
591.1 1
591.1 10
591.2 77
591.3 148
591.3 111
591.4 41
591.5 5
591.5 0
591.6 0
591.7 0
591.7 0
591.8 0
591.9 5
591.9 7
592.0 138
592.1 191
592.1 108
592.2 76
592.3 190
592.3 226
592.4 223
592.5 249
592.5 66
592.6 9
592.7 1
592.7 28
592.8 69
592.9 19
592.9 27
593.0 77
593.1 100
593.1 120
593.2 159
593.3 94
593.3 30
593.4 52
593.5 73
593.5 47
593.6 6
593.7 20
593.7 294
593.8 188
593.9 77
593.9 14
594.0 9
594.1 38
594.1 75
594.2 84
594.3 47
594.3 37
594.4 39
594.5 23
594.5 5
594.6 16
594.7 69
594.7 224
594.8 212
594.9 140
594.9 135
595.0 110
595.1 189
595.1 163
595.2 177
595.3 336
595.3 331
595.4 384
595.5 269
595.5 183
595.6 68
595.7 21
595.7 6
595.8 10
595.9 16
595.9 30
596.0 9
596.1 41
596.1 126
596.2 188
596.3 183
596.3 169
596.4 128
596.5 39
596.5 11
596.6 33
596.7 32
596.7 22
596.8 109
596.9 178
596.9 139
597.0 89
597.1 105
597.1 142
597.2 77
597.3 50
597.3 88
597.4 173
597.5 173
597.5 60
597.6 11
597.7 2
597.7 17
597.8 48
597.9 20
597.9 21
598.0 9
598.1 2
598.1 1
598.2 0
598.3 0
598.3 1
598.4 33
598.5 84
598.5 126
598.6 79
598.7 20
598.7 1
598.8 13
598.9 33
598.9 35
599.0 59
599.1 49
599.1 37
599.2 37
599.3 70
599.3 106
599.4 100
599.5 109
599.5 106
599.6 78
599.7 66
599.7 50
599.8 31
599.9 1
599.9 0
600.0 0
600.1 7
600.1 17
600.2 15
600.3 5
600.3 0
600.4 0
600.5 0
600.5 0
600.6 0
600.7 0
600.7 0
600.8 0
600.9 0
600.9 0
601.0 0
601.1 0
601.1 0
601.2 0
601.3 0
601.3 0
601.4 0
601.5 5
601.5 11
601.6 3
601.7 0
601.7 0
601.8 0
601.9 0
601.9 0
602.0 0
602.1 0
602.1 0
602.2 0
602.3 0
602.3 0
602.4 0
602.5 0
602.5 0
602.6 0
602.7 0
602.7 0
602.8 0
602.9 0
602.9 0
603.0 0
603.1 0
603.1 0
603.2 0
603.3 0
603.3 0
603.4 0
603.5 0
603.5 0
603.6 4
603.7 4
603.7 102
603.8 134
603.9 77
603.9 42
604.0 26
604.1 8
604.1 1
604.2 0
604.3 0
604.3 0
604.4 0
604.5 1
604.5 6
604.6 18
604.7 40
604.7 64
604.8 18
604.9 0
604.9 0
605.0 24
605.1 91
605.1 81
605.2 7
605.3 0
605.3 4
605.4 16
605.5 17
605.5 0
605.6 0
605.7 0
605.7 20
605.8 50
605.9 44
605.9 14
606.0 2
606.1 10
606.1 20
606.2 53
606.3 142
606.3 153
606.4 40
606.5 9
606.5 18
606.6 27
606.7 75
606.7 96
606.8 59
606.9 14
606.9 5
607.0 17
607.1 54
607.1 57
607.2 25
607.3 10
607.3 2
607.4 0
607.5 0
607.5 0
607.6 0
607.7 0
607.7 29
607.8 88
607.9 52
607.9 24
608.0 32
608.1 30
608.1 1
608.2 8
608.3 55
608.3 98
608.4 105
608.5 58
608.5 34
608.6 15
608.7 36
608.7 61
608.8 94
608.9 151
608.9 173
609.0 183
609.1 152
609.1 180
609.2 143
609.3 62
609.3 66
609.4 121
609.5 130
609.5 67
609.6 5
609.7 14
609.7 12
609.8 4
609.9 1
609.9 8
610.0 28
610.1 101
610.1 99
610.2 93
610.3 164
610.3 87
610.4 38
610.5 66
610.5 65
610.6 41
610.7 17
610.7 51
610.8 97
610.9 100
610.9 98
611.0 92
611.1 204
611.1 261
611.2 264
611.3 398
611.3 378
611.4 293
611.5 329
611.5 216
611.6 47
611.7 27
611.7 112
611.8 266
611.9 189
611.9 53
612.0 13
612.1 39
612.1 84
612.2 89
612.3 153
612.3 148
612.4 71
612.5 65
612.5 88
612.6 137
612.7 294
612.7 264
612.8 435
612.9 1001
612.9 1517
613.1 2367
613.1 3122
613.1 3207
613.2 3138
613.0 3315
613.3 2943
613.4 2293
613.5 1778
613.5 1475
613.6 965
613.7 493
613.7 225
613.8 195
613.9 134
613.9 101
614.0 60
614.1 66
614.1 45
614.2 21
614.3 26
614.3 16
614.4 25
614.5 20
614.5 26
614.6 50
614.7 39
614.7 5
614.8 22
614.9 53
614.9 43
615.0 15
615.1 28
615.1 57
615.2 76
615.3 118
615.3 101
615.4 3
615.5 0
615.5 0
615.6 0
615.7 0
615.7 0
615.8 0
615.9 0
615.9 0
616.0 0
616.1 0
616.1 0
616.2 0
616.3 0
616.3 0
616.4 1
616.5 15
616.5 36
616.6 29
616.7 25
616.7 2
616.8 0
616.9 0
616.9 0
617.0 0
617.1 4
617.1 34
617.2 100
617.3 41
617.3 9
617.4 1
617.5 0
617.5 0
617.6 0
617.7 0
617.7 0
617.8 0
617.9 0
617.9 1
618.0 92
618.1 132
618.1 91
618.2 27
618.3 1
618.3 0
618.4 0
618.5 0
618.5 0
618.6 0
618.7 0
618.7 0
618.8 4
618.9 23
618.9 28
619.0 48
619.1 52
619.1 26
619.2 5
619.3 3
619.3 10
619.4 20
619.5 45
619.5 63
619.6 42
619.7 19
619.7 9
619.8 2
619.9 14
619.9 47
620.0 77
620.1 80
620.1 55
620.2 134
620.3 101
620.3 38
620.4 19
620.5 55
620.5 98
620.6 114
620.7 71
620.7 115
620.8 67
620.9 44
620.9 145
621.0 295
621.1 280
621.1 148
621.2 134
621.3 153
621.3 182
621.4 131
621.5 122
621.5 104
621.6 14
621.7 10
621.7 22
621.8 17
621.9 4
621.9 0
622.0 0
622.1 0
622.1 0
622.2 14
622.3 18
622.3 19
622.4 5
622.5 1
622.5 0
622.6 3
622.7 16
622.7 15
622.8 5
622.9 18
622.9 42
623.0 14
623.1 3
623.1 1
623.2 42
623.3 54
623.3 119
623.4 280
623.5 323
623.5 176
623.6 21
623.7 7
623.7 29
623.8 39
623.9 62
623.9 101
624.0 188
624.1 344
624.1 470
624.2 625
624.3 650
624.3 637
624.4 545
624.5 428
624.5 325
624.6 291
624.7 171
624.7 145
624.8 284
624.9 446
624.9 464
625.0 383
625.1 416
625.1 288
625.2 277
625.3 662
625.3 903
625.4 858
625.5 647
625.5 469
625.6 444
625.7 326
625.7 97
625.8 78
625.9 126
625.9 153
626.0 177
626.1 152
626.1 117
626.2 228
626.3 243
626.3 224
626.4 89
626.5 144
626.5 206
626.6 94
626.7 80
626.7 39
626.8 12
626.9 3
626.9 10
627.0 35
627.1 77
627.1 129
627.2 106
627.3 21
627.3 68
627.4 92
627.5 54
627.5 81
627.6 49
627.7 10
627.7 1
627.8 0
627.9 0
627.9 0
628.0 0
628.1 3
628.1 18
628.2 31
628.3 67
628.3 88
628.4 91
628.5 57
628.5 0
628.6 0
628.7 5
628.7 9
628.8 3
628.9 6
628.9 48
629.0 100
629.1 43
629.1 82
629.2 185
629.3 71
629.3 12
629.4 0
629.5 0
629.5 0
629.6 0
629.7 8
629.7 44
629.8 46
629.9 43
629.9 58
630.0 43
630.1 22
630.1 42
630.2 62
630.3 34
630.3 7
630.4 30
630.5 58
630.5 16
630.6 16
630.7 42
630.7 32
630.8 7
630.9 0
630.9 64
631.0 73
631.1 31
631.1 3
631.2 0
631.3 0
631.3 0
631.4 0
631.5 0
631.5 0
631.6 0
631.7 11
631.7 31
631.8 26
631.9 10
631.9 0
632.0 25
632.1 116
632.1 65
632.2 9
632.3 0
632.3 0
632.4 2
632.5 0
632.5 0
632.6 33
632.7 84
632.7 66
632.8 18
632.9 1
632.9 0
633.0 0
633.1 5
633.1 41
633.2 32
633.3 12
633.3 2
633.4 0
633.5 11
633.5 50
633.6 73
633.7 17
633.7 1
633.8 0
633.9 0
633.9 0
634.0 3
634.1 44
634.1 152
634.2 287
634.3 164
634.3 138
634.4 68
634.5 70
634.5 34
634.6 35
634.7 63
634.7 49
634.8 19
634.9 15
634.9 4
635.0 0
635.1 6
635.1 52
635.2 59
635.3 12
635.3 0
635.4 0
635.5 0
635.5 0
635.6 0
635.7 0
635.7 0
635.8 0
635.9 0
635.9 0
636.0 0
636.1 0
636.1 0
636.2 0
636.3 0
636.3 0
636.4 0
636.5 21
636.5 73
636.6 123
636.7 88
636.7 28
636.8 5
636.9 1
636.9 0
637.0 0
637.1 0
637.1 0
637.2 0
637.3 0
637.3 1
637.4 11
637.5 25
637.5 23
637.6 44
637.7 38
637.7 92
637.8 52
637.9 36
637.9 47
638.0 21
638.1 92
638.1 147
638.2 346
638.3 405
638.3 353
638.4 418
638.5 519
638.5 540
638.6 405
638.7 339
638.7 340
638.8 424
638.9 409
638.9 783
639.1 1159
639.1 1282
639.1 1559
639.0 1644
639.3 1470
639.3 1052
639.4 680
639.5 484
639.5 335
639.6 199
639.7 146
639.7 59
639.8 48
639.9 78
639.9 177
640.0 389
640.1 366
640.1 358
640.2 355
640.3 317
640.3 260
640.4 196
640.5 242
640.5 266
640.6 172
640.7 110
640.7 149
640.8 149
640.9 53
640.9 78
641.0 89
641.1 65
641.1 33
641.2 100
641.3 198
641.3 125
641.4 27
641.5 1
641.5 0
641.6 0
641.7 0
641.7 14
641.8 41
641.9 41
641.9 16
642.0 3
642.1 11
642.1 59
642.2 32
642.3 14
642.3 21
642.4 18
642.5 6
642.5 0
642.6 0
642.7 0
642.7 0
642.8 0
642.9 0
642.9 0
643.0 0
643.1 0
643.1 0
643.2 0
643.3 0
643.3 0
643.4 0
643.5 0
643.5 0
643.6 0
643.7 0
643.7 0
643.8 0
643.9 0
643.9 0
644.0 0
644.1 0
644.1 0
644.2 0
644.3 0
644.3 0
644.4 0
644.5 0
644.5 0
644.6 0
644.7 0
644.7 0
644.8 0
644.9 0
644.9 0
645.0 16
645.1 11
645.1 2
645.2 0
645.3 0
645.3 0
645.4 0
645.5 0
645.5 0
645.6 0
645.7 0
645.7 0
645.8 0
645.9 0
645.9 0
646.0 7
646.1 13
646.1 3
646.2 1
646.3 0
646.3 0
646.4 0
646.5 0
646.5 0
646.6 0
646.7 0
646.7 0
646.8 0
646.9 0
646.9 0
647.0 0
647.1 0
647.1 0
647.2 0
647.3 25
647.3 90
647.4 136
647.5 92
647.5 17
647.6 18
647.7 11
647.7 15
647.8 1
647.9 1
647.9 11
648.0 25
648.1 8
648.1 0
648.2 0
648.3 0
648.3 0
648.4 0
648.5 0
648.5 0
648.6 0
648.7 0
648.7 0
648.8 0
648.9 0
648.9 0
649.0 0
649.1 129
649.1 165
649.2 117
649.3 46
649.3 3
649.4 0
649.5 0
649.5 0
649.6 0
649.7 0
649.7 0
649.8 0
649.9 0
649.9 0
650.0 0
650.1 0
650.1 0
650.2 0
650.3 0
650.3 0
650.4 0
650.5 0
650.5 0
650.6 0
650.7 0
650.7 14
650.8 42
650.9 43
650.9 1
651.0 0
651.1 0
651.1 0
651.2 0
651.3 0
651.3 0
651.4 0
651.5 0
651.5 0
651.6 17
651.7 52
651.7 52
651.8 2
651.9 0
651.9 0
652.0 0
652.1 0
652.1 0
652.2 0
652.3 0
652.3 0
652.4 0
652.5 0
652.5 0
652.6 0
652.7 0
652.7 0
652.8 0
652.9 0
652.9 0
653.0 0
653.1 0
653.1 0
653.2 0
653.3 0
653.3 0
653.4 0
653.5 0
653.5 0
653.6 0
653.7 0
653.7 0
653.8 0
653.9 0
653.9 0
654.0 0
654.1 0
654.1 0
654.2 0
654.3 0
654.3 0
654.4 0
654.5 0
654.5 0
654.6 0
654.7 0
654.7 0
654.8 0
654.9 0
654.9 0
655.0 0
655.1 9
655.1 39
655.2 68
655.3 57
655.3 23
655.4 3
655.5 10
655.5 27
655.6 24
655.7 7
655.7 0
655.8 0
655.9 0
655.9 0
656.0 0
656.1 86
656.1 275
656.2 342
656.3 332
656.3 339
656.4 508
656.5 562
656.5 473
656.6 490
656.7 460
656.7 682
656.8 1156
656.9 1669
656.9 2940
657.1 4513
657.1 7531
657.1 10513
657.2 12988
657.3 18106
657.3 21947
657.4 25226
657.0 25972
657.5 23263
657.6 17074
657.7 11209
657.7 6851
657.8 4187
657.9 2183
657.9 717
658.0 298
658.1 290
658.1 298
658.2 226
658.3 123
658.3 155
658.4 173
658.5 98
658.5 57
658.6 32
658.7 13
658.7 17
658.8 6
658.9 0
658.9 0
659.0 0
659.1 0
659.1 0
659.2 0
659.3 0
659.3 0
659.4 0
659.5 0
659.5 0
659.6 2
659.7 27
659.7 58
659.8 12
659.9 2
659.9 0
660.0 0
660.1 0
660.1 0
660.2 0
660.3 0
660.3 0
660.4 0
660.5 0
660.5 0
660.6 0
660.7 0
660.7 0
660.8 0
660.9 0
660.9 0
661.0 0
661.1 0
661.1 2
661.2 50
661.3 102
661.3 32
661.4 2
661.5 0
661.5 0
661.6 0
661.7 0
661.7 0
661.8 0
661.9 0
661.9 0
662.0 0
662.1 0
662.1 0
662.2 0
662.3 0
662.3 0
662.4 0
662.5 0
662.5 0
662.6 0
662.7 0
662.7 0
662.8 0
662.9 0
662.9 0
663.0 0
663.1 0
663.1 0
663.2 0
663.3 0
663.3 0
663.4 0
663.5 0
663.5 0
663.6 0
663.7 0
663.7 0
663.8 0
663.9 0
663.9 0
664.0 0
664.1 0
664.1 0
664.2 0
664.3 0
664.3 0
664.4 0
664.5 0
664.5 0
664.6 0
664.7 0
664.7 0
664.8 0
664.9 0
664.9 0
665.0 0
665.1 0
665.1 0
665.2 0
665.3 0
665.3 0
665.4 0
665.5 0
665.5 0
665.6 0
665.7 0
665.7 0
665.8 0
665.9 0
665.9 0
666.0 0
666.1 0
666.1 0
666.2 0
666.3 0
666.3 0
666.4 0
666.5 0
666.5 0
666.6 0
666.7 0
666.7 0
666.8 0
666.9 0
666.9 0
667.0 0
667.1 0
667.1 0
667.2 0
667.3 0
667.3 0
667.4 0
667.5 0
667.5 18
667.6 48
667.7 41
667.7 0
667.8 0
667.9 0
667.9 0
668.0 0
668.1 0
668.1 0
668.2 0
668.3 0
668.3 0
668.4 0
668.5 0
668.5 0
668.6 0
668.7 0
668.7 0
668.8 0
668.9 0
668.9 0
669.0 0
669.1 0
669.1 0
669.2 0
669.3 0
669.3 0
669.4 0
669.5 0
669.5 0
669.6 0
669.7 0
669.7 0
669.8 0
669.9 0
669.9 0
670.0 0
670.1 0
670.1 0
670.2 0
670.3 0
670.3 0
670.4 0
670.5 0
670.5 0
670.6 0
670.7 0
670.7 0
670.8 0
670.9 0
670.9 0
671.0 0
671.1 0
671.1 0
671.2 0
671.3 0
671.3 0
671.4 0
671.5 0
671.5 0
671.6 0
671.7 0
671.7 0
671.8 0
671.9 0
671.9 0
672.0 0
672.1 0
672.1 0
672.2 0
672.3 0
672.3 0
672.4 0
672.5 0
672.5 0
672.6 0
672.7 0
672.7 0
672.8 0
672.9 0
672.9 0
673.0 0
673.1 0
673.1 0
673.2 26
673.3 17
673.3 1
673.4 0
673.5 0
673.5 0
673.6 0
673.7 0
673.7 17
673.8 34
673.9 9
673.9 1
674.0 0
674.1 0
674.1 0
674.2 0
674.3 0
674.3 0
674.4 0
674.5 0
674.5 0
674.6 0
674.7 0
674.7 0
674.8 0
674.9 0
674.9 0
675.0 0
675.1 0
675.1 0
675.2 0
675.3 0
675.3 0
675.4 0
675.5 0
675.5 0
675.6 0
675.7 0
675.7 0
675.8 0
675.9 0
675.9 0
676.0 0
676.1 0
676.1 0
676.2 0
676.3 0
676.3 0
676.4 0
676.5 0
676.5 0
676.6 4
676.7 19
676.7 27
676.8 4
676.9 1
676.9 0
677.0 0
677.1 0
677.1 0
677.2 0
677.3 0
677.3 0
677.4 0
677.5 0
677.5 0
677.6 0
677.7 0
677.7 0
677.8 0
677.9 0
677.9 0
678.0 0
678.1 0
678.1 0
678.2 2
678.3 2
678.3 18
678.4 82
678.5 106
678.5 7
678.6 0
678.7 0
678.7 1
678.8 0
678.9 0
678.9 0
679.0 0
679.1 8
679.1 27
679.2 58
679.3 79
679.3 26
679.4 3
679.5 0
679.5 52
679.6 85
679.7 53
679.7 42
679.8 79
679.9 74
679.9 39
680.0 11
680.1 1
680.1 0
680.2 0
680.3 0
680.3 0
680.4 0
680.5 0
680.5 0
680.6 0
680.7 0
680.7 0
680.8 0
680.9 0
680.9 0
681.0 0
681.1 0
681.1 0
681.2 0
681.3 0
681.3 0
681.4 0
681.5 0
681.5 0
681.6 0
681.7 0
681.7 0
681.8 0
681.9 0
681.9 0
682.0 0
682.1 0
682.1 0
682.2 0
682.3 0
682.3 0
682.4 0
682.5 0
682.5 0
682.6 0
682.7 0
682.7 0
682.8 0
682.9 0
682.9 0
683.0 0
683.1 0
683.1 24
683.2 40
683.3 31
683.3 43
683.4 64
683.5 40
683.5 11
683.6 0
683.7 0
683.7 0
683.8 0
683.9 0
683.9 0
684.0 1
684.1 12
684.1 26
684.2 6
684.3 1
684.3 0
684.4 0
684.5 0
684.5 0
684.6 0
684.7 0
684.7 6
684.8 42
684.9 26
684.9 18
685.0 48
685.1 69
685.1 7
685.2 0
685.3 0
685.3 0
685.4 0
685.5 0
685.5 0
685.6 0
685.7 0
685.7 0
685.8 0
685.9 0
685.9 0
686.0 0
686.1 0
686.1 0
686.2 0
686.3 0
686.3 0
686.4 0
686.5 0
686.5 0
686.6 0
686.7 0
686.7 0
686.8 0
686.9 0
686.9 0
687.0 0
687.1 0
687.1 0
687.2 0
687.3 0
687.3 0
687.4 0
687.5 0
687.5 0
687.6 0
687.7 0
687.7 0
687.8 0
687.9 0
687.9 0
688.0 1
688.1 21
688.1 38
688.2 9
688.3 0
688.3 0
688.4 0
688.5 0
688.5 0
688.6 0
688.7 0
688.7 0
688.8 0
688.9 11
688.9 39
689.0 46
689.1 3
689.1 1
689.2 0
689.3 0
689.3 0
689.4 0
689.5 0
689.5 0
689.6 0
689.7 0
689.7 0
689.8 0
689.9 0
689.9 0
690.0 0
690.1 0
690.1 0
690.2 0
690.3 0
690.3 0
690.4 0
690.5 0
690.5 0
690.6 0
690.7 0
690.7 0
690.8 0
690.9 0
690.9 0
691.0 0
691.1 0
691.1 0
691.2 0
691.3 0
691.3 0
691.4 26
691.5 20
691.5 6
691.6 1
691.7 0
691.7 0
691.8 0
691.9 0
691.9 0
692.0 0
692.1 0
692.1 0
692.2 0
692.3 0
692.3 0
692.4 0
692.5 0
692.5 0
692.6 0
692.7 0
692.7 0
692.8 0
692.9 0
692.9 0
693.0 0
693.1 0
693.1 0
693.2 0
693.3 4
693.3 13
693.4 3
693.5 0
693.5 0
693.6 0
693.7 0
693.7 0
693.8 0
693.9 0
693.9 0
694.0 0
694.1 0
694.1 0
694.2 0
694.3 0
694.3 0
694.4 0
694.5 8
694.5 51
694.6 53
694.7 13
694.7 3
694.8 0
694.9 0
694.9 0
695.0 0
695.1 0
695.1 0
695.2 0
695.3 0
695.3 0
695.4 0
695.5 0
695.5 0
695.6 0
695.7 0
695.7 0
695.8 0
695.9 0
695.9 0
696.0 0
696.1 0
696.1 0
696.2 0
696.3 0
696.3 0
696.4 0
696.5 0
696.5 0
696.6 0
696.7 0
696.7 0
696.8 0
696.9 0
696.9 0
697.0 0
697.1 0
697.1 0
697.2 0
697.3 0
697.3 10
697.4 34
697.5 30
697.5 9
697.6 0
697.7 0
697.7 0
697.8 0
697.9 0
697.9 1
698.0 14
698.1 30
698.1 21
698.2 5
698.3 0
698.3 0
698.4 0
698.5 0
698.5 0
698.6 0
698.7 0
698.7 0
698.8 0
698.9 0
698.9 0
699.0 0
699.1 0
699.1 1
699.2 14
699.3 32
699.3 27
699.4 0
699.5 0
699.5 0
699.6 0
699.7 7
699.7 25
699.8 12
699.9 3
699.9 1
700.0 0
700.1 0
700.1 0
700.2 0
700.3 0
700.3 0
700.4 0
700.5 0
700.5 0
700.6 0
700.7 0
700.7 0
700.8 0
700.9 0
700.9 0
701.0 0
701.1 0
701.1 0
701.2 0
701.3 0
701.3 0
701.4 0
701.5 0
701.5 0
701.6 0
701.7 0
701.7 0
701.8 0
701.9 0
701.9 0
702.0 0
702.1 0
702.1 0
702.2 0
702.3 0
702.3 0
702.4 0
702.5 0
702.5 0
702.6 0
702.7 0
702.7 0
702.8 0
702.9 0
702.9 0
703.0 0
703.1 0
703.1 0
703.2 0
703.3 0
703.3 0
703.4 0
703.5 0
703.5 12
703.6 41
703.7 18
703.7 3
703.8 1
703.9 0
703.9 0
704.0 0
704.1 0
704.1 0
704.2 0
704.3 0
704.3 0
704.4 0
704.5 0
704.5 0
704.6 0
704.7 0
704.7 0
704.8 0
704.9 0
704.9 0
705.0 0
705.1 0
705.1 0
705.2 0
705.3 0
705.3 0
705.4 0
705.5 0
705.5 0
705.6 0
705.7 0
705.7 0
705.8 0
705.9 0
705.9 0
706.0 0
706.1 0
706.1 0
706.2 0
706.3 0
706.3 0
706.4 0
706.5 0
706.5 0
706.6 0
706.7 0
706.7 0
706.8 0
706.9 0
706.9 0
707.0 0
707.1 0
707.1 0
707.2 0
707.3 0
707.3 0
707.4 0
707.5 0
707.5 0
707.6 0
707.7 0
707.7 0
707.8 0
707.9 0
707.9 0
708.0 0
708.1 0
708.1 0
708.2 0
708.3 0
708.3 0
708.4 0
708.5 0
708.5 12
708.6 31
708.7 25
708.7 0
708.8 0
708.9 0
708.9 0
709.0 0
709.1 0
709.1 0
709.2 0
709.3 0
709.3 0
709.4 0
709.5 0
709.5 0
709.6 0
709.7 0
709.7 0
709.8 0
709.9 0
709.9 0
710.0 0
710.1 0
710.1 0
710.2 0
710.3 0
710.3 0
710.4 0
710.5 1
710.5 9
710.6 38
710.7 56
710.7 7
710.8 1
710.9 0
710.9 0
711.0 0
711.1 0
711.1 0
711.2 0
711.3 0
711.3 0
711.4 0
711.5 0
711.5 0
711.6 0
711.7 0
711.7 0
711.8 0
711.9 0
711.9 0
712.0 0
712.1 0
712.1 0
712.2 0
712.3 0
712.3 0
712.4 0
712.5 0
712.5 0
712.6 0
712.7 0
712.7 0
712.8 0
712.9 0
712.9 0
713.0 0
713.1 0
713.1 0
713.2 0
713.3 0
713.3 0
713.4 0
713.5 0
713.5 0
713.6 0
713.7 0
713.7 0
713.8 0
713.9 0
713.9 0
714.0 0
714.1 0
714.1 0
714.2 0
714.3 0
714.3 0
714.4 7
714.5 24
714.5 23
714.6 7
714.7 0
714.7 0
714.8 0
714.9 0
714.9 0
715.0 0
715.1 0
715.1 0
715.2 0
715.3 0
715.3 0
715.4 0
715.5 0
715.5 0
715.6 0
715.7 0
715.7 0
715.8 0
715.9 0
715.9 0
716.0 0
716.1 0
716.1 0
716.2 0
716.3 0
716.3 0
716.4 0
716.5 0
716.5 0
716.6 0
716.7 0
716.7 0
716.8 0
716.9 0
716.9 0
717.0 0
717.1 18
717.1 62
717.2 25
717.3 9
717.3 83
717.4 69
717.5 16
717.5 1
717.6 0
717.7 0
717.7 0
717.8 0
717.9 0
717.9 0
718.0 0
718.1 0
718.1 0
718.2 0
718.3 0
718.3 0
718.4 0
718.5 0
718.5 0
718.6 0
718.7 0
718.7 0
718.8 0
718.9 0
718.9 0
719.0 0
719.1 0
719.1 0
719.2 0
719.3 0
719.3 0
719.4 0
719.5 0
719.5 0
719.6 0
719.7 0
719.7 0
719.8 0
719.9 0
719.9 0
720.0 0
720.1 0
720.1 0
720.2 0
720.3 0
720.3 0
720.4 0
720.5 0
720.5 0
720.6 0
720.7 0
720.7 0
720.8 0
720.9 0
720.9 0
721.0 0
721.1 0
721.1 0
721.2 7
721.3 18
721.3 15
721.4 5
721.5 1
721.5 0
721.6 0
721.7 0
721.7 0
721.8 0
721.9 0
721.9 0
722.0 0
722.1 2
722.1 14
722.2 14
722.3 1
722.3 0
722.4 0
722.5 0
722.5 0
722.6 0
722.7 0
722.7 0
722.8 0
722.9 0
722.9 0
723.0 0
723.1 0
723.1 0
723.2 0
723.3 0
723.3 0
723.4 2
723.5 8
723.5 7
723.6 2
723.7 0
723.7 0
723.8 0
723.9 0
723.9 0
724.0 0
724.1 0
724.1 0
724.2 0
724.3 0
724.3 0
724.4 0
724.5 0
724.5 0
724.6 1
724.7 13
724.7 20
724.8 4
724.9 0
724.9 0
725.0 0
725.1 0
725.1 0
725.2 0
725.3 1
725.3 6
725.4 13
725.5 12
725.5 1
725.6 0
725.7 0
725.7 0
725.8 0
725.9 0
725.9 0
726.0 0
726.1 0
726.1 0
726.2 0
726.3 0
726.3 0
726.4 0
726.5 0
726.5 0
726.6 0
726.7 0
726.7 0
726.8 0
726.9 10
726.9 18
727.0 11
727.1 2
727.1 0
727.2 0
727.3 0
727.3 0
727.4 0
727.5 128
727.5 115
727.6 38
727.7 3
727.7 0
727.8 0
727.9 0
727.9 0
728.0 0
728.1 0
728.1 0
728.2 0
728.3 0
728.3 0
728.4 0
728.5 0
728.5 0
728.6 0
728.7 1
728.7 28
728.8 58
728.9 18
728.9 1
729.0 0
729.1 0
729.1 0
729.2 0
729.3 0
729.3 0
729.4 0
729.5 14
729.5 39
729.6 31
729.7 9
729.7 0
729.8 0
729.9 0
729.9 0
730.0 0
730.1 0
730.1 15
730.2 32
730.3 25
730.3 7
730.4 0
730.5 0
730.5 0
730.6 0
730.7 0
730.7 0
730.8 0
730.9 0
730.9 0
731.0 12
731.1 68
731.1 65
731.2 15
731.3 2
731.3 0
731.4 0
731.5 0
731.5 0
731.6 0
731.7 0
731.7 0
731.8 0
731.9 0
731.9 0
732.0 0
732.1 0
732.1 0
732.2 0
732.3 0
732.3 0
732.4 0
732.5 0
732.5 0
732.6 0
732.7 0
732.7 0
732.8 0
732.9 0
732.9 0
733.0 0
733.1 0
733.1 0
733.2 0
733.3 0
733.3 0
733.4 0
733.5 0
733.5 0
733.6 0
733.7 0
733.7 0
733.8 0
733.9 0
733.9 0
734.0 0
734.1 0
734.1 0
734.2 0
734.3 0
734.3 0
734.4 0
734.5 0
734.5 0
734.6 0
734.7 0
734.7 0
734.8 0
734.9 0
734.9 0
735.0 0
735.1 0
735.1 0
735.2 0
735.3 0
735.3 70
735.4 64
735.5 22
735.5 3
735.6 1
735.7 63
735.7 56
735.8 18
735.9 0
735.9 0
736.0 0
736.1 0
736.1 0
736.2 0
736.3 0
736.3 0
736.4 0
736.5 0
736.5 0
736.6 0
736.7 0
736.7 0
736.8 0
736.9 0
736.9 0
737.0 0
737.1 0
737.1 0
737.2 0
737.3 0
737.3 0
737.4 0
737.5 21
737.5 51
737.6 39
737.7 0
737.7 0
737.8 0
737.9 0
737.9 0
738.0 0
738.1 0
738.1 0
738.2 0
738.3 10
738.3 43
738.4 19
738.5 3
738.5 1
738.6 0
738.7 0
738.7 0
738.8 0
738.9 0
738.9 0
739.0 0
739.1 0
739.1 0
739.2 0
739.3 1
739.3 25
739.4 46
739.5 14
739.5 1
739.6 0
739.7 0
739.7 0
739.8 0
739.9 0
739.9 0
740.0 0
740.1 0
740.1 0
740.2 0
740.3 0
740.3 0
740.4 0
740.5 0
740.5 0
740.6 0
740.7 0
740.7 0
740.8 0
740.9 0
740.9 0
741.0 0
741.1 0
741.1 0
741.2 0
741.3 0
741.3 0
741.4 0
741.5 0
741.5 0
741.6 0
741.7 0
741.7 0
741.8 0
741.9 0
741.9 0
742.0 0
742.1 0
742.1 0
742.2 0
742.3 0
742.3 0
742.4 0
742.5 0
742.5 0
742.6 0
742.7 0
742.7 0
742.8 0
742.9 0
742.9 0
743.0 0
743.1 0
743.1 0
743.2 0
743.3 0
743.3 0
743.4 0
743.5 0
743.5 0
743.6 0
743.7 0
743.7 0
743.8 0
743.9 0
743.9 0
744.0 0
744.1 11
744.1 29
744.2 22
744.3 6
744.3 0
744.4 0
744.5 0
744.5 0
744.6 0
744.7 0
744.7 0
744.8 0
744.9 0
744.9 0
745.0 22
745.1 57
745.1 16
745.2 2
745.3 0
745.3 0
745.4 0
745.5 0
745.5 0
745.6 0
745.7 0
745.7 0
745.8 0
745.9 0
745.9 0
746.0 0
746.1 0
746.1 0
746.2 0
746.3 0
746.3 0
746.4 0
746.5 0
746.5 0
746.6 0
746.7 0
746.7 0
746.8 0
746.9 0
746.9 0
747.0 0
747.1 0
747.1 0
747.2 0
747.3 9
747.3 20
747.4 35
747.5 49
747.5 31
747.6 0
747.7 0
747.7 0
747.8 0
747.9 0
747.9 0
748.0 0
748.1 0
748.1 0
748.2 0
748.3 0
748.3 0
748.4 0
748.5 0
748.5 0
748.6 0
748.7 25
748.7 89
748.8 46
748.9 7
748.9 2
749.0 0
749.1 0
749.1 0
749.2 0
749.3 0
749.3 0
749.4 0
749.5 0
749.5 0
749.6 0
749.7 0
749.7 0
749.8 0
749.9 0
749.9 0
750.0 0
750.1 0
750.1 0
750.2 47
750.3 36
750.3 9
750.4 0
750.5 0
750.5 0
750.6 0
750.7 0
750.7 0
750.8 0
750.9 0
750.9 0
751.0 0
751.1 0
751.1 0
751.2 0
751.3 0
751.3 0
751.4 0
751.5 0
751.5 7
751.6 18
751.7 13
751.7 2
751.8 0
751.9 0
751.9 0
752.0 0
752.1 0
752.1 0
752.2 0
752.3 0
752.3 0
752.4 0
752.5 0
752.5 0
752.6 0
752.7 0
752.7 0
752.8 0
752.9 0
752.9 0
753.0 0
753.1 10
753.1 36
753.2 48
753.3 24
753.3 6
753.4 0
753.5 0
753.5 0
753.6 0
753.7 0
753.7 0
753.8 0
753.9 0
753.9 0
754.0 0
754.1 0
754.1 0
754.2 0
754.3 0
754.3 0
754.4 0
754.5 0
754.5 0
754.6 0
754.7 0
754.7 0
754.8 0
754.9 0
754.9 0
755.0 4
755.1 31
755.1 54
755.2 35
755.3 8
755.3 0
755.4 0
755.5 0
755.5 0
755.6 0
755.7 0
755.7 0
755.8 0
755.9 0
755.9 0
756.0 0
756.1 0
756.1 0
756.2 0
756.3 0
756.3 0
756.4 0
756.5 0
756.5 0
756.6 0
756.7 0
756.7 0
756.8 0
756.9 0
756.9 0
757.0 0
757.1 0
757.1 0
757.2 0
757.3 0
757.3 0
757.4 0
757.5 0
757.5 0
757.6 0
757.7 0
757.7 0
757.8 0
757.9 0
757.9 0
758.0 0
758.1 0
758.1 0
758.2 0
758.3 0
758.3 0
758.4 0
758.5 0
758.5 0
758.6 0
758.7 0
758.7 0
758.8 2
758.9 10
758.9 9
759.0 3
759.1 0
759.1 0
759.2 3
759.3 1
759.3 16
759.4 128
759.5 198
759.5 17
759.6 0
759.7 0
759.7 2
759.8 1
759.9 0
759.9 0
760.0 0
760.1 3
760.1 14
760.2 3
760.3 0
760.3 0
760.4 0
760.5 0
760.5 0
760.6 0
760.7 0
760.7 0
760.8 0
760.9 0
760.9 0
761.0 0
761.1 0
761.1 0
761.2 0
761.3 35
761.3 83
761.4 70
761.5 20
761.5 0
761.6 0
761.7 0
761.7 0
761.8 0
761.9 0
761.9 0
762.0 0
762.1 0
762.1 0
762.2 0
762.3 0
762.3 6
762.4 22
762.5 21
762.5 7
762.6 0
762.7 0
762.7 0
762.8 0
762.9 0
762.9 0
763.0 0
763.1 0
763.1 0
763.2 0
763.3 0
763.3 1
763.4 13
763.5 52
763.5 42
763.6 5
763.7 1
763.7 0
763.8 0
763.9 0
763.9 0
764.0 0
764.1 0
764.1 16
764.2 47
764.3 47
764.3 18
764.4 2
764.5 0
764.5 0
764.6 0
764.7 0
764.7 0
764.8 0
764.9 0
764.9 0
765.0 0
765.1 0
765.1 0
765.2 0
765.3 0
765.3 0
765.4 24
765.5 82
765.5 96
765.6 7
765.7 0
765.7 0
765.8 1
765.9 0
765.9 0
766.0 0
766.1 1
766.1 6
766.2 12
766.3 8
766.3 0
766.4 0
766.5 0
766.5 0
766.6 0
766.7 0
766.7 0
766.8 0
766.9 0
766.9 0
767.0 0
767.1 0
767.1 9
767.2 45
767.3 43
767.3 16
767.4 14
767.5 2
767.5 1
767.6 0
767.7 0
767.7 0
767.8 0
767.9 0
767.9 0
768.0 0
768.1 0
768.1 0
768.2 0
768.3 0
768.3 19
768.4 63
768.5 63
768.5 0
768.6 0
768.7 0
768.7 0
768.8 0
768.9 0
768.9 0
769.0 0
769.1 0
769.1 0
769.2 0
769.3 0
769.3 0
769.4 0
769.5 0
769.5 0
769.6 0
769.7 0
769.7 0
769.8 0
769.9 0
769.9 0
770.0 0
770.1 0
770.1 0
770.2 0
770.3 0
770.3 0
770.4 0
770.5 0
770.5 69
770.6 115
770.7 79
770.7 6
770.8 2
770.9 0
770.9 0
771.0 0
771.1 0
771.1 0
771.2 8
771.3 37
771.3 18
771.4 4
771.5 1
771.5 0
771.6 7
771.7 20
771.7 16
771.8 1
771.9 0
771.9 0
772.0 0
772.1 0
772.1 0
772.2 0
772.3 0
772.3 1
772.4 8
772.5 7
772.5 0
772.6 0
772.7 0
772.7 0
772.8 0
772.9 0
772.9 0
773.0 0
773.1 0
773.1 0
773.2 0
773.3 0
773.3 0
773.4 0
773.5 0
773.5 0
773.6 0
773.7 0
773.7 0
773.8 0
773.9 1
773.9 8
774.0 51
774.1 94
774.1 17
774.2 1
774.3 0
774.3 0
774.4 0
774.5 0
774.5 0
774.6 0
774.7 0
774.7 0
774.8 0
774.9 0
774.9 0
775.0 0
775.1 0
775.1 0
775.2 0
775.3 0
775.3 0
775.4 0
775.5 0
775.5 0
775.6 0
775.7 0
775.7 0
775.8 0
775.9 0
775.9 0
776.0 0
776.1 0
776.1 0
776.2 0
776.3 2
776.3 24
776.4 13
776.5 0
776.5 0
776.6 0
776.7 0
776.7 0
776.8 0
776.9 0
776.9 0
777.0 26
777.1 65
777.1 12
777.2 0
777.3 0
777.3 0
777.4 0
777.5 0
777.5 4
777.6 12
777.7 11
777.7 4
777.8 1
777.9 0
777.9 0
778.0 0
778.1 0
778.1 0
778.2 0
778.3 0
778.3 0
778.4 0
778.5 0
778.5 0
778.6 0
778.7 0
778.7 0
778.8 0
778.9 0
778.9 0
779.0 0
779.1 0
779.1 0
779.2 0
779.3 0
779.3 0
779.4 0
779.5 0
779.5 0
779.6 9
779.7 38
779.7 43
779.8 16
779.9 5
779.9 29
780.0 46
780.1 5
780.1 1
780.2 0
780.3 0
780.3 0
780.4 0
780.5 0
780.5 23
780.6 56
780.7 12
780.7 0
780.8 0
780.9 0
780.9 0
781.0 0
781.1 0
781.1 0
781.2 0
781.3 0
781.3 0
781.4 0
781.5 0
781.5 0
781.6 0
781.7 0
781.7 0
781.8 0
781.9 0
781.9 0
782.0 0
782.1 0
782.1 0
782.2 0
782.3 0
782.3 9
782.4 25
782.5 11
782.5 2
782.6 0
782.7 0
782.7 0
782.8 0
782.9 0
782.9 0
783.0 0
783.1 0
783.1 0
783.2 0
783.3 0
783.3 0
783.4 15
783.5 48
783.5 49
783.6 4
783.7 2
783.7 0
783.8 0
783.9 0
783.9 0
784.0 0
784.1 0
784.1 0
784.2 0
784.3 0
784.3 0
784.4 0
784.5 0
784.5 0
784.6 5
784.7 31
784.7 21
784.8 25
784.9 84
784.9 103
785.0 47
785.1 1
785.1 3
785.2 4
785.3 1
785.3 0
785.4 0
785.5 0
785.5 0
785.6 0
785.7 0
785.7 0
785.8 0
785.9 0
785.9 0
786.0 0
786.1 0
786.1 0
786.2 0
786.3 0
786.3 0
786.4 0
786.5 0
786.5 1
786.6 9
786.7 14
786.7 3
786.8 2
786.9 0
786.9 0
787.0 25
787.1 55
787.1 42
787.2 12
787.3 1
787.3 0
787.4 0
787.5 0
787.5 0
787.6 0
787.7 0
787.7 0
787.8 0
787.9 0
787.9 0
788.0 0
788.1 0
788.1 0
788.2 0
788.3 0
788.3 0
788.4 0
788.5 0
788.5 0
788.6 0
788.7 0
788.7 0
788.8 0
788.9 0
788.9 0
789.0 16
789.1 36
789.1 28
789.2 8
789.3 0
789.3 0
789.4 0
789.5 0
789.5 0
789.6 0
789.7 0
789.7 0
789.8 0
789.9 0
789.9 0
790.0 0
790.1 0
790.1 0
790.2 20
790.3 57
790.3 55
790.4 21
790.5 1
790.5 0
790.6 0
790.7 0
790.7 0
790.8 0
790.9 0
790.9 0
791.0 0
791.1 0
791.1 23
791.2 26
791.3 19
791.3 7
791.4 1
791.5 0
791.5 0
791.6 0
791.7 0
791.7 0
791.8 0
791.9 0
791.9 0
792.0 0
792.1 0
792.1 0
792.2 0
792.3 0
792.3 0
792.4 0
792.5 0
792.5 0
792.6 0
792.7 0
792.7 0
792.8 0
792.9 0
792.9 0
793.0 0
793.1 0
793.1 0
793.2 0
793.3 12
793.3 32
793.4 26
793.5 8
793.5 0
793.6 0
793.7 0
793.7 0
793.8 0
793.9 0
793.9 0
794.0 0
794.1 0
794.1 0
794.2 0
794.3 0
794.3 0
794.4 0
794.5 0
794.5 0
794.6 0
794.7 0
794.7 58
794.8 47
794.9 11
794.9 0
795.0 0
795.1 0
795.1 0
795.2 0
795.3 0
795.3 0
795.4 0
795.5 0
795.5 0
795.6 0
795.7 0
795.7 0
795.8 0
795.9 0
795.9 0
796.0 0
796.1 0
796.1 0
796.2 0
796.3 0
796.3 0
796.4 0
796.5 0
796.5 0
796.6 0
796.7 0
796.7 0
796.8 0
796.9 0
796.9 0
797.0 0
797.1 0
797.1 0
797.2 0
797.3 0
797.3 0
797.4 0
797.5 0
797.5 0
797.6 0
797.7 0
797.7 41
797.8 76
797.9 51
797.9 13
798.0 2
798.1 0
798.1 0
798.2 0
798.3 0
798.3 0
798.4 0
798.5 0
798.5 0
798.6 0
798.7 0
798.7 0
798.8 0
798.9 44
798.9 81
799.0 19
799.1 0
799.1 11
799.2 51
799.3 24
799.3 5
799.4 2
799.5 0
799.5 0
799.6 0
799.7 0
799.7 0
799.8 0
799.9 0
799.9 0
800.0 0
800.1 0
800.1 16
800.2 49
800.3 20
800.3 2
800.4 1
800.5 0
800.5 0
800.6 0
800.7 0
800.7 0
800.8 0
800.9 0
800.9 0
801.0 0
801.1 0
801.1 0
801.2 0
801.3 0
801.3 0
801.4 0
801.5 0
801.5 0
801.6 0
801.7 0
801.7 0
801.8 0
801.9 6
801.9 18
802.0 5
802.1 0
802.1 0
802.2 0
802.3 0
802.3 0
802.4 0
802.5 0
802.5 0
802.6 0
802.7 0
802.7 0
802.8 0
802.9 0
802.9 0
803.0 0
803.1 0
803.1 0
803.2 0
803.3 0
803.3 0
803.4 0
803.5 0
803.5 0
803.6 0
803.7 0
803.7 0
803.8 0
803.9 0
803.9 0
804.0 0
804.1 0
804.1 0
804.2 0
804.3 0
804.3 0
804.4 0
804.5 0
804.5 0
804.6 0
804.7 0
804.7 0
804.8 0
804.9 0
804.9 0
805.0 1
805.1 18
805.1 40
805.2 30
805.3 7
805.3 0
805.4 12
805.5 29
805.5 24
805.6 7
805.7 0
805.7 0
805.8 0
805.9 0
805.9 0
806.0 0
806.1 0
806.1 0
806.2 0
806.3 0
806.3 0
806.4 8
806.5 35
806.5 41
806.6 17
806.7 3
806.7 0
806.8 0
806.9 0
806.9 0
807.0 0
807.1 0
807.1 0
807.2 0
807.3 0
807.3 0
807.4 1
807.5 44
807.5 105
807.6 83
807.7 0
807.7 0
807.8 0
807.9 0
807.9 0
808.0 0
808.1 0
808.1 0
808.2 0
808.3 0
808.3 0
808.4 0
808.5 0
808.5 0
808.6 0
808.7 0
808.7 0
808.8 0
808.9 0
808.9 0
809.0 0
809.1 0
809.1 0
809.2 0
809.3 0
809.3 0
809.4 0
809.5 0
809.5 0
809.6 0
809.7 4
809.7 10
809.8 3
809.9 0
809.9 0
810.0 0
810.1 0
810.1 0
810.2 0
810.3 0
810.3 0
810.4 0
810.5 0
810.5 4
810.6 30
810.7 42
810.7 4
810.8 1
810.9 0
810.9 0
811.0 0
811.1 0
811.1 0
811.2 0
811.3 0
811.3 0
811.4 14
811.5 40
811.5 36
811.6 10
811.7 0
811.7 0
811.8 0
811.9 0
811.9 0
812.0 0
812.1 0
812.1 0
812.2 0
812.3 10
812.3 55
812.4 75
812.5 38
812.5 6
812.6 0
812.7 0
812.7 0
812.8 0
812.9 0
812.9 0
813.0 15
813.1 112
813.1 134
813.2 32
813.3 2
813.3 0
813.4 0
813.5 0
813.5 0
813.6 0
813.7 0
813.7 0
813.8 0
813.9 0
813.9 0
814.0 0
814.1 0
814.1 0
814.2 0
814.3 0
814.3 0
814.4 0
814.5 0
814.5 0
814.6 0
814.7 0
814.7 0
814.8 0
814.9 0
814.9 0
815.0 0
815.1 0
815.1 0
815.2 0
815.3 0
815.3 0
815.4 0
815.5 0
815.5 9
815.6 52
815.7 29
815.7 10
815.8 2
815.9 16
815.9 45
816.0 18
816.1 3
816.1 1
816.2 0
816.3 0
816.3 0
816.4 0
816.5 0
816.5 0
816.6 0
816.7 0
816.7 0
816.8 0
816.9 0
816.9 0
817.0 0
817.1 0
817.1 0
817.2 0
817.3 0
817.3 0
817.4 0
817.5 0
817.5 0
817.6 0
817.7 0
817.7 0
817.8 0
817.9 0
817.9 0
818.0 0
818.1 0
818.1 0
818.2 0
818.3 0
818.3 0
818.4 0
818.5 0
818.5 0
818.6 0
818.7 0
818.7 0
818.8 0
818.9 0
818.9 0
819.0 0
819.1 0
819.1 0
819.2 0
819.3 0
819.3 0
819.4 0
819.5 0
819.5 0
819.6 0
819.7 0
819.7 0
819.8 0
819.9 0
819.9 0
820.0 0
820.1 0
820.1 0
820.2 0
820.3 0
820.3 0
820.4 0
820.5 0
820.5 0
820.6 0
820.7 0
820.7 0
820.8 0
820.9 0
820.9 0
821.0 0
821.1 0
821.1 0
821.2 0
821.3 0
821.3 0
821.4 0
821.5 0
821.5 0
821.6 0
821.7 0
821.7 0
821.8 10
821.9 41
821.9 63
822.0 17
822.1 2
822.1 0
822.2 0
822.3 14
822.3 49
822.4 54
822.5 23
822.5 2
822.6 0
822.7 0
822.7 0
822.8 0
822.9 0
822.9 0
823.0 0
823.1 0
823.1 1
823.2 12
823.3 30
823.3 13
823.4 3
823.5 2
823.5 0
823.6 0
823.7 0
823.7 0
823.8 0
823.9 0
823.9 31
824.0 84
824.1 81
824.1 33
824.2 7
824.3 0
824.3 0
824.4 0
824.5 0
824.5 0
824.6 0
824.7 0
824.7 0
824.8 0
824.9 0
824.9 0
825.0 0
825.1 0
825.1 0
825.2 0
825.3 0
825.3 0
825.4 0
825.5 0
825.5 0
825.6 0
825.7 0
825.7 0
825.8 0
825.9 0
825.9 0
826.0 0
826.1 0
826.1 0
826.2 0
826.3 0
826.3 0
826.4 0
826.5 0
826.5 0
826.6 0
826.7 0
826.7 0
826.8 14
826.9 52
826.9 61
827.0 27
827.1 1
827.1 0
827.2 0
827.3 0
827.3 0
827.4 0
827.5 0
827.5 0
827.6 0
827.7 0
827.7 0
827.8 0
827.9 0
827.9 0
828.0 0
828.1 0
828.1 0
828.2 0
828.3 0
828.3 0
828.4 17
828.5 46
828.5 45
828.6 17
828.7 3
828.7 0
828.8 0
828.9 0
828.9 0
829.0 0
829.1 0
829.1 0
829.2 6
829.3 29
829.3 31
829.4 3
829.5 2
829.5 0
829.6 0
829.7 0
829.7 0
829.8 8
829.9 18
829.9 14
830.0 4
830.1 0
830.1 0
830.2 0
830.3 0
830.3 0
830.4 0
830.5 0
830.5 0
830.6 0
830.7 0
830.7 0
830.8 0
830.9 0
830.9 0
831.0 0
831.1 0
831.1 0
831.2 0
831.3 0
831.3 0
831.4 10
831.5 27
831.5 22
831.6 6
831.7 0
831.7 0
831.8 0
831.9 0
831.9 0
832.0 1
832.1 9
832.1 34
832.2 46
832.3 6
832.3 1
832.4 0
832.5 0
832.5 4
832.6 13
832.7 11
832.7 2
832.8 0
832.9 0
832.9 0
833.0 0
833.1 12
833.1 42
833.2 46
833.3 19
833.3 4
833.4 0
833.5 0
833.5 0
833.6 0
833.7 0
833.7 0
833.8 0
833.9 0
833.9 0
834.0 0
834.1 0
834.1 1
834.2 15
834.3 31
834.3 11
834.4 1
834.5 0
834.5 0
834.6 0
834.7 0
834.7 0
834.8 0
834.9 0
834.9 0
835.0 0
835.1 0
835.1 0
835.2 0
835.3 0
835.3 0
835.4 0
835.5 0
835.5 0
835.6 0
835.7 0
835.7 0
835.8 0
835.9 0
835.9 0
836.0 0
836.1 0
836.1 0
836.2 0
836.3 0
836.3 0
836.4 0
836.5 0
836.5 0
836.6 0
836.7 0
836.7 0
836.8 0
836.9 0
836.9 0
837.0 0
837.1 0
837.1 0
837.2 0
837.3 0
837.3 0
837.4 0
837.5 0
837.5 0
837.6 0
837.7 0
837.7 0
837.8 0
837.9 0
837.9 0
838.0 0
838.1 0
838.1 0
838.2 0
838.3 0
838.3 0
838.4 0
838.5 0
838.5 0
838.6 0
838.7 0
838.7 0
838.8 0
838.9 0
838.9 0
839.0 0
839.1 0
839.1 17
839.2 89
839.3 112
839.3 51
839.4 1
839.5 0
839.5 0
839.6 0
839.7 0
839.7 0
839.8 0
839.9 0
839.9 0
840.0 0
840.1 0
840.1 0
840.2 0
840.3 0
840.3 0
840.4 0
840.5 0
840.5 0
840.6 0
840.7 0
840.7 0
840.8 0
840.9 0
840.9 0
841.0 16
841.1 52
841.1 56
841.2 1
841.3 0
841.3 0
841.4 0
841.5 0
841.5 0
841.6 0
841.7 0
841.7 0
841.8 0
841.9 0
841.9 0
842.0 0
842.1 0
842.1 0
842.2 1
842.3 25
842.3 60
842.4 48
842.5 1
842.5 0
842.6 0
842.7 0
842.7 0
842.8 0
842.9 0
842.9 0
843.0 0
843.1 0
843.1 0
843.2 85
843.3 95
843.3 42
843.4 6
843.5 1
843.5 0
843.6 0
843.7 9
843.7 29
843.8 30
843.9 12
843.9 1
844.0 0
844.1 0
844.1 0
844.2 0
844.3 0
844.3 0
844.4 0
844.5 0
844.5 0
844.6 0
844.7 0
844.7 0
844.8 0
844.9 0
844.9 0
845.0 0
845.1 0
845.1 0
845.2 0
845.3 0
845.3 0
845.4 0
845.5 0
845.5 0
845.6 0
845.7 0
845.7 0
845.8 0
845.9 0
845.9 22
846.0 69
846.1 22
846.1 2
846.2 1
846.3 0
846.3 0
846.4 0
846.5 0
846.5 0
846.6 0
846.7 0
846.7 0
846.8 0
846.9 0
846.9 0
847.0 0
847.1 0
847.1 0
847.2 0
847.3 0
847.3 0
847.4 0
847.5 0
847.5 0
847.6 0
847.7 0
847.7 0
847.8 0
847.9 0
847.9 0
848.0 0
848.1 0
848.1 0
848.2 0
848.3 0
848.3 0
848.4 0
848.5 0
848.5 0
848.6 0
848.7 0
848.7 0
848.8 0
848.9 0
848.9 62
849.0 108
849.1 69
849.1 16
849.2 1
849.3 0
849.3 0
849.4 0
849.5 0
849.5 0
849.6 0
849.7 0
849.7 0
849.8 0
849.9 0
849.9 0
850.0 0
