297.1 18
297.1 34
297.1 38
297.1 29
297.1 16
297.1 13
297.1 17
297.1 18
297.1 16
297.1 11
297.1 19
297.1 330
297.1 2110
297.1 4722
297.0 6211
297.1 5300
297.1 2777
297.1 617
297.1 38
297.1 11
297.1 13
297.1 11
297.3 12
297.3 14
297.3 11
297.5 11
297.5 13
297.5 19
297.5 20
297.5 15
297.5 14
297.5 11
297.6 12
297.6 13
297.6 12
297.6 25
297.6 50
297.6 60
297.6 48
297.6 24
297.8 13
297.8 15
297.8 12
297.8 13
297.8 15
297.8 13
297.8 11
297.8 12
297.8 12
297.8 12
297.8 13
297.8 11
297.8 11
297.8 12
297.8 11
297.8 12
297.8 12
297.9 11
297.9 11
297.9 13
297.9 12
297.9 11
297.9 13
297.9 15
297.9 15
297.9 11
297.9 21
297.9 25
297.9 25
297.9 19
297.9 1
309.1 1
309.1 97
309.1 1900
309.1 6704
309.1 11872
309.0 13392
309.1 9950
309.1 4444
309.1 696
309.1 61
309.2 14
309.2 15
309.2 13
309.2 15
309.2 18
309.2 15
309.3 14
309.3 19
309.3 18
309.3 12
309.3 12
309.3 18
309.3 18
309.3 14
309.3 12
309.3 17
309.3 18
309.3 15
309.3 10
309.3 14
309.3 14
309.3 14
309.3 14
309.3 12
309.3 11
309.3 15
309.3 18
309.4 17
309.4 14
309.4 1
325.1 1
325.1 17
325.1 228
325.1 1641
325.1 3548
325.0 4453
325.1 3586
325.1 1716
325.1 327
325.1 47
325.2 11
325.2 13
325.2 12
325.7 11
325.8 12
325.8 11
325.8 11
325.8 14
325.8 11
325.9 12
325.9 16
325.9 14
325.9 11
325.9 15
325.9 15
325.9 13
325.9 12
325.9 10
325.9 1
337.0 1
337.0 14
337.0 18
337.0 15
337.0 10
337.0 17
337.0 19
337.0 15
337.1 35
337.1 309
337.1 1419
337.1 2896
337.0 3649
337.1 3027
337.1 1561
337.1 346
337.1 12
337.4 15
337.4 16
337.4 14
337.7 13
337.7 15
337.7 13
337.7 10
337.8 14
337.8 18
337.8 18
337.8 13
337.8 1
371.5 50
371.5 100
371.5 150
371.0 236
371.5 150
371.8 100
371.8 50
371.8 15
371.8 15
371.8 13
371.9 12
371.9 14
371.9 15
371.9 15
371.9 11
371.9 1
373.1 1
373.1 14
373.1 16
373.1 13
373.6 12
373.6 50
373.6 100
373.0 157
373.6 100
373.8 50
373.8 17
373.8 18
373.8 14
373.8 1
399.1 1
399.1 13
399.1 17
399.1 14
399.1 11
399.1 13
399.1 13
399.1 10
399.3 100
399.3 250
399.3 325
399.0 450
399.4 325
399.4 250
399.4 100
399.4 14
399.4 12
399.5 13
399.5 15
399.5 14
399.6 12
399.6 14
399.6 13
399.8 11
399.8 13
399.8 14
399.8 12
399.9 11
399.9 14
399.9 14
399.9 17
399.9 20
399.9 15
399.9 13
399.9 15
399.9 13
399.9 15
399.9 11
399.9 1
400.2 1
400.2 248
400.2 804
400.0 1215
400.2 1134
400.2 637
400.2 163
400.2 12
400.6 12
400.6 13
400.6 13
400.6 11
400.6 1
432.0 1
432.0 12
432.0 13
432.0 12
432.2 25
432.2 160
432.2 464
432.0 722
432.2 703
432.2 422
432.2 115
432.2 1
442.0 1
442.0 13
442.0 14
442.1 14
442.2 185
442.2 1374
442.2 3100
442.0 3972
442.2 3252
442.2 1570
442.2 284
442.2 12
442.3 11
442.3 13
442.3 13
442.4 12
442.4 14
442.4 12
442.4 14
442.4 14
442.4 12
442.5 12
442.5 15
442.5 13
442.7 11
442.7 13
442.7 15
442.7 12
442.9 12
442.9 17
442.9 17
442.9 12
442.9 1
460.2 1
460.2 117
460.2 1292
460.2 5001
460.2 9165
460.0 10529
460.2 7903
460.2 3519
460.2 557
460.2 33
460.3 15
460.3 18
460.3 14
460.4 16
460.4 20
460.4 16
460.5 12
460.5 19
460.5 19
460.5 13
460.6 11
460.6 13
460.7 16
460.7 18
460.7 16
460.7 10
460.7 1
506.0 1
506.0 14
506.0 17
506.0 15
506.0 11
506.0 16
506.0 19
506.0 19
506.0 17
506.0 15
506.0 13
506.2 14
506.2 88
506.2 630
506.2 3005
506.2 6231
506.0 7876
506.2 6533
506.2 3352
506.2 761
506.2 24
506.3 15
506.3 17
506.3 14
506.7 15
506.7 17
506.7 15
506.7 1
538.2 1
538.2 12
538.2 16
538.2 19
538.2 14
538.2 138
538.2 5574
538.2 22596
538.2 44107
538.0 54299
538.2 44438
538.2 22990
538.2 5780
538.2 117
538.5 14
538.5 17
538.5 14
538.7 14
538.7 16
538.7 18
538.7 19
538.7 18
538.7 16
538.7 13
538.8 15
538.9 17
538.9 15
538.9 10
538.9 13
538.9 18
538.9 20
538.9 17
538.9 10
538.9 1
585.3 1
585.3 121
585.3 1273
585.3 4141
585.3 6977
585.0 7487
585.3 5187
585.3 1979
585.3 190
585.3 1
629.2 1
629.2 18
629.2 62
629.2 43
629.2 116
629.2 58
629.2 174
629.2 74
629.2 213
629.2 79
629.2 147
629.2 58
629.2 46
629.2 173
629.2 2212
629.2 12742
629.2 72943
629.3 164825
629.0 225630
629.3 204256
629.3 119727
629.3 38544
629.3 2188
629.3 607
629.3 55
629.3 67
629.3 58
629.3 184
629.3 55
629.3 128
629.3 49
629.3 61
629.3 16
629.3 67
629.4 30
629.4 47
629.4 16
629.4 23
629.5 13
629.5 16
629.5 15
629.5 18
629.5 33
629.5 32
629.5 27
629.5 10
629.6 15
629.6 17
629.6 15
629.6 13
629.9 16
629.9 17
629.9 13
629.9 14
629.9 16
629.9 16
629.9 12
629.9 1
643.2 1
643.2 12
643.2 14
643.2 14
643.2 16
643.2 69
643.4 150
643.0 180
643.5 142
643.5 87
643.5 18
643.5 11
643.6 10
643.6 19
643.6 21
643.6 1
661.3 1
661.3 31
661.3 184
661.3 2770
661.3 12917
661.3 27088
661.0 35272
661.3 30530
661.3 16994
661.3 5018
661.3 163
661.3 65
661.3 15
661.3 16
661.3 15
661.3 57
661.4 16
661.4 56
661.4 17
661.4 21
661.5 11
661.5 19
661.5 23
661.5 37
661.5 16
661.8 15
661.8 17
661.8 14
661.8 14
661.8 15
661.8 20
661.8 20
661.8 16
661.9 12
661.9 13
661.9 24
