300.1 3
300.1 0
300.2 0
300.3 0
300.3 0
300.4 3
300.5 10
300.5 9
300.6 2
300.7 2
300.7 15
300.8 9
300.9 4
300.9 14
301.0 13
301.1 19
301.1 38
301.2 47
301.3 52
301.3 80
301.4 28
301.5 6
301.5 0
301.6 0
301.7 0
301.7 2
301.8 9
301.9 36
301.9 59
302.0 48
302.1 17
302.1 3
302.2 10
302.3 26
302.3 36
302.4 32
302.5 23
302.5 6
302.6 11
302.7 20
302.7 23
302.8 33
302.9 81
302.9 118
303.0 207
303.1 290
303.1 213
303.2 147
303.3 148
303.3 105
303.4 16
303.5 23
303.5 127
303.6 167
303.7 170
303.7 113
303.8 31
303.9 7
303.9 13
304.0 15
304.1 7
304.1 2
304.2 2
304.3 11
304.3 25
304.4 50
304.5 88
304.5 49
304.6 16
304.7 13
304.7 17
304.8 10
304.9 2
304.9 0
305.0 0
305.1 0
305.1 0
305.2 0
305.3 20
305.3 44
305.4 46
305.5 22
305.5 6
305.6 17
305.7 10
305.7 2
305.8 0
305.9 4
305.9 9
306.0 23
306.1 26
306.1 22
306.2 7
306.3 1
306.3 1
306.4 0
306.5 0
306.5 0
306.6 0
306.7 9
306.7 27
306.8 29
306.9 12
306.9 20
307.0 65
307.1 77
307.1 67
307.2 109
307.3 129
307.3 71
307.4 19
307.5 3
307.5 12
307.6 23
307.7 21
307.7 39
307.8 78
307.9 68
307.9 78
308.0 81
308.1 75
308.1 52
308.2 28
308.3 17
308.3 27
308.4 175
308.5 220
308.5 144
308.6 88
308.7 107
308.7 332
308.8 568
308.9 778
308.9 1154
309.0 1369
309.1 1819
309.1 2606
309.2 3142
309.3 3273
309.3 2691
309.4 1909
309.5 1171
309.5 717
309.6 461
309.7 295
309.7 254
309.8 366
309.9 704
309.9 1171
310.0 1690
310.1 2082
310.1 2672
310.2 3110
310.3 3064
310.3 2602
310.4 2083
310.5 1444
310.5 812
310.6 517
310.7 419
310.7 579
310.8 1084
310.9 1712
310.9 2451
311.0 3926
311.1 5304
311.1 6999
311.2 8821
311.3 8720
311.3 7740
311.4 6673
311.5 4844
311.5 2646
311.6 1476
311.7 1013
311.7 657
311.8 398
311.9 484
311.9 496
312.0 416
312.1 440
312.1 492
312.2 434
312.3 440
312.3 525
312.4 388
312.5 177
312.5 127
312.6 142
312.7 70
312.7 21
312.8 43
312.9 80
312.9 93
313.0 95
313.1 51
313.1 49
313.2 45
313.3 41
313.3 34
313.4 12
313.5 1
313.5 0
313.6 0
313.7 2
313.7 14
313.8 23
313.9 13
313.9 3
314.0 0
314.1 0
314.1 0
314.2 0
314.3 0
314.3 0
314.4 0
314.5 0
314.5 0
314.6 1
314.7 10
314.7 41
314.8 65
314.9 15
314.9 64
315.0 97
315.1 63
315.1 21
315.2 11
315.3 7
315.3 2
315.4 1
315.5 0
315.5 0
315.6 0
315.7 10
315.7 31
315.8 38
315.9 53
315.9 73
316.0 67
316.1 59
316.1 48
316.2 20
316.3 4
316.3 1
316.4 5
316.5 58
316.5 97
316.6 47
316.7 33
316.7 38
316.8 84
316.9 76
316.9 77
317.0 132
317.1 147
317.1 133
317.2 62
317.3 50
317.3 133
317.4 70
317.5 11
317.5 5
317.6 25
317.7 47
317.7 42
317.8 16
317.9 11
317.9 32
318.0 48
318.1 15
318.1 1
318.2 0
318.3 0
318.3 31
318.4 44
318.5 34
318.5 8
318.6 1
318.7 0
318.7 34
318.8 84
318.9 33
318.9 29
319.0 76
319.1 95
319.1 63
319.2 52
319.3 85
319.3 55
319.4 16
319.5 0
319.5 6
319.6 15
319.7 12
319.7 0
319.8 0
319.9 0
319.9 0
320.0 0
320.1 0
320.1 0
320.2 2
320.3 9
320.3 4
320.4 0
320.5 0
320.5 0
320.6 15
320.7 11
320.7 10
320.8 15
320.9 15
320.9 27
321.0 59
321.1 69
321.1 65
321.2 7
321.3 0
321.3 0
321.4 0
321.5 0
321.5 0
321.6 0
321.7 5
321.7 11
321.8 7
321.9 7
321.9 25
322.0 22
322.1 5
322.1 16
322.2 26
322.3 17
322.3 2
322.4 0
322.5 0
322.5 0
322.6 1
322.7 44
322.7 57
322.8 35
322.9 5
322.9 8
323.0 24
323.1 49
323.1 39
323.2 9
323.3 7
323.3 21
323.4 15
323.5 31
323.5 40
323.6 28
323.7 11
323.7 10
323.8 9
323.9 24
323.9 40
324.0 31
324.1 11
324.1 20
324.2 57
324.3 46
324.3 8
324.4 3
324.5 0
324.5 0
324.6 0
324.7 61
324.7 60
324.8 22
324.9 4
324.9 1
325.0 0
325.1 0
325.1 0
325.2 12
325.3 16
325.3 26
325.4 24
325.5 9
325.5 12
325.6 37
325.7 19
325.7 1
325.8 0
325.9 0
325.9 0
326.0 0
326.1 0
326.1 12
326.2 48
326.3 41
326.3 10
326.4 9
326.5 18
326.5 13
326.6 5
326.7 6
326.7 21
326.8 65
326.9 109
326.9 96
327.0 50
327.1 95
327.1 77
327.2 32
327.3 6
327.3 1
327.4 10
327.5 7
327.5 2
327.6 1
327.7 0
327.7 1
327.8 12
327.9 16
327.9 62
328.0 102
328.1 66
328.1 24
328.2 43
328.3 60
328.3 43
328.4 17
328.5 22
328.5 38
328.6 59
328.7 57
328.7 45
328.8 20
328.9 24
328.9 85
329.0 124
329.1 59
329.1 55
329.2 49
329.3 41
329.3 79
329.4 87
329.5 6
329.5 0
329.6 0
329.7 0
329.7 0
329.8 0
329.9 0
329.9 0
330.0 0
330.1 0
330.1 0
330.2 0
330.3 0
330.3 1
330.4 20
330.5 50
330.5 49
330.6 27
330.7 20
330.7 34
330.8 63
330.9 145
330.9 173
331.0 117
331.1 67
331.1 26
331.2 19
331.3 16
331.3 27
331.4 28
331.5 6
331.5 34
331.6 33
331.7 50
331.7 71
331.8 33
331.9 25
331.9 23
332.0 25
332.1 20
332.1 8
332.2 0
332.3 0
332.3 0
332.4 0
332.5 0
332.5 0
332.6 0
332.7 0
332.7 5
332.8 15
332.9 16
332.9 11
333.0 12
333.1 50
333.1 82
333.2 89
333.3 161
333.3 170
333.4 106
333.5 74
333.5 60
333.6 20
333.7 92
333.7 122
333.8 86
333.9 25
333.9 3
334.0 1
334.1 7
334.1 32
334.2 77
334.3 68
334.3 26
334.4 2
334.5 0
334.5 0
334.6 2
334.7 14
334.7 23
334.8 10
334.9 35
334.9 62
335.0 72
335.1 116
335.1 132
335.2 87
335.3 36
335.3 49
335.4 51
335.5 42
335.5 27
335.6 9
335.7 19
335.7 41
335.8 26
335.9 19
335.9 52
336.0 97
336.1 62
336.1 52
336.2 57
336.3 49
336.3 33
336.4 19
336.5 34
336.5 32
336.6 20
336.7 17
336.7 12
336.8 69
336.9 116
336.9 108
337.0 132
337.1 176
337.1 267
337.2 205
337.3 120
337.3 105
337.4 39
337.5 36
337.5 20
337.6 1
337.7 0
337.7 10
337.8 24
337.9 31
337.9 46
338.0 79
338.1 63
338.1 77
338.2 55
338.3 33
338.3 52
338.4 24
338.5 5
338.5 2
338.6 4
338.7 14
338.7 7
338.8 7
338.9 3
338.9 1
339.0 0
339.1 0
339.1 5
339.2 10
339.3 5
339.3 0
339.4 0
339.5 0
339.5 0
339.6 0
339.7 0
339.7 0
339.8 0
339.9 5
339.9 30
340.0 58
340.1 62
340.1 49
340.2 25
340.3 5
340.3 0
340.4 0
340.5 0
340.5 0
340.6 0
340.7 0
340.7 61
340.8 72
340.9 44
340.9 39
341.0 115
341.1 129
341.1 74
341.2 1
341.3 16
341.3 31
341.4 9
341.5 1
341.5 0
341.6 8
341.7 30
341.7 40
341.8 22
341.9 2
341.9 3
342.0 21
342.1 10
342.1 49
342.2 54
342.3 24
342.3 4
342.4 1
342.5 0
342.5 0
342.6 0
342.7 0
342.7 0
342.8 10
342.9 34
342.9 45
343.0 46
343.1 37
343.1 17
343.2 24
343.3 21
343.3 13
343.4 13
343.5 2
343.5 0
343.6 0
343.7 4
343.7 34
343.8 77
343.9 100
343.9 26
344.0 6
344.1 2
344.1 2
344.2 0
344.3 0
344.3 0
344.4 0
344.5 0
344.5 0
344.6 0
344.7 0
344.7 6
344.8 21
344.9 26
344.9 53
345.0 40
345.1 32
345.1 20
345.2 13
345.3 17
345.3 10
345.4 2
345.5 0
345.5 0
345.6 0
345.7 0
345.7 0
345.8 0
345.9 0
345.9 0
346.0 0
346.1 6
346.1 18
346.2 26
346.3 28
346.3 23
346.4 6
346.5 2
346.5 0
346.6 0
346.7 34
346.7 73
346.8 180
346.9 241
346.9 236
347.0 174
347.1 97
347.1 88
347.2 99
347.3 67
347.3 42
347.4 27
347.5 21
347.5 8
347.6 27
347.7 41
347.7 49
347.8 86
347.9 152
347.9 185
348.0 119
348.1 28
348.1 32
348.2 83
348.3 51
348.3 46
348.4 125
348.5 158
348.5 73
348.6 2
348.7 0
348.7 26
348.8 80
348.9 105
348.9 85
349.0 155
349.1 232
349.1 140
349.2 54
349.3 36
349.3 45
349.4 34
349.5 31
349.5 11
349.6 0
349.7 0
349.7 0
349.8 0
349.9 3
349.9 8
350.0 25
350.1 57
350.1 46
350.2 27
350.3 7
350.3 0
350.4 0
350.5 0
350.5 0
350.6 0
350.7 0
350.7 0
350.8 0
350.9 4
350.9 23
351.0 40
351.1 33
351.1 40
351.2 51
351.3 51
351.3 38
351.4 40
351.5 30
351.5 10
351.6 0
351.7 0
351.7 10
351.8 35
351.9 17
351.9 12
352.0 29
352.1 36
352.1 35
352.2 34
352.3 12
352.3 8
352.4 19
352.5 14
352.5 5
352.6 53
352.7 94
352.7 112
352.8 139
352.9 193
352.9 354
353.0 356
353.1 331
353.1 413
353.2 359
353.3 180
353.3 102
353.4 104
353.5 85
353.5 78
353.6 137
353.7 163
353.7 169
353.8 178
353.9 199
353.9 243
354.0 286
354.1 360
354.1 401
354.2 385
354.3 356
354.3 298
354.4 163
354.5 87
354.5 205
354.6 222
354.7 209
354.7 403
354.8 457
354.9 609
354.9 920
355.0 1147
355.1 973
355.1 935
355.2 766
355.3 559
355.3 381
355.4 194
355.5 53
355.5 18
355.6 19
355.7 23
355.7 24
355.8 22
355.9 26
355.9 124
356.0 130
356.1 80
356.1 67
356.2 71
356.3 56
356.3 27
356.4 12
356.5 3
356.5 0
356.6 0
356.7 0
356.7 20
356.8 61
356.9 82
356.9 70
357.0 80
357.1 72
357.1 94
357.2 93
357.3 47
357.3 31
357.4 56
357.5 42
357.5 13
357.6 7
357.7 43
357.7 86
357.8 66
357.9 2
357.9 0
358.0 0
358.1 0
358.1 11
358.2 44
358.3 50
358.3 55
358.4 15
358.5 25
358.5 14
358.6 4
358.7 1
358.7 6
358.8 19
358.9 10
358.9 2
359.0 10
359.1 32
359.1 45
359.2 26
359.3 11
359.3 11
359.4 19
359.5 15
359.5 0
359.6 0
359.7 0
359.7 4
359.8 11
359.9 10
359.9 0
360.0 0
360.1 5
360.1 11
360.2 8
360.3 2
360.3 0
360.4 0
360.5 0
360.5 0
360.6 7
360.7 20
360.7 28
360.8 26
360.9 19
360.9 2
361.0 18
361.1 54
361.1 19
361.2 6
361.3 22
361.3 37
361.4 36
361.5 67
361.5 43
361.6 18
361.7 21
361.7 29
361.8 25
361.9 18
361.9 1
362.0 15
362.1 51
362.1 64
362.2 59
362.3 16
362.3 2
362.4 1
362.5 0
362.5 0
362.6 4
362.7 7
362.7 1
362.8 0
362.9 0
362.9 11
363.0 45
363.1 53
363.1 23
363.2 1
363.3 6
363.3 15
363.4 7
363.5 1
363.5 0
363.6 20
363.7 49
363.7 37
363.8 9
363.9 0
363.9 0
364.0 0
364.1 0
364.1 10
364.2 37
364.3 46
364.3 3
364.4 0
364.5 1
364.5 28
364.6 78
364.7 60
364.7 21
364.8 31
364.9 56
364.9 69
365.0 73
365.1 71
365.1 74
365.2 46
365.3 17
365.3 17
365.4 20
365.5 24
365.5 47
365.6 61
365.7 5
365.7 0
365.8 0
365.9 0
365.9 0
366.0 7
366.1 24
366.1 47
366.2 50
366.3 11
366.3 1
366.4 16
366.5 47
366.5 73
366.6 72
366.7 9
366.7 11
366.8 21
366.9 21
366.9 45
367.0 45
367.1 19
367.1 4
367.2 31
367.3 36
367.3 17
367.4 3
367.5 1
367.5 0
367.6 14
367.7 33
367.7 49
367.8 37
367.9 10
367.9 0
368.0 19
368.1 70
368.1 92
368.2 25
368.3 10
368.3 18
368.4 41
368.5 58
368.5 50
368.6 20
368.7 39
368.7 90
368.8 62
368.9 16
368.9 0
369.0 0
369.1 14
369.1 40
369.2 38
369.3 12
369.3 1
369.4 0
369.5 0
369.5 0
369.6 17
369.7 46
369.7 66
369.8 111
369.9 62
369.9 18
370.0 47
370.1 106
370.1 120
370.2 60
370.3 32
370.3 20
370.4 13
370.5 3
370.5 0
370.6 0
370.7 0
370.7 9
370.8 49
370.9 47
370.9 37
371.0 48
371.1 65
371.1 42
371.2 19
371.3 25
371.3 18
371.4 26
371.5 25
371.5 11
371.6 5
371.7 0
371.7 0
371.8 2
371.9 47
371.9 43
372.0 23
372.1 84
372.1 117
372.2 121
372.3 44
372.3 14
372.4 8
372.5 9
372.5 16
372.6 12
372.7 23
372.7 21
372.8 0
372.9 0
372.9 15
373.0 40
373.1 42
373.1 30
373.2 13
373.3 10
373.3 2
373.4 19
373.5 15
373.5 4
373.6 0
373.7 0
373.7 0
373.8 0
373.9 4
373.9 36
374.0 21
374.1 13
374.1 27
374.2 27
374.3 12
374.3 5
374.4 1
374.5 13
374.5 51
374.6 66
374.7 6
374.7 1
374.8 0
374.9 6
374.9 35
375.0 74
375.1 128
375.1 89
375.2 30
375.3 54
375.3 113
375.4 156
375.5 96
375.5 54
375.6 26
375.7 8
375.7 78
375.8 64
375.9 18
375.9 0
376.0 0
376.1 12
376.1 41
376.2 47
376.3 45
376.3 19
376.4 1
376.5 4
376.5 41
376.6 37
376.7 16
376.7 3
376.8 1
376.9 22
376.9 79
377.0 102
377.1 96
377.1 120
377.2 71
377.3 47
377.3 97
377.4 84
377.5 31
377.5 13
377.6 10
377.7 4
377.7 1
377.8 0
377.9 0
377.9 0
378.0 14
378.1 70
378.1 66
378.2 44
378.3 33
378.3 24
378.4 55
378.5 54
378.5 18
378.6 66
378.7 61
378.7 35
378.8 41
378.9 33
378.9 25
379.0 34
379.1 30
379.1 33
379.2 61
379.3 79
379.3 95
379.4 86
379.5 43
379.5 4
379.6 7
379.7 19
379.7 29
379.8 41
379.9 38
379.9 6
380.0 6
380.1 15
380.1 51
380.2 51
380.3 56
380.3 51
380.4 8
380.5 1
380.5 0
380.6 0
380.7 0
380.7 0
380.8 4
380.9 21
380.9 39
381.0 68
381.1 59
381.1 53
381.2 44
381.3 50
381.3 48
381.4 20
381.5 10
381.5 9
381.6 30
381.7 22
381.7 18
381.8 53
381.9 64
381.9 31
382.0 4
382.1 0
382.1 0
382.2 0
382.3 0
382.3 0
382.4 0
382.5 0
382.5 0
382.6 3
382.7 14
382.7 25
382.8 21
382.9 8
382.9 30
383.0 65
383.1 28
383.1 19
383.2 5
383.3 0
383.3 0
383.4 2
383.5 9
383.5 10
383.6 0
383.7 0
383.7 0
383.8 0
383.9 0
383.9 12
384.0 10
384.1 3
384.1 3
384.2 26
384.3 48
384.3 21
384.4 2
384.5 0
384.5 7
384.6 21
384.7 18
384.7 6
384.8 0
384.9 0
384.9 19
385.0 16
385.1 4
385.1 24
385.2 76
385.3 79
385.3 66
385.4 35
385.5 9
385.5 2
385.6 13
385.7 62
385.7 69
385.8 16
385.9 1
385.9 0
386.0 18
386.1 16
386.1 6
386.2 7
386.3 38
386.3 22
386.4 20
386.5 42
386.5 13
386.6 3
386.7 7
386.7 17
386.8 17
386.9 30
386.9 24
387.0 22
387.1 32
387.1 22
387.2 10
387.3 1
387.3 1
387.4 28
387.5 49
387.5 32
387.6 6
387.7 0
387.7 17
387.8 16
387.9 4
387.9 0
388.0 0
388.1 23
388.1 63
388.2 60
388.3 22
388.3 4
388.4 0
388.5 6
388.5 12
388.6 22
388.7 60
388.7 78
388.8 46
388.9 17
388.9 17
389.0 46
389.1 48
389.1 47
389.2 47
389.3 31
389.3 9
389.4 0
389.5 0
389.5 0
389.6 0
389.7 0
389.7 0
389.8 0
389.9 7
389.9 17
390.0 3
390.1 3
390.1 16
390.2 6
390.3 1
390.3 1
390.4 4
390.5 9
390.5 2
390.6 7
390.7 49
390.7 78
390.8 109
390.9 74
390.9 127
391.0 207
391.1 154
391.1 147
391.2 143
391.3 100
391.3 82
391.4 42
391.5 9
391.5 0
391.6 0
391.7 0
391.7 9
391.8 54
391.9 90
391.9 58
392.0 29
392.1 21
392.1 10
392.2 60
392.3 57
392.3 24
392.4 121
392.5 80
392.5 50
392.6 54
392.7 20
392.7 8
392.8 6
392.9 12
392.9 55
393.0 59
393.1 40
393.1 38
393.2 46
393.3 34
393.3 14
393.4 2
393.5 0
393.5 12
393.6 43
393.7 22
393.7 4
393.8 6
393.9 7
393.9 0
394.0 5
394.1 56
394.1 142
394.2 100
394.3 18
394.3 2
394.4 0
394.5 0
394.5 0
394.6 0
394.7 19
394.7 62
394.8 64
394.9 24
394.9 45
395.0 70
395.1 67
395.1 87
395.2 145
395.3 136
395.3 58
395.4 37
395.5 9
395.5 10
395.6 7
395.7 2
395.7 33
395.8 60
395.9 36
395.9 81
396.0 134
396.1 75
396.1 11
396.2 1
396.3 20
396.3 51
396.4 16
396.5 0
396.5 0
396.6 5
396.7 11
396.7 28
396.8 111
396.9 147
396.9 106
397.0 90
397.1 100
397.1 70
397.2 165
397.3 168
397.3 101
397.4 27
397.5 12
397.5 3
397.6 0
397.7 25
397.7 84
397.8 66
397.9 57
397.9 88
398.0 65
398.1 23
398.1 21
398.2 16
398.3 3
398.3 0
398.4 2
398.5 18
398.5 28
398.6 3
398.7 33
398.7 145
398.8 227
398.9 189
398.9 185
399.0 280
399.1 325
399.1 308
399.2 330
399.3 359
399.3 264
399.4 135
399.5 80
399.5 62
399.6 58
399.7 41
399.7 15
399.8 22
399.9 52
399.9 60
400.0 51
400.1 51
400.1 59
400.2 36
400.3 21
400.3 8
400.4 25
400.5 12
400.5 2
400.6 0
400.7 21
400.7 56
400.8 58
400.9 52
400.9 29
401.0 41
401.1 70
401.1 80
401.2 119
401.3 87
401.3 11
401.4 29
401.5 77
401.5 70
401.6 32
401.7 22
401.7 7
401.8 1
401.9 0
401.9 9
402.0 24
402.1 23
402.1 11
402.2 34
402.3 48
402.3 21
402.4 5
402.5 1
402.5 25
402.6 68
402.7 78
402.7 29
402.8 2
402.9 3
402.9 20
403.0 47
403.1 69
403.1 116
403.2 114
403.3 57
403.3 49
403.4 36
403.5 9
403.5 0
403.6 0
403.7 0
403.7 8
403.8 20
403.9 44
403.9 99
404.0 85
404.1 26
404.1 2
404.2 10
404.3 12
404.3 5
404.4 0
404.5 0
404.5 0
404.6 15
404.7 48
404.7 51
404.8 2
404.9 8
404.9 22
405.0 39
405.1 65
405.1 41
405.2 85
405.3 175
405.3 128
405.4 63
405.5 16
405.5 14
405.6 50
405.7 43
405.7 11
405.8 23
405.9 50
405.9 28
406.0 5
406.1 7
406.1 38
406.2 53
406.3 59
406.3 33
406.4 8
406.5 0
406.5 0
406.6 0
406.7 5
406.7 22
406.8 35
406.9 25
406.9 42
407.0 45
407.1 15
407.1 29
407.2 55
407.3 64
407.3 38
407.4 14
407.5 0
407.5 0
407.6 0
407.7 7
407.7 24
407.8 38
407.9 35
407.9 34
408.0 15
408.1 12
408.1 5
408.2 1
408.3 0
408.3 0
408.4 0
408.5 4
408.5 8
408.6 12
408.7 25
408.7 96
408.8 60
408.9 18
408.9 8
409.0 25
409.1 70
409.1 67
409.2 64
409.3 48
409.3 32
409.4 53
409.5 93
409.5 48
409.6 19
409.7 2
409.7 0
409.8 0
409.9 0
409.9 0
410.0 0
410.1 0
410.1 7
410.2 14
410.3 3
410.3 0
410.4 7
410.5 13
410.5 3
410.6 5
410.7 22
410.7 41
410.8 41
410.9 21
410.9 22
411.0 39
411.1 35
411.1 6
411.2 0
411.3 0
411.3 0
411.4 0
411.5 0
411.5 0
411.6 0
411.7 0
411.7 0
411.8 6
411.9 22
411.9 47
412.0 32
412.1 4
412.1 0
412.2 8
412.3 50
412.3 37
412.4 13
412.5 4
412.5 31
412.6 75
412.7 76
412.7 64
412.8 29
412.9 12
412.9 67
413.0 137
413.1 92
413.1 47
413.2 44
413.3 71
413.3 67
413.4 40
413.5 11
413.5 8
413.6 47
413.7 49
413.7 11
413.8 7
413.9 33
413.9 48
414.0 34
414.1 40
414.1 28
414.2 33
414.3 26
414.3 4
414.4 14
414.5 29
414.5 61
414.6 59
414.7 49
414.7 43
414.8 38
414.9 29
414.9 26
415.0 56
415.1 91
415.1 82
415.2 60
415.3 34
415.3 62
415.4 99
415.5 97
415.5 11
415.6 1
415.7 0
415.7 0
415.8 12
415.9 9
415.9 1
416.0 6
416.1 18
416.1 8
416.2 21
416.3 68
416.3 63
416.4 37
416.5 1
416.5 0
416.6 0
416.7 0
416.7 5
416.8 15
416.9 22
416.9 49
417.0 18
417.1 14
417.1 57
417.2 101
417.3 63
417.3 10
417.4 0
417.5 0
417.5 21
417.6 47
417.7 26
417.7 4
417.8 0
417.9 0
417.9 0
418.0 4
418.1 27
418.1 44
418.2 29
418.3 32
418.3 8
418.4 14
418.5 42
418.5 48
418.6 48
418.7 24
418.7 36
418.8 16
418.9 14
418.9 54
419.0 120
419.1 146
419.1 73
419.2 33
419.3 69
419.3 80
419.4 103
419.5 144
419.5 117
419.6 28
419.7 6
419.7 0
419.8 4
419.9 15
419.9 10
420.0 1
420.1 11
420.1 21
420.2 39
420.3 33
420.3 20
420.4 21
420.5 35
420.5 73
420.6 65
420.7 28
420.7 41
420.8 54
420.9 25
420.9 23
421.0 75
421.1 73
421.1 66
421.2 49
421.3 64
421.3 39
421.4 13
421.5 1
421.5 0
421.6 0
421.7 0
421.7 18
421.8 51
421.9 42
421.9 36
422.0 41
422.1 29
422.1 7
422.2 0
422.3 0
422.3 0
422.4 5
422.5 7
422.5 2
422.6 1
422.7 15
422.7 57
422.8 59
422.9 45
422.9 60
423.0 64
423.1 43
423.1 36
423.2 60
423.3 71
423.3 35
423.4 8
423.5 0
423.5 0
423.6 0
423.7 2
423.7 7
423.8 7
423.9 2
423.9 9
424.0 6
424.1 13
424.1 8
424.2 2
424.3 0
424.3 0
424.4 3
424.5 13
424.5 37
424.6 54
424.7 65
424.7 73
424.8 46
424.9 72
424.9 141
425.0 122
425.1 114
425.1 139
425.2 91
425.3 29
425.3 5
425.4 5
425.5 40
425.5 102
425.6 59
425.7 41
425.7 20
425.8 3
425.9 0
425.9 0
426.0 0
426.1 13
426.1 27
426.2 21
426.3 6
426.3 3
426.4 19
426.5 28
426.5 15
426.6 10
426.7 51
426.7 91
426.8 30
426.9 9
426.9 22
427.0 53
427.1 69
427.1 72
427.2 37
427.3 14
427.3 39
427.4 42
427.5 17
427.5 3
427.6 0
427.7 0
427.7 0
427.8 29
427.9 69
427.9 35
428.0 64
428.1 73
428.1 14
428.2 3
428.3 0
428.3 0
428.4 0
428.5 0
428.5 0
428.6 0
428.7 0
428.7 6
428.8 13
428.9 19
428.9 35
429.0 30
429.1 23
429.1 32
429.2 18
429.3 20
429.3 37
429.4 12
429.5 9
429.5 31
429.6 42
429.7 23
429.7 1
429.8 0
429.9 2
429.9 14
430.0 58
430.1 97
430.1 100
430.2 92
430.3 54
430.3 46
430.4 23
430.5 9
430.5 56
430.6 68
430.7 62
430.7 30
430.8 14
430.9 13
430.9 13
431.0 24
431.1 123
431.1 198
431.2 171
431.3 116
431.3 61
431.4 32
431.5 32
431.5 25
431.6 7
431.7 0
431.7 0
431.8 0
431.9 0
431.9 0
432.0 0
432.1 11
432.1 35
432.2 55
432.3 55
432.3 29
432.4 22
432.5 9
432.5 22
432.6 19
432.7 6
432.7 9
432.8 13
432.9 9
432.9 38
433.0 67
433.1 83
433.1 76
433.2 81
433.3 47
433.3 56
433.4 49
433.5 10
433.5 1
433.6 0
433.7 0
433.7 9
433.8 44
433.9 92
433.9 95
434.0 54
434.1 28
434.1 77
434.2 89
434.3 38
434.3 4
434.4 1
434.5 17
434.5 15
434.6 22
434.7 73
434.7 80
434.8 92
434.9 122
434.9 153
435.0 241
435.1 223
435.1 131
435.2 117
435.3 126
435.3 103
435.4 70
435.5 40
435.5 79
435.6 76
435.7 29
435.7 5
435.8 1
435.9 0
435.9 0
436.0 0
436.1 0
436.1 0
436.2 16
436.3 37
436.3 29
436.4 75
436.5 57
436.5 19
436.6 20
436.7 23
436.7 16
436.8 83
436.9 69
436.9 30
437.0 30
437.1 21
437.1 50
437.2 98
437.3 94
437.3 66
437.4 39
437.5 13
437.5 3
437.6 51
437.7 97
437.7 92
437.8 39
437.9 28
437.9 72
438.0 65
438.1 37
438.1 59
438.2 55
438.3 19
438.3 10
438.4 38
438.5 52
438.5 32
438.6 29
438.7 45
438.7 31
438.8 0
438.9 0
438.9 0
439.0 6
439.1 24
439.1 30
439.2 12
439.3 111
439.3 131
439.4 59
439.5 13
439.5 15
439.6 18
439.7 20
439.7 28
439.8 26
439.9 44
439.9 97
440.0 111
440.1 93
440.1 52
440.2 65
440.3 52
440.3 38
440.4 18
440.5 4
440.5 0
440.6 9
440.7 63
440.7 104
440.8 140
440.9 83
440.9 91
441.0 97
441.1 135
441.1 119
441.2 88
441.3 65
441.3 89
441.4 160
441.5 109
441.5 20
441.6 9
441.7 21
441.7 20
441.8 8
441.9 65
441.9 162
442.0 203
442.1 205
442.1 176
442.2 143
442.3 148
442.3 151
442.4 188
442.5 156
442.5 137
442.6 142
442.7 175
442.7 341
442.8 600
442.9 503
442.9 551
443.0 602
443.1 742
443.1 913
443.2 882
443.3 771
443.3 391
443.4 191
443.5 72
443.5 19
443.6 4
443.7 1
443.7 1
443.8 43
443.9 122
443.9 145
444.0 97
444.1 69
444.1 84
444.2 63
444.3 31
444.3 30
444.4 33
444.5 36
444.5 9
444.6 0
444.7 0
444.7 0
444.8 1
444.9 16
444.9 36
445.0 65
445.1 106
445.1 178
445.2 143
445.3 68
445.3 18
445.4 4
445.5 0
445.5 0
445.6 0
445.7 4
445.7 20
445.8 42
445.9 21
445.9 26
446.0 67
446.1 75
446.1 65
446.2 53
446.3 69
446.3 79
446.4 94
446.5 74
446.5 34
446.6 7
446.7 16
446.7 57
446.8 98
446.9 84
446.9 6
447.0 13
447.1 21
447.1 17
447.2 95
447.3 212
447.3 168
447.4 78
447.5 58
447.5 47
447.6 24
447.7 23
447.7 62
447.8 79
447.9 43
447.9 20
448.0 16
448.1 9
448.1 2
448.2 39
448.3 63
448.3 41
448.4 12
448.5 13
448.5 8
448.6 1
448.7 0
448.7 0
448.8 0
448.9 0
448.9 5
449.0 12
449.1 13
449.1 2
449.2 16
449.3 16
449.3 4
449.4 0
449.5 7
449.5 27
449.6 32
449.7 15
449.7 11
449.8 5
449.9 6
449.9 4
450.0 0
450.1 3
450.1 11
450.2 10
450.3 3
450.3 0
450.4 0
450.5 9
450.5 32
450.6 28
450.7 30
450.7 17
450.8 1
450.9 6
450.9 17
451.0 20
451.1 9
451.1 2
451.2 1
451.3 5
451.3 23
451.4 50
451.5 20
451.5 4
451.6 7
451.7 22
451.7 64
451.8 40
451.9 7
451.9 0
452.0 0
452.1 0
452.1 0
452.2 0
452.3 0
452.3 0
452.4 0
452.5 0
452.5 0
452.6 0
452.7 0
452.7 0
452.8 0
452.9 4
452.9 34
453.0 82
453.1 112
453.1 79
453.2 87
453.3 48
453.3 35
453.4 18
453.5 15
453.5 48
453.6 74
453.7 51
453.7 23
453.8 14
453.9 11
453.9 12
454.0 9
454.1 0
454.1 0
454.2 5
454.3 16
454.3 19
454.4 18
454.5 41
454.5 82
454.6 77
454.7 54
454.7 51
454.8 33
454.9 13
454.9 38
455.0 34
455.1 37
455.1 94
455.2 125
455.3 63
455.3 19
455.4 4
455.5 1
455.5 0
455.6 0
455.7 0
455.7 0
455.8 0
455.9 24
455.9 57
456.0 61
456.1 42
456.1 38
456.2 53
456.3 39
456.3 34
456.4 110
456.5 139
456.5 72
456.6 12
456.7 1
456.7 0
456.8 0
456.9 5
456.9 20
457.0 30
457.1 32
457.1 24
457.2 43
457.3 35
457.3 8
457.4 0
457.5 1
457.5 6
457.6 6
457.7 0
457.7 0
457.8 12
457.9 41
457.9 98
458.0 66
458.1 27
458.1 65
458.2 134
458.3 136
458.3 107
458.4 137
458.5 60
458.5 32
458.6 15
458.7 2
458.7 1
458.8 14
458.9 42
458.9 41
459.0 60
459.1 70
459.1 167
459.2 137
459.3 52
459.3 12
459.4 2
459.5 0
459.5 0
459.6 0
459.7 4
459.7 2
459.8 12
459.9 87
459.9 101
460.0 28
460.1 24
460.1 88
460.2 74
460.3 85
460.3 144
460.4 103
460.5 49
460.5 33
460.6 52
460.7 93
460.7 110
460.8 60
460.9 118
460.9 138
461.0 94
461.1 51
461.1 56
461.2 95
461.3 101
461.3 70
461.4 74
461.5 37
461.5 11
461.6 0
461.7 0
461.7 0
461.8 14
461.9 52
461.9 77
462.0 60
462.1 43
462.1 52
462.2 84
462.3 80
462.3 53
462.4 74
462.5 105
462.5 102
462.6 52
462.7 7
462.7 0
462.8 0
462.9 35
462.9 99
463.0 140
463.1 153
463.1 179
463.2 161
463.3 222
463.3 384
463.4 451
463.5 296
463.5 101
463.6 32
463.7 122
463.7 171
463.8 116
463.9 108
463.9 132
464.0 118
464.1 64
464.1 28
464.2 12
464.3 17
464.3 13
464.4 2
464.5 0
464.5 0
464.6 12
464.7 14
464.7 36
464.8 51
464.9 57
464.9 34
465.0 66
465.1 110
465.1 128
465.2 82
465.3 23
465.3 8
465.4 0
465.5 0
465.5 0
465.6 0
465.7 0
465.7 0
465.8 0
465.9 0
465.9 0
466.0 10
466.1 26
466.1 22
466.2 7
466.3 0
466.3 2
466.4 21
466.5 70
466.5 82
466.6 28
466.7 1
466.7 0
466.8 0
466.9 37
466.9 40
467.0 52
467.1 122
467.1 92
467.2 42
467.3 39
467.3 47
467.4 49
467.5 40
467.5 15
467.6 2
467.7 7
467.7 33
467.8 46
467.9 24
467.9 5
468.0 1
468.1 3
468.1 55
468.2 120
468.3 155
468.3 109
468.4 56
468.5 52
468.5 34
468.6 14
468.7 38
468.7 49
468.8 79
468.9 60
468.9 31
469.0 82
469.1 114
469.1 144
469.2 81
469.3 37
469.3 41
469.4 38
469.5 9
469.5 2
469.6 0
469.7 1
469.7 9
469.8 42
469.9 58
469.9 111
470.0 69
470.1 49
470.1 74
470.2 59
470.3 41
470.3 41
470.4 88
470.5 102
470.5 24
470.6 4
470.7 1
470.7 0
470.8 8
470.9 6
470.9 0
471.0 0
471.1 9
471.1 28
471.2 23
471.3 30
471.3 18
471.4 14
471.5 9
471.5 16
471.6 26
471.7 8
471.7 1
471.8 0
471.9 0
471.9 17
472.0 31
472.1 82
472.1 110
472.2 99
472.3 125
472.3 128
472.4 51
472.5 24
472.5 22
472.6 8
472.7 1
472.7 18
472.8 46
472.9 58
472.9 57
473.0 65
473.1 64
473.1 105
473.2 100
473.3 95
473.3 74
473.4 20
473.5 4
473.5 8
473.6 27
473.7 34
473.7 6
473.8 6
473.9 14
473.9 37
474.0 60
474.1 42
474.1 27
474.2 25
474.3 5
474.3 1
474.4 0
474.5 0
474.5 0
474.6 0
474.7 0
474.7 0
474.8 0
474.9 5
474.9 19
475.0 37
475.1 40
475.1 34
475.2 92
475.3 51
475.3 15
475.4 23
475.5 50
475.5 33
475.6 9
475.7 0
475.7 6
475.8 52
475.9 115
475.9 67
476.0 19
476.1 7
476.1 34
476.2 17
476.3 3
476.3 1
476.4 0
476.5 3
476.5 26
476.6 60
476.7 31
476.7 31
476.8 19
476.9 10
476.9 8
477.0 2
477.1 0
477.1 0
477.2 21
477.3 54
477.3 13
477.4 0
477.5 4
477.5 13
477.6 12
477.7 65
477.7 130
477.8 40
477.9 19
477.9 39
478.0 73
478.1 75
478.1 76
478.2 112
478.3 104
478.3 81
478.4 80
478.5 39
478.5 9
478.6 2
478.7 0
478.7 31
478.8 61
478.9 130
478.9 165
479.0 79
479.1 76
479.1 129
479.2 160
479.3 126
479.3 93
479.4 66
479.5 36
479.5 9
479.6 13
479.7 43
479.7 45
479.8 17
479.9 0
479.9 0
480.0 0
480.1 0
480.1 0
480.2 0
480.3 1
480.3 31
480.4 22
480.5 6
480.5 16
480.6 40
480.7 15
480.7 3
480.8 6
480.9 24
480.9 27
481.0 40
481.1 115
481.1 97
481.2 39
481.3 49
481.3 68
481.4 53
481.5 41
481.5 57
481.6 46
481.7 14
481.7 0
481.8 24
481.9 66
481.9 64
482.0 32
482.1 19
482.1 12
482.2 26
482.3 45
482.3 47
482.4 45
482.5 118
482.5 136
482.6 129
482.7 79
482.7 23
482.8 21
482.9 42
482.9 48
483.0 72
483.1 117
483.1 134
483.2 147
483.3 187
483.3 116
483.4 55
483.5 90
483.5 43
483.6 8
483.7 29
483.7 76
483.8 65
483.9 34
483.9 97
484.0 131
484.1 69
484.1 66
484.2 44
484.3 12
484.3 29
484.4 10
484.5 1
484.5 13
484.6 81
484.7 135
484.7 161
484.8 118
484.9 94
484.9 95
485.0 64
485.1 20
485.1 32
485.2 78
485.3 56
485.3 50
485.4 31
485.5 0
485.5 0
485.6 0
485.7 0
485.7 19
485.8 37
485.9 28
485.9 62
486.0 74
486.1 29
486.1 10
486.2 35
486.3 39
486.3 29
486.4 41
486.5 43
486.5 54
486.6 48
486.7 91
486.7 244
486.8 195
486.9 188
486.9 269
487.0 379
487.1 413
487.1 417
487.2 351
487.3 299
487.3 188
487.4 111
487.5 59
487.5 24
487.6 38
487.7 54
487.7 55
487.8 34
487.9 38
487.9 56
488.0 164
488.1 165
488.1 133
488.2 96
488.3 113
488.3 152
488.4 107
488.5 40
488.5 16
488.6 21
488.7 12
488.7 43
488.8 142
488.9 216
488.9 258
489.0 268
489.1 286
489.1 375
489.2 242
489.3 131
489.3 114
489.4 82
489.5 36
489.5 9
489.6 11
489.7 32
489.7 30
489.8 25
489.9 22
489.9 23
490.0 103
490.1 145
490.1 90
490.2 69
490.3 38
490.3 11
490.4 28
490.5 35
490.5 30
490.6 39
490.7 33
490.7 16
490.8 6
490.9 23
490.9 64
491.0 76
491.1 85
491.1 80
491.2 108
491.3 48
491.3 36
491.4 41
491.5 23
491.5 17
491.6 28
491.7 18
491.7 12
491.8 49
491.9 89
491.9 80
492.0 39
492.1 6
492.1 33
492.2 70
492.3 51
492.3 36
492.4 8
492.5 0
492.5 0
492.6 0
492.7 0
492.7 2
492.8 12
492.9 21
492.9 64
493.0 162
493.1 200
493.1 183
493.2 113
493.3 117
493.3 173
493.4 117
493.5 53
493.5 52
493.6 38
493.7 0
493.7 0
493.8 0
493.9 0
493.9 26
494.0 39
494.1 47
494.1 100
494.2 67
494.3 28
494.3 13
494.4 27
494.5 65
494.5 61
494.6 104
494.7 69
494.7 22
494.8 3
494.9 21
494.9 93
495.0 156
495.1 126
495.1 78
495.2 52
495.3 16
495.3 2
495.4 0
495.5 0
495.5 0
495.6 0
495.7 0
495.7 0
495.8 0
495.9 7
495.9 35
496.0 93
496.1 118
496.1 161
496.2 112
496.3 39
496.3 37
496.4 43
496.5 55
496.5 45
496.6 34
496.7 25
496.7 18
496.8 22
496.9 16
496.9 10
497.0 47
497.1 77
497.1 23
497.2 2
497.3 0
497.3 88
497.4 91
497.5 60
497.5 140
497.6 198
497.7 112
497.7 26
497.8 0
497.9 8
497.9 37
498.0 188
498.1 139
498.1 115
498.2 116
498.3 55
498.3 20
498.4 32
498.5 46
498.5 51
498.6 26
498.7 2
498.7 32
498.8 95
498.9 95
498.9 82
499.0 51
499.1 31
499.1 17
499.2 4
499.3 19
499.3 45
499.4 39
499.5 23
499.5 15
499.6 0
499.7 0
499.7 0
499.8 6
499.9 45
499.9 110
500.0 132
500.1 151
500.1 166
500.2 150
500.3 103
500.3 79
500.4 140
500.5 104
500.5 6
500.6 1
500.7 0
500.7 4
500.8 37
500.9 72
500.9 42
501.0 92
501.1 115
501.1 68
501.2 81
501.3 137
501.3 126
501.4 78
501.5 44
501.5 8
501.6 1
501.7 0
501.7 0
501.8 11
501.9 26
501.9 72
502.0 134
502.1 173
502.1 233
502.2 176
502.3 85
502.3 17
502.4 26
502.5 105
502.5 90
502.6 59
502.7 91
502.7 64
502.8 41
502.9 52
502.9 82
503.0 84
503.1 86
503.1 129
503.2 100
503.3 52
503.3 24
503.4 5
503.5 1
503.5 0
503.6 0
503.7 0
503.7 13
503.8 44
503.9 52
503.9 50
504.0 74
504.1 99
504.1 108
504.2 85
504.3 84
504.3 93
504.4 154
504.5 230
504.5 157
504.6 69
504.7 79
504.7 120
504.8 128
504.9 113
504.9 108
505.0 124
505.1 179
505.1 262
505.2 239
505.3 131
505.3 70
505.4 66
505.5 98
505.5 86
505.6 25
505.7 86
505.7 118
505.8 64
505.9 14
505.9 8
506.0 48
506.1 102
506.1 93
506.2 72
506.3 44
506.3 87
506.4 94
506.5 44
506.5 11
506.6 142
506.7 177
506.7 117
506.8 46
506.9 108
506.9 207
507.0 265
507.1 246
507.1 323
507.2 356
507.3 443
507.3 451
507.4 377
507.5 329
507.5 289
507.6 174
507.7 90
507.7 121
507.8 74
507.9 40
507.9 36
508.0 47
508.1 52
508.1 28
508.2 37
508.3 87
508.3 103
508.4 95
508.5 57
508.5 7
508.6 0
508.7 0
508.7 0
508.8 0
508.9 9
508.9 44
509.0 52
509.1 61
509.1 69
509.2 55
509.3 34
509.3 33
509.4 28
509.5 25
509.5 11
509.6 2
509.7 20
509.7 62
509.8 60
509.9 19
509.9 8
510.0 13
510.1 17
510.1 43
510.2 33
510.3 37
510.3 30
510.4 15
510.5 4
510.5 5
510.6 10
510.7 2
510.7 20
510.8 119
510.9 145
510.9 148
511.0 90
511.1 19
511.1 1
511.2 0
511.3 3
511.3 10
511.4 10
511.5 4
511.5 17
511.6 48
511.7 86
511.7 50
511.8 97
511.9 122
511.9 85
512.0 44
512.1 34
512.1 62
512.2 115
512.3 64
512.3 20
512.4 19
512.5 35
512.5 54
512.6 71
512.7 55
512.7 43
512.8 66
512.9 114
512.9 118
513.0 70
513.1 85
513.1 90
513.2 70
513.3 59
513.3 32
513.4 2
513.5 0
513.5 0
513.6 0
513.7 6
513.7 27
513.8 23
513.9 6
513.9 1
514.0 10
514.1 25
514.1 40
514.2 131
514.3 152
514.3 104
514.4 70
514.5 25
514.5 28
514.6 58
514.7 109
514.7 147
514.8 79
514.9 56
514.9 75
515.0 85
515.1 63
515.1 32
515.2 49
515.3 65
515.3 31
515.4 8
515.5 21
515.5 21
515.6 9
515.7 2
515.7 1
515.8 0
515.9 0
515.9 22
516.0 93
516.1 128
516.1 96
516.2 32
516.3 46
516.3 100
516.4 40
516.5 7
516.5 2
516.6 1
516.7 13
516.7 41
516.8 22
516.9 51
516.9 127
517.0 176
517.1 104
517.1 65
517.2 57
517.3 48
517.3 24
517.4 13
517.5 11
517.5 5
517.6 5
517.7 20
517.7 27
517.8 14
517.9 3
517.9 3
518.0 1
518.1 84
518.1 144
518.2 146
518.3 69
518.3 13
518.4 21
518.5 10
518.5 0
518.6 7
518.7 25
518.7 30
518.8 28
518.9 88
518.9 152
519.0 123
519.1 82
519.1 92
519.2 141
519.3 120
519.3 30
519.4 38
519.5 45
519.5 94
519.6 66
519.7 17
519.7 3
519.8 36
519.9 121
519.9 97
520.0 38
520.1 140
520.1 114
520.2 19
520.3 0
520.3 13
520.4 62
520.5 84
520.5 22
520.6 1
520.7 1
520.7 5
520.8 22
520.9 50
520.9 23
521.0 23
521.1 52
521.1 109
521.2 103
521.3 52
521.3 41
521.4 38
521.5 4
521.5 0
521.6 0
521.7 6
521.7 17
521.8 10
521.9 32
521.9 67
522.0 38
522.1 5
522.1 17
522.2 51
522.3 24
522.3 8
522.4 28
522.5 60
522.5 13
522.6 0
522.7 55
522.7 81
522.8 53
522.9 26
522.9 46
523.0 109
523.1 94
523.1 151
523.2 243
523.3 230
523.3 199
523.4 139
523.5 62
523.5 44
523.6 56
523.7 19
523.7 7
523.8 20
523.9 40
523.9 36
524.0 22
524.1 46
524.1 77
524.2 67
524.3 43
524.3 72
524.4 77
524.5 74
524.5 53
524.6 45
524.7 83
524.7 35
524.8 14
524.9 33
524.9 88
525.0 49
525.1 26
525.1 30
525.2 26
525.3 63
525.3 97
525.4 64
525.5 72
525.5 34
525.6 11
525.7 3
525.7 0
525.8 5
525.9 37
525.9 27
526.0 36
526.1 86
526.1 92
526.2 124
526.3 150
526.3 41
526.4 7
526.5 17
526.5 4
526.6 4
526.7 32
526.7 104
526.8 95
526.9 31
526.9 7
527.0 16
527.1 24
527.1 26
527.2 38
527.3 37
527.3 80
527.4 62
527.5 20
527.5 4
527.6 1
527.7 0
527.7 11
527.8 16
527.9 19
527.9 10
528.0 3
528.1 1
528.1 17
528.2 66
528.3 40
528.3 36
528.4 27
528.5 23
528.5 11
528.6 3
528.7 1
528.7 0
528.8 10
528.9 43
528.9 75
529.0 88
529.1 103
529.1 108
529.2 88
529.3 96
529.3 122
529.4 27
529.5 24
529.5 36
529.6 33
529.7 15
529.7 34
529.8 64
529.9 48
529.9 21
530.0 4
530.1 5
530.1 35
530.2 63
530.3 86
530.3 35
530.4 11
530.5 42
530.5 71
530.6 59
530.7 44
530.7 44
530.8 61
530.9 155
530.9 248
531.0 334
531.1 351
531.1 363
531.2 380
531.3 255
531.3 81
531.4 25
531.5 48
531.5 56
531.6 49
531.7 61
531.7 63
531.8 82
531.9 59
531.9 91
532.0 116
532.1 183
532.1 272
532.2 148
532.3 80
532.3 45
532.4 26
532.5 40
532.5 74
532.6 56
532.7 36
532.7 4
532.8 7
532.9 47
532.9 82
533.0 102
533.1 106
533.1 74
533.2 33
533.3 21
533.3 23
533.4 10
533.5 9
533.5 16
533.6 34
533.7 139
533.7 164
533.8 76
533.9 12
533.9 1
534.0 29
534.1 72
534.1 58
534.2 26
534.3 13
534.3 29
534.4 75
534.5 65
534.5 28
534.6 3
534.7 6
534.7 20
534.8 28
534.9 35
534.9 33
535.0 37
535.1 49
535.1 96
535.2 148
535.3 119
535.3 97
535.4 51
535.5 15
535.5 17
535.6 39
535.7 44
535.7 19
535.8 0
535.9 12
535.9 38
536.0 48
536.1 48
536.1 28
536.2 47
536.3 88
536.3 97
536.4 22
536.5 25
536.5 49
536.6 57
536.7 26
536.7 25
536.8 26
536.9 14
536.9 3
537.0 5
537.1 55
537.1 85
537.2 66
537.3 31
537.3 30
537.4 44
537.5 33
537.5 1
537.6 12
537.7 7
537.7 1
537.8 0
537.9 0
537.9 0
538.0 26
538.1 67
538.1 80
538.2 65
538.3 30
538.3 9
538.4 0
538.5 0
538.5 0
538.6 17
538.7 50
538.7 81
538.8 60
538.9 18
538.9 15
539.0 63
539.1 99
539.1 108
539.2 69
539.3 55
539.3 48
539.4 17
539.5 4
539.5 18
539.6 28
539.7 53
539.7 25
539.8 6
539.9 12
539.9 40
540.0 71
540.1 104
540.1 81
540.2 36
540.3 7
540.3 2
540.4 0
540.5 0
540.5 0
540.6 0
540.7 28
540.7 25
540.8 24
540.9 66
540.9 165
541.0 221
541.1 150
541.1 66
541.2 63
541.3 50
541.3 27
541.4 11
541.5 15
541.5 20
541.6 9
541.7 0
541.7 1
541.8 17
541.9 26
541.9 21
542.0 16
542.1 4
542.1 27
542.2 68
542.3 55
542.3 108
542.4 81
542.5 59
542.5 11
542.6 4
542.7 1
542.7 0
542.8 0
542.9 27
542.9 130
543.0 154
543.1 114
543.1 103
543.2 117
543.3 74
543.3 90
543.4 60
543.5 58
543.5 54
543.6 28
543.7 0
543.7 0
543.8 0
543.9 9
543.9 29
544.0 21
544.1 57
544.1 34
544.2 17
544.3 30
544.3 23
544.4 5
544.5 0
544.5 43
544.6 43
544.7 17
544.7 57
544.8 44
544.9 36
544.9 71
545.0 65
545.1 74
545.1 141
545.2 149
545.3 101
545.3 58
545.4 74
545.5 56
545.5 39
545.6 99
545.7 136
545.7 67
545.8 19
545.9 35
545.9 50
546.0 39
546.1 92
546.1 150
546.2 171
546.3 162
546.3 149
546.4 94
546.5 74
546.5 34
546.6 19
546.7 12
546.7 9
546.8 55
546.9 122
546.9 192
547.0 225
547.1 251
547.1 164
547.2 78
547.3 63
547.3 63
547.4 62
547.5 9
547.5 10
547.6 39
547.7 51
547.7 41
547.8 22
547.9 91
547.9 108
548.0 84
548.1 84
548.1 128
548.2 107
548.3 67
548.3 40
548.4 9
548.5 77
548.5 134
548.6 88
548.7 92
548.7 128
548.8 55
548.9 17
548.9 80
549.0 206
549.1 262
549.1 290
549.2 315
549.3 343
549.3 388
549.4 463
549.5 343
549.5 144
549.6 81
549.7 52
549.7 17
549.8 20
549.9 80
549.9 126
550.0 58
550.1 33
550.1 135
550.2 114
550.3 46
550.3 65
550.4 61
550.5 109
550.5 121
550.6 77
550.7 52
550.7 104
550.8 150
550.9 266
550.9 451
551.0 610
551.1 938
551.1 1367
551.2 1848
551.3 2391
551.3 2602
551.4 2287
551.5 1857
551.5 1169
551.6 673
551.7 488
551.7 422
551.8 304
551.9 170
551.9 117
552.0 129
552.1 155
552.1 205
552.2 267
552.3 324
552.3 342
552.4 204
552.5 152
552.5 114
552.6 129
552.7 142
552.7 144
552.8 103
552.9 72
552.9 70
553.0 109
553.1 82
553.1 67
553.2 37
553.3 21
553.3 35
553.4 26
553.5 6
553.5 1
553.6 0
553.7 0
553.7 6
553.8 14
553.9 16
553.9 48
554.0 77
554.1 44
554.1 14
554.2 23
554.3 73
554.3 86
554.4 27
554.5 21
554.5 4
554.6 6
554.7 21
554.7 39
554.8 19
554.9 4
554.9 10
555.0 53
555.1 98
555.1 69
555.2 3
555.3 0
555.3 0
555.4 0
555.5 23
555.5 67
555.6 74
555.7 45
555.7 18
555.8 0
555.9 12
555.9 32
556.0 32
556.1 25
556.1 31
556.2 9
556.3 9
556.3 6
556.4 0
556.5 0
556.5 0
556.6 23
556.7 77
556.7 103
556.8 68
556.9 19
556.9 29
557.0 72
557.1 114
557.1 180
557.2 242
557.3 263
557.3 173
557.4 165
557.5 105
557.5 40
557.6 19
557.7 44
557.7 41
557.8 4
557.9 8
557.9 1
558.0 26
558.1 28
558.1 12
558.2 11
558.3 23
558.3 15
558.4 16
558.5 36
558.5 30
558.6 3
558.7 8
558.7 8
558.8 4
558.9 6
558.9 24
559.0 56
559.1 74
559.1 76
559.2 75
559.3 104
559.3 125
559.4 46
559.5 27
559.5 44
559.6 27
559.7 12
559.7 18
559.8 41
559.9 52
559.9 27
560.0 48
560.1 41
560.1 40
560.2 60
560.3 64
560.3 63
560.4 82
560.5 77
560.5 31
560.6 6
560.7 0
560.7 3
560.8 21
560.9 9
560.9 5
561.0 31
561.1 59
561.1 44
561.2 36
561.3 40
561.3 83
561.4 29
561.5 6
561.5 32
561.6 82
561.7 97
561.7 75
561.8 37
561.9 26
561.9 91
562.0 150
562.1 138
562.1 97
562.2 96
562.3 120
562.3 38
562.4 12
562.5 68
562.5 53
562.6 25
562.7 22
562.7 109
562.8 153
562.9 36
562.9 58
563.0 157
563.1 117
563.1 36
563.2 40
563.3 70
563.3 104
563.4 104
563.5 67
563.5 27
563.6 5
563.7 1
563.7 0
563.8 15
563.9 41
563.9 34
564.0 11
564.1 13
564.1 42
564.2 40
564.3 81
564.3 119
564.4 68
564.5 14
564.5 7
564.6 23
564.7 47
564.7 129
564.8 71
564.9 50
564.9 137
565.0 151
565.1 164
565.1 236
565.2 139
565.3 117
565.3 68
565.4 69
565.5 92
565.5 67
565.6 28
565.7 0
565.7 0
565.8 3
565.9 56
565.9 104
566.0 69
566.1 13
566.1 0
566.2 0
566.3 13
566.3 32
566.4 27
566.5 14
566.5 74
566.6 74
566.7 40
566.7 14
566.8 24
566.9 100
566.9 80
567.0 156
567.1 241
567.1 261
567.2 207
567.3 108
567.3 67
567.4 82
567.5 110
567.5 79
567.6 115
567.7 55
567.7 16
567.8 16
567.9 15
567.9 1
568.0 0
568.1 13
568.1 71
568.2 125
568.3 77
568.3 8
568.4 5
568.5 26
568.5 68
568.6 77
568.7 140
568.7 155
568.8 107
568.9 101
568.9 102
569.0 128
569.1 171
569.1 178
569.2 92
569.3 99
569.3 99
569.4 117
569.5 140
569.5 108
569.6 43
569.7 4
569.7 8
569.8 41
569.9 36
569.9 9
570.0 1
570.1 6
570.1 47
570.2 126
570.3 87
570.3 30
570.4 36
570.5 57
570.5 70
570.6 24
570.7 29
570.7 63
570.8 76
570.9 101
570.9 143
571.0 103
571.1 148
571.1 256
571.2 271
571.3 125
571.3 70
571.4 49
571.5 28
571.5 2
571.6 1
571.7 5
571.7 13
571.8 5
571.9 1
571.9 2
572.0 90
572.1 70
572.1 28
572.2 17
572.3 33
572.3 40
572.4 14
572.5 1
572.5 0
572.6 0
572.7 16
572.7 45
572.8 49
572.9 90
572.9 119
573.0 78
573.1 116
573.1 161
573.2 150
573.3 162
573.3 165
573.4 101
573.5 75
573.5 152
573.6 177
573.7 133
573.7 72
573.8 61
573.9 144
573.9 162
574.0 139
574.1 108
574.1 142
574.2 208
574.3 218
574.3 156
574.4 121
574.5 78
574.5 70
574.6 96
574.7 157
574.7 162
574.8 115
574.9 143
574.9 210
575.0 239
575.1 282
575.1 476
575.2 712
575.3 774
575.3 588
575.4 333
575.5 246
575.5 157
575.6 65
575.7 52
575.7 170
575.8 214
575.9 230
575.9 185
576.0 124
576.1 118
576.1 189
576.2 186
576.3 155
576.3 99
576.4 28
576.5 29
576.5 83
576.6 134
576.7 125
576.7 104
576.8 138
576.9 162
576.9 112
577.0 116
577.1 121
577.1 145
577.2 109
577.3 92
577.3 87
577.4 109
577.5 17
577.5 1
577.6 0
577.7 10
577.7 31
577.8 28
577.9 22
577.9 34
578.0 27
578.1 21
578.1 39
578.2 60
578.3 118
578.3 220
578.4 175
578.5 103
578.5 79
578.6 59
578.7 2
578.7 16
578.8 52
578.9 32
578.9 93
579.0 152
579.1 175
579.1 154
579.2 192
579.3 189
579.3 105
579.4 64
579.5 33
579.5 26
579.6 31
579.7 24
579.7 6
579.8 2
579.9 30
579.9 31
580.0 42
580.1 74
580.1 108
580.2 97
580.3 79
580.3 134
580.4 112
580.5 51
580.5 16
580.6 24
580.7 10
580.7 29
580.8 46
580.9 51
580.9 78
581.0 120
581.1 165
581.1 146
581.2 119
581.3 189
581.3 144
581.4 151
581.5 201
581.5 169
581.6 99
581.7 63
581.7 43
581.8 38
581.9 33
581.9 30
582.0 38
582.1 51
582.1 122
582.2 128
582.3 79
582.3 53
582.4 63
582.5 30
582.5 6
582.6 22
582.7 65
582.7 59
582.8 54
582.9 48
582.9 39
583.0 52
583.1 111
583.1 181
583.2 97
583.3 22
583.3 13
583.4 21
583.5 62
583.5 64
583.6 26
583.7 8
583.7 42
583.8 55
583.9 15
583.9 3
584.0 14
584.1 52
584.1 74
584.2 23
584.3 1
584.3 1
584.4 19
584.5 48
584.5 52
584.6 58
584.7 68
584.7 129
584.8 194
584.9 225
584.9 176
585.0 108
585.1 134
585.1 103
585.2 58
585.3 63
585.3 64
585.4 44
585.5 15
585.5 2
585.6 1
585.7 15
585.7 40
585.8 16
585.9 27
585.9 51
586.0 55
586.1 65
586.1 105
586.2 75
586.3 1803
586.3 2185
586.4 1176
586.5 351
586.5 65
586.6 26
586.7 5
586.7 28
586.8 68
586.9 77
586.9 34
587.0 51
587.1 142
587.1 120
587.2 118
587.3 99
587.3 81
587.4 71
587.5 19
587.5 4
587.6 10
587.7 3
587.7 0
587.8 0
587.9 0
587.9 0
588.0 8
588.1 25
588.1 32
588.2 19
588.3 25
588.3 7
588.4 0
588.5 14
588.5 47
588.6 53
588.7 22
588.7 5
588.8 0
588.9 41
588.9 55
589.0 48
589.1 32
589.1 23
589.2 49
589.3 46
589.3 55
589.4 86
589.5 82
589.5 18
589.6 35
589.7 77
589.7 122
589.8 135
589.9 94
589.9 47
590.0 8
590.1 12
590.1 27
590.2 58
590.3 107
590.3 153
590.4 116
590.5 20
590.5 34
590.6 51
590.7 23
590.7 4
590.8 9
590.9 34
590.9 96
591.0 208
591.1 159
591.1 105
591.2 82
591.3 74
591.3 66
591.4 45
591.5 42
591.5 78
591.6 77
591.7 29
591.7 4
591.8 6
591.9 42
591.9 90
592.0 95
592.1 31
592.1 29
592.2 49
592.3 70
592.3 63
592.4 28
592.5 22
592.5 38
592.6 43
592.7 28
592.7 7
592.8 2
592.9 33
592.9 90
593.0 120
593.1 150
593.1 183
593.2 136
593.3 125
593.3 132
593.4 121
593.5 129
593.5 108
593.6 89
593.7 62
593.7 24
593.8 5
593.9 11
593.9 41
594.0 25
594.1 12
594.1 12
594.2 27
594.3 46
594.3 31
594.4 40
594.5 27
594.5 12
594.6 2
594.7 0
594.7 0
594.8 0
594.9 5
594.9 22
595.0 29
595.1 30
595.1 20
595.2 104
595.3 112
595.3 53
595.4 13
595.5 4
595.5 2
595.6 7
595.7 78
595.7 91
595.8 19
595.9 4
595.9 69
596.0 163
596.1 149
596.1 56
596.2 29
596.3 60
596.3 33
596.4 9
596.5 3
596.5 86
596.6 126
596.7 89
596.7 19
596.8 18
596.9 65
596.9 75
597.0 43
597.1 89
597.1 257
597.2 317
597.3 142
597.3 42
597.4 43
597.5 74
597.5 56
597.6 15
597.7 0
597.7 16
597.8 38
597.9 35
597.9 32
598.0 28
598.1 52
598.1 118
598.2 130
598.3 68
598.3 21
598.4 12
598.5 79
598.5 102
598.6 36
598.7 12
598.7 2
598.8 12
598.9 28
598.9 36
599.0 46
599.1 48
599.1 44
599.2 52
599.3 12
599.3 17
599.4 28
599.5 13
599.5 20
599.6 45
599.7 54
599.7 110
599.8 103
599.9 26
599.9 4
600.0 18
600.1 50
600.1 30
600.2 45
600.3 37
600.3 20
600.4 14
600.5 17
600.5 65
600.6 66
600.7 34
600.7 19
600.8 17
600.9 7
600.9 21
601.0 55
601.1 68
601.1 78
601.2 164
601.3 201
601.3 69
601.4 48
601.5 91
601.5 106
601.6 48
601.7 20
601.7 15
601.8 3
601.9 26
601.9 33
602.0 106
602.1 174
602.1 206
602.2 157
602.3 55
602.3 49
602.4 65
602.5 98
602.5 102
602.6 109
602.7 53
602.7 9
602.8 3
602.9 18
602.9 71
603.0 107
603.1 69
603.1 50
603.2 128
603.3 164
603.3 173
603.4 126
603.5 66
603.5 19
603.6 10
603.7 6
603.7 13
603.8 51
603.9 57
603.9 101
604.0 84
604.1 63
604.1 45
604.2 52
604.3 52
604.3 75
604.4 93
604.5 34
604.5 29
604.6 15
604.7 39
604.7 56
604.8 56
604.9 55
604.9 38
605.0 127
605.1 142
605.1 72
605.2 70
605.3 78
605.3 62
605.4 26
605.5 25
605.5 42
605.6 104
605.7 164
605.7 127
605.8 90
605.9 71
605.9 39
606.0 38
606.1 100
606.1 102
606.2 87
606.3 89
606.3 46
606.4 15
606.5 50
606.5 30
606.6 8
606.7 92
606.7 104
606.8 45
606.9 54
606.9 112
607.0 251
607.1 277
607.1 169
607.2 131
607.3 127
607.3 132
607.4 37
607.5 43
607.5 77
607.6 100
607.7 97
607.7 19
607.8 0
607.9 38
607.9 44
608.0 38
608.1 23
608.1 42
608.2 77
608.3 49
608.3 28
608.4 47
608.5 77
608.5 72
608.6 53
608.7 15
608.7 13
608.8 55
608.9 85
608.9 116
609.0 95
609.1 67
609.1 21
609.2 19
609.3 47
609.3 41
609.4 15
609.5 56
609.5 73
609.6 43
609.7 12
609.7 1
609.8 10
609.9 13
609.9 6
610.0 11
610.1 76
610.1 93
610.2 134
610.3 62
610.3 20
610.4 13
610.5 12
610.5 60
610.6 122
610.7 106
610.7 76
610.8 81
610.9 59
610.9 30
611.0 22
611.1 66
611.1 229
611.2 357
611.3 341
611.3 271
611.4 279
611.5 153
611.5 13
611.6 1
611.7 9
611.7 31
611.8 26
611.9 16
611.9 8
612.0 1
612.1 0
612.1 0
612.2 0
612.3 14
612.3 24
612.4 7
612.5 13
612.5 27
612.6 61
612.7 34
612.7 9
612.8 22
612.9 25
612.9 35
613.0 50
613.1 54
613.1 43
613.2 160
613.3 146
613.3 159
613.4 158
613.5 101
613.5 46
613.6 43
613.7 35
613.7 18
613.8 12
613.9 8
613.9 10
614.0 34
614.1 63
614.1 88
614.2 100
614.3 40
614.3 7
614.4 6
614.5 19
614.5 33
614.6 48
614.7 56
614.7 81
614.8 32
614.9 24
614.9 44
615.0 117
615.1 202
615.1 190
615.2 87
615.3 73
615.3 34
615.4 95
615.5 130
615.5 131
615.6 109
615.7 57
615.7 91
615.8 71
615.9 12
615.9 4
616.0 30
616.1 98
616.1 165
616.2 203
616.3 216
616.3 145
616.4 78
616.5 37
616.5 87
616.6 131
616.7 79
616.7 6
616.8 13
616.9 47
616.9 108
617.0 113
617.1 62
617.1 74
617.2 64
617.3 17
617.3 2
617.4 5
617.5 21
617.5 46
617.6 85
617.7 52
617.7 18
617.8 57
617.9 77
617.9 96
618.0 143
618.1 132
618.1 93
618.2 99
618.3 102
618.3 97
618.4 55
618.5 19
618.5 21
618.6 53
618.7 69
618.7 99
618.8 152
618.9 136
618.9 156
619.0 179
619.1 239
619.1 407
619.2 343
619.3 188
619.3 120
619.4 68
619.5 24
619.5 6
619.6 3
619.7 2
619.7 1
619.8 18
619.9 49
619.9 74
620.0 118
620.1 140
620.1 157
620.2 106
620.3 75
620.3 65
620.4 59
620.5 71
620.5 26
620.6 31
620.7 85
620.7 57
620.8 72
620.9 152
620.9 209
621.0 160
621.1 82
621.1 78
621.2 135
621.3 273
621.3 244
621.4 142
621.5 128
621.5 64
621.6 18
621.7 2
621.7 0
621.8 0
621.9 1
621.9 57
622.0 103
622.1 75
622.1 71
622.2 60
622.3 44
622.3 67
622.4 75
622.5 35
622.5 8
622.6 14
622.7 31
622.7 29
622.8 23
622.9 36
622.9 31
623.0 72
623.1 118
623.1 123
623.2 154
623.3 112
623.3 59
623.4 127
623.5 140
623.5 99
623.6 82
623.7 85
623.7 110
623.8 75
623.9 41
623.9 82
624.0 142
624.1 173
624.1 165
624.2 137
624.3 45
624.3 16
624.4 13
624.5 14
624.5 38
624.6 42
624.7 43
624.7 113
624.8 163
624.9 104
624.9 129
625.0 232
625.1 218
625.1 205
625.2 203
625.3 215
625.3 340
625.4 253
625.5 66
625.5 36
625.6 22
625.7 3
625.7 34
625.8 46
625.9 56
625.9 61
626.0 135
626.1 86
626.1 37
626.2 26
626.3 16
626.3 18
626.4 30
626.5 46
626.5 46
626.6 73
626.7 47
626.7 45
626.8 39
626.9 74
626.9 107
627.0 121
627.1 150
627.1 102
627.2 31
627.3 81
627.3 134
627.4 58
627.5 14
627.5 413
627.6 723
627.7 633
627.7 420
627.8 287
627.9 66
627.9 48
628.0 53
628.1 49
628.1 121
628.2 125
628.3 102
628.3 72
628.4 63
628.5 83
628.5 67
628.6 29
628.7 24
628.7 53
628.8 58
628.9 36
628.9 42
629.0 68
629.1 71
629.1 55
629.2 56
629.3 72
629.3 32
629.4 18
629.5 37
629.5 51
629.6 57
629.7 35
629.7 9
629.8 0
629.9 0
629.9 22
630.0 61
630.1 57
630.1 21
630.2 51
630.3 52
630.3 17
630.4 57
630.5 80
630.5 69
630.6 34
630.7 40
630.7 70
630.8 58
630.9 75
630.9 132
631.0 143
631.1 98
631.1 22
631.2 21
631.3 68
631.3 96
631.4 124
631.5 120
631.5 76
631.6 44
631.7 22
631.7 12
631.8 35
631.9 39
631.9 46
632.0 35
632.1 131
632.1 225
632.2 153
632.3 86
632.3 117
632.4 105
632.5 61
632.5 16
632.6 39
632.7 66
632.7 82
632.8 85
632.9 104
632.9 189
633.0 225
633.1 123
633.1 116
633.2 147
633.3 137
633.3 120
633.4 112
633.5 68
633.5 15
633.6 0
633.7 5
633.7 16
633.8 15
633.9 0
633.9 20
634.0 54
634.1 62
634.1 48
634.2 82
634.3 140
634.3 69
634.4 27
634.5 16
634.5 36
634.6 44
634.7 61
634.7 94
634.8 117
634.9 124
634.9 82
635.0 38
635.1 73
635.1 85
635.2 108
635.3 114
635.3 86
635.4 45
635.5 35
635.5 51
635.6 68
635.7 75
635.7 13
635.8 1
635.9 7
635.9 46
636.0 102
636.1 133
636.1 151
636.2 191
636.3 231
636.3 193
636.4 79
636.5 60
636.5 54
636.6 69
636.7 121
636.7 85
636.8 14
636.9 31
636.9 137
637.0 222
637.1 259
637.1 191
637.2 172
637.3 113
637.3 105
637.4 112
637.5 73
637.5 136
637.6 173
637.7 105
637.7 67
637.8 77
637.9 85
637.9 46
638.0 54
638.1 95
638.1 71
638.2 55
638.3 51
638.3 32
638.4 34
638.5 40
638.5 86
638.6 30
638.7 53
638.7 42
638.8 146
638.9 224
638.9 216
639.0 137
639.1 115
639.1 160
639.2 168
639.3 143
639.3 207
639.4 135
639.5 49
639.5 72
639.6 95
639.7 76
639.7 48
639.8 4
639.9 18
639.9 20
640.0 86
640.1 112
640.1 113
640.2 103
640.3 116
640.3 123
640.4 95
640.5 112
640.5 67
640.6 127
640.7 97
640.7 58
640.8 76
640.9 129
640.9 226
641.0 225
641.1 278
641.1 329
641.2 254
641.3 235
641.3 287
641.4 318
641.5 263
641.5 107
641.6 74
641.7 71
641.7 53
641.8 69
641.9 115
641.9 109
642.0 139
642.1 263
642.1 277
642.2 245
642.3 231
642.3 233
642.4 209
642.5 217
642.5 228
642.6 147
642.7 81
642.7 34
642.8 32
642.9 71
642.9 80
643.0 52
643.1 62
643.1 74
643.2 108
643.3 67
643.3 42
643.4 80
643.5 96
643.5 148
643.6 120
643.7 29
643.7 17
643.8 7
643.9 26
643.9 75
644.0 50
644.1 5
644.1 9
644.2 29
644.3 32
644.3 26
644.4 9
644.5 3
644.5 1
644.6 0
644.7 0
644.7 10
644.8 42
644.9 78
644.9 99
645.0 42
645.1 24
645.1 33
645.2 52
645.3 80
645.3 76
645.4 82
645.5 122
645.5 158
645.6 110
645.7 109
645.7 129
645.8 138
645.9 182
645.9 127
646.0 75
646.1 45
646.1 48
646.2 86
646.3 125
646.3 125
646.4 73
646.5 64
646.5 71
646.6 30
646.7 73
646.7 96
646.8 54
646.9 28
646.9 67
647.0 130
647.1 154
647.1 153
647.2 163
647.3 110
647.3 85
647.4 111
647.5 139
647.5 125
647.6 74
647.7 91
647.7 175
647.8 209
647.9 168
647.9 63
648.0 89
648.1 96
648.1 45
648.2 23
648.3 119
648.3 158
648.4 78
648.5 74
648.5 70
648.6 73
648.7 62
648.7 28
648.8 15
648.9 98
648.9 128
649.0 80
649.1 63
649.1 44
649.2 56
649.3 53
649.3 34
649.4 3
649.5 39
649.5 75
649.6 100
649.7 71
649.7 29
649.8 28
649.9 62
649.9 104
650.0 205
650.1 307
650.1 254
650.2 204
650.3 183
650.3 118
650.4 91
650.5 52
650.5 95
650.6 152
650.7 270
650.7 420
650.8 506
650.9 651
650.9 848
651.0 805
651.1 709
651.1 539
651.2 417
651.3 324
651.3 175
651.4 96
651.5 88
651.5 145
651.6 141
651.7 51
651.7 15
651.8 25
651.9 35
651.9 58
652.0 126
652.1 156
652.1 92
652.2 37
652.3 86
652.3 128
652.4 156
652.5 252
652.5 148
652.6 82
652.7 154
652.7 172
652.8 94
652.9 69
652.9 47
653.0 56
653.1 25
653.1 13
653.2 18
653.3 50
653.3 118
653.4 88
653.5 32
653.5 7
653.6 7
653.7 37
653.7 33
653.8 29
653.9 56
653.9 89
654.0 71
654.1 74
654.1 52
654.2 31
654.3 29
654.3 27
654.4 7
654.5 1
654.5 47
654.6 89
654.7 84
654.7 47
654.8 22
654.9 22
654.9 71
655.0 150
655.1 147
655.1 172
655.2 135
655.3 72
655.3 56
655.4 77
655.5 64
655.5 22
655.6 13
655.7 20
655.7 58
655.8 75
655.9 90
655.9 83
656.0 93
656.1 83
656.1 72
656.2 63
656.3 54
656.3 68
656.4 112
656.5 82
656.5 28
656.6 21
656.7 42
656.7 42
656.8 64
656.9 60
656.9 25
657.0 25
657.1 60
657.1 132
657.2 325
657.3 451
657.3 442
657.4 421
657.5 567
657.5 635
657.6 381
657.7 142
657.7 58
657.8 81
657.9 161
657.9 80
658.0 83
658.1 113
658.1 194
658.2 261
658.3 293
658.3 326
658.4 373
658.5 456
658.5 507
658.6 397
658.7 129
658.7 80
658.8 54
658.9 25
658.9 43
659.0 65
659.1 116
659.1 125
659.2 114
659.3 148
659.3 130
659.4 156
659.5 184
659.5 290
659.6 286
659.7 166
659.7 102
659.8 34
659.9 24
659.9 39
660.0 183
660.1 150
660.1 149
660.2 190
660.3 127
660.3 109
660.4 80
660.5 45
660.5 55
660.6 57
660.7 126
660.7 210
660.8 174
660.9 77
660.9 42
661.0 119
661.1 212
661.1 215
661.2 192
661.3 123
661.3 144
661.4 168
661.5 126
661.5 56
661.6 30
661.7 106
661.7 188
661.8 173
661.9 68
661.9 37
662.0 14
662.1 2
662.1 3
662.2 34
662.3 98
662.3 87
662.4 85
662.5 116
662.5 122
662.6 58
662.7 37
662.7 56
662.8 47
662.9 85
662.9 144
663.0 187
663.1 277
663.1 440
663.2 367
663.3 236
663.3 169
663.4 137
663.5 95
663.5 127
663.6 105
663.7 77
663.7 58
663.8 64
663.9 51
663.9 56
664.0 140
664.1 195
664.1 65
664.2 103
664.3 197
664.3 132
664.4 55
664.5 7
664.5 10
664.6 8
664.7 11
664.7 24
664.8 27
664.9 19
664.9 32
665.0 102
665.1 109
665.1 12
665.2 7
665.3 17
665.3 41
665.4 99
665.5 215
665.5 206
665.6 109
665.7 73
665.7 73
665.8 33
665.9 23
665.9 79
666.0 173
666.1 164
666.1 139
666.2 134
666.3 115
666.3 51
666.4 48
666.5 51
666.5 47
666.6 14
666.7 3
666.7 11
666.8 69
666.9 106
666.9 228
667.0 246
667.1 329
667.1 381
667.2 287
667.3 188
667.3 151
667.4 88
667.5 66
667.5 139
667.6 115
667.7 95
667.7 207
667.8 409
667.9 390
667.9 358
668.0 452
668.1 511
668.1 576
668.2 351
668.3 261
668.3 287
668.4 250
668.5 180
668.5 275
668.6 271
668.7 224
668.7 237
668.8 334
668.9 470
668.9 612
669.0 785
669.1 867
669.1 846
669.2 675
669.3 574
669.3 305
669.4 95
669.5 160
669.5 282
669.6 278
669.7 103
669.7 90
669.8 63
669.9 38
669.9 81
670.0 74
670.1 36
670.1 30
670.2 84
670.3 104
670.3 66
670.4 84
670.5 68
670.5 20
670.6 1
670.7 0
670.7 32
670.8 67
670.9 19
670.9 39
671.0 101
671.1 119
671.1 93
671.2 70
671.3 69
671.3 77
671.4 89
671.5 162
671.5 62
671.6 52
671.7 63
671.7 31
671.8 0
671.9 4
671.9 68
672.0 108
672.1 70
672.1 17
672.2 1
672.3 18
672.3 68
672.4 54
672.5 35
672.5 19
672.6 32
672.7 58
672.7 69
672.8 68
672.9 87
672.9 111
673.0 111
673.1 185
673.1 245
673.2 324
673.3 322
673.3 218
673.4 150
673.5 185
673.5 199
673.6 141
673.7 50
673.7 8
673.8 28
673.9 27
673.9 15
674.0 14
674.1 24
674.1 62
674.2 73
674.3 73
674.3 92
674.4 71
674.5 36
674.5 5
674.6 0
674.7 0
674.7 29
674.8 63
674.9 88
674.9 30
675.0 51
675.1 157
675.1 301
675.2 357
675.3 263
675.3 101
675.4 60
675.5 40
675.5 91
675.6 136
675.7 129
675.7 101
675.8 68
675.9 55
675.9 64
676.0 106
676.1 69
676.1 47
676.2 37
676.3 16
676.3 22
676.4 60
676.5 64
676.5 38
676.6 36
676.7 49
676.7 65
676.8 48
676.9 9
676.9 19
677.0 5
677.1 27
677.1 93
677.2 114
677.3 192
677.3 176
677.4 110
677.5 90
677.5 44
677.6 19
677.7 9
677.7 15
677.8 3
677.9 0
677.9 0
678.0 0
678.1 0
678.1 0
678.2 0
678.3 1
678.3 21
678.4 44
678.5 53
678.5 21
678.6 39
678.7 63
678.7 63
678.8 141
678.9 223
678.9 194
679.0 128
679.1 222
679.1 163
679.2 108
679.3 91
679.3 100
679.4 131
679.5 134
679.5 74
679.6 18
679.7 17
679.7 49
679.8 47
679.9 44
679.9 77
680.0 90
680.1 34
680.1 9
680.2 12
680.3 39
680.3 110
680.4 155
680.5 86
680.5 94
680.6 101
680.7 90
680.7 59
680.8 63
680.9 54
680.9 43
681.0 52
681.1 74
681.1 100
681.2 130
681.3 115
681.3 46
681.4 34
681.5 52
681.5 98
681.6 64
681.7 26
681.7 20
681.8 25
681.9 39
681.9 39
682.0 18
682.1 19
682.1 19
682.2 8
682.3 1
682.3 0
682.4 0
682.5 18
682.5 56
682.6 112
682.7 147
682.7 108
682.8 86
682.9 151
682.9 79
683.0 71
683.1 26
683.1 26
683.2 50
683.3 16
683.3 2
683.4 10
683.5 39
683.5 37
683.6 33
683.7 37
683.7 41
683.8 70
683.9 80
683.9 63
684.0 66
684.1 55
684.1 43
684.2 53
684.3 137
684.3 149
684.4 103
684.5 58
684.5 34
684.6 20
684.7 13
684.7 2
684.8 4
684.9 28
684.9 38
685.0 60
685.1 81
685.1 40
685.2 29
685.3 68
685.3 118
685.4 210
685.5 257
685.5 168
685.6 91
685.7 72
685.7 46
685.8 18
685.9 26
685.9 36
686.0 33
686.1 28
686.1 22
686.2 35
686.3 35
686.3 66
686.4 106
686.5 87
686.5 53
686.6 68
686.7 32
686.7 21
686.8 71
686.9 116
686.9 52
687.0 58
687.1 113
687.1 210
687.2 259
687.3 252
687.3 207
687.4 132
687.5 113
687.5 39
687.6 44
687.7 46
687.7 26
687.8 14
687.9 24
687.9 19
688.0 6
688.1 27
688.1 62
688.2 47
688.3 47
688.3 94
688.4 105
688.5 67
688.5 57
688.6 115
688.7 94
688.7 69
688.8 102
688.9 97
688.9 58
689.0 18
689.1 57
689.1 212
689.2 387
689.3 460
689.3 304
689.4 232
689.5 187
689.5 162
689.6 68
689.7 64
689.7 60
689.8 45
689.9 89
689.9 109
690.0 115
690.1 98
690.1 89
690.2 56
690.3 56
690.3 51
690.4 10
690.5 41
690.5 70
690.6 86
690.7 64
690.7 51
690.8 45
690.9 80
690.9 84
691.0 89
691.1 66
691.1 9
691.2 2
691.3 44
691.3 146
691.4 139
691.5 78
691.5 40
691.6 66
691.7 92
691.7 82
691.8 68
691.9 57
691.9 80
692.0 153
692.1 169
692.1 47
692.2 4
692.3 1
692.3 10
692.4 36
692.5 54
692.5 8
692.6 1
692.7 17
692.7 70
692.8 101
692.9 50
692.9 40
693.0 45
693.1 85
693.1 123
693.2 157
693.3 171
693.3 174
693.4 129
693.5 98
693.5 97
693.6 128
693.7 77
693.7 42
693.8 30
693.9 19
693.9 3
694.0 12
694.1 35
694.1 8
694.2 10
694.3 36
694.3 42
694.4 7
694.5 12
694.5 20
694.6 27
694.7 82
694.7 125
694.8 150
694.9 128
694.9 76
695.0 79
695.1 170
695.1 109
695.2 94
695.3 114
695.3 129
695.4 101
695.5 22
695.5 10
695.6 9
695.7 28
695.7 33
695.8 26
695.9 5
695.9 1
696.0 43
696.1 68
696.1 76
696.2 102
696.3 72
696.3 34
696.4 31
696.5 88
696.5 92
696.6 46
696.7 40
696.7 59
696.8 50
696.9 67
696.9 103
697.0 244
697.1 302
697.1 151
697.2 57
697.3 93
697.3 79
697.4 105
697.5 40
697.5 8
697.6 14
697.7 17
697.7 51
697.8 84
697.9 50
697.9 10
698.0 1
698.1 0
698.1 20
698.2 70
698.3 137
698.3 133
698.4 87
698.5 19
698.5 18
698.6 106
698.7 100
698.7 63
698.8 55
698.9 44
698.9 79
699.0 133
699.1 123
699.1 93
699.2 82
699.3 74
699.3 36
699.4 26
699.5 6
699.5 24
699.6 135
699.7 176
699.7 93
699.8 24
699.9 1
699.9 0
700.0 0
700.1 34
700.1 71
700.2 94
700.3 79
700.3 51
700.4 50
700.5 108
700.5 74
700.6 17
700.7 2
700.7 0
700.8 13
700.9 34
700.9 34
701.0 82
701.1 104
701.1 89
701.2 7
701.3 13
701.3 46
701.4 137
701.5 251
701.5 288
701.6 242
701.7 119
701.7 11
701.8 0
701.9 1
701.9 11
702.0 13
702.1 44
702.1 117
702.2 148
702.3 125
702.3 50
702.4 55
702.5 54
702.5 54
702.6 71
702.7 92
702.7 139
702.8 92
702.9 30
702.9 29
703.0 35
703.1 60
703.1 59
703.2 110
703.3 157
703.3 77
703.4 50
703.5 61
703.5 17
703.6 10
703.7 15
703.7 30
703.8 20
703.9 38
703.9 34
704.0 18
704.1 25
704.1 32
704.2 27
704.3 27
704.3 33
704.4 26
704.5 12
704.5 35
704.6 67
704.7 58
704.7 34
704.8 38
704.9 74
704.9 62
705.0 11
705.1 27
705.1 22
705.2 13
705.3 31
705.3 37
705.4 65
705.5 109
705.5 87
705.6 20
705.7 2
705.7 6
705.8 19
705.9 5
705.9 13
706.0 50
706.1 59
706.1 41
706.2 34
706.3 25
706.3 9
706.4 14
706.5 43
706.5 76
706.6 129
706.7 75
706.7 39
706.8 149
706.9 168
706.9 113
707.0 164
707.1 210
707.1 172
707.2 268
707.3 252
707.3 146
707.4 113
707.5 79
707.5 28
707.6 40
707.7 61
707.7 105
707.8 183
707.9 145
707.9 57
708.0 69
708.1 116
708.1 94
708.2 122
708.3 104
708.3 171
708.4 200
708.5 163
708.5 136
708.6 73
708.7 64
708.7 107
708.8 158
708.9 210
708.9 260
709.0 158
709.1 54
709.1 65
709.2 76
709.3 87
709.3 63
709.4 33
709.5 12
709.5 19
709.6 92
709.7 135
709.7 102
709.8 68
709.9 31
709.9 63
710.0 183
710.1 133
710.1 106
710.2 70
710.3 94
710.3 57
710.4 52
710.5 137
710.5 57
710.6 9
710.7 3
710.7 20
710.8 50
710.9 57
710.9 93
711.0 173
711.1 84
711.1 38
711.2 66
711.3 42
711.3 47
711.4 19
711.5 25
711.5 70
711.6 70
711.7 67
711.7 96
711.8 19
711.9 1
711.9 0
712.0 24
712.1 67
712.1 73
712.2 53
712.3 64
712.3 53
712.4 27
712.5 16
712.5 18
712.6 14
712.7 10
712.7 61
712.8 55
712.9 53
712.9 166
713.0 216
713.1 126
713.1 31
713.2 25
713.3 11
713.3 18
713.4 14
713.5 15
713.5 15
713.6 95
713.7 112
713.7 86
713.8 80
713.9 59
713.9 72
714.0 64
714.1 33
714.1 12
714.2 6
714.3 8
714.3 7
714.4 2
714.5 0
714.5 0
714.6 0
714.7 20
714.7 39
714.8 27
714.9 2
714.9 26
715.0 86
715.1 191
715.1 184
715.2 144
715.3 82
715.3 61
715.4 102
715.5 72
715.5 44
715.6 56
715.7 46
715.7 20
715.8 1
715.9 0
715.9 0
716.0 0
716.1 3
716.1 17
716.2 66
716.3 70
716.3 31
716.4 8
716.5 3
716.5 7
716.6 30
716.7 30
716.7 11
716.8 2
716.9 0
716.9 0
717.0 8
717.1 61
717.1 115
717.2 132
717.3 90
717.3 45
717.4 3
717.5 1
717.5 0
717.6 0
717.7 15
717.7 43
717.8 37
717.9 12
717.9 11
718.0 60
718.1 178
718.1 229
718.2 102
718.3 27
718.3 17
718.4 9
718.5 30
718.5 44
718.6 58
718.7 33
718.7 0
718.8 0
718.9 68
718.9 137
719.0 81
719.1 19
719.1 8
719.2 41
719.3 72
719.3 72
719.4 45
719.5 16
719.5 10
719.6 7
719.7 0
719.7 0
719.8 17
719.9 50
719.9 51
720.0 19
720.1 1
720.1 2
720.2 11
720.3 15
720.3 12
720.4 14
720.5 11
720.5 8
720.6 17
720.7 27
720.7 23
720.8 16
720.9 20
720.9 48
721.0 36
721.1 26
721.1 48
721.2 52
721.3 15
721.3 34
721.4 112
721.5 167
721.5 156
721.6 197
721.7 117
721.7 92
721.8 151
721.9 133
721.9 48
722.0 78
722.1 72
722.1 40
722.2 34
722.3 47
722.3 54
722.4 94
722.5 117
722.5 174
722.6 185
722.7 65
722.7 8
722.8 15
722.9 22
722.9 22
723.0 16
723.1 9
723.1 20
723.2 18
723.3 28
723.3 58
723.4 117
723.5 49
723.5 28
723.6 35
723.7 9
723.7 0
723.8 19
723.9 53
723.9 50
724.0 12
724.1 42
724.1 96
724.2 66
724.3 101
724.3 91
724.4 48
724.5 9
724.5 2
724.6 27
724.7 83
724.7 92
724.8 94
724.9 94
724.9 88
725.0 99
725.1 160
725.1 133
725.2 89
725.3 44
725.3 50
725.4 58
725.5 92
725.5 85
725.6 16
725.7 3
725.7 1
725.8 23
725.9 44
725.9 11
726.0 111
726.1 133
726.1 109
726.2 78
726.3 71
726.3 160
726.4 230
726.5 145
726.5 22
726.6 2
726.7 0
726.7 0
726.8 11
726.9 18
726.9 59
727.0 122
727.1 146
727.1 82
727.2 93
727.3 276
727.3 321
727.4 232
727.5 171
727.5 101
727.6 93
727.7 110
727.7 83
727.8 5
727.9 1
727.9 13
728.0 55
728.1 67
728.1 56
728.2 26
728.3 26
728.3 57
728.4 164
728.5 214
728.5 123
728.6 37
728.7 6
728.7 7
728.8 32
728.9 90
728.9 88
729.0 56
729.1 35
729.1 30
729.2 30
729.3 58
729.3 72
729.4 68
729.5 148
729.5 117
729.6 89
729.7 77
729.7 22
729.8 2
729.9 0
729.9 0
730.0 0
730.1 8
730.1 33
730.2 35
730.3 35
730.3 88
730.4 47
730.5 17
730.5 13
730.6 7
730.7 11
730.7 7
730.8 3
730.9 1
730.9 0
731.0 0
731.1 6
731.1 19
731.2 37
731.3 77
731.3 44
731.4 18
731.5 41
731.5 82
731.6 69
731.7 24
731.7 3
731.8 1
731.9 14
731.9 14
732.0 4
732.1 0
732.1 0
732.2 0
732.3 30
732.3 71
732.4 50
732.5 13
732.5 1
732.6 0
732.7 0
732.7 0
732.8 0
732.9 0
732.9 2
733.0 23
733.1 40
733.1 66
733.2 157
733.3 203
733.3 141
733.4 96
733.5 98
733.5 101
733.6 60
733.7 31
733.7 53
733.8 22
733.9 24
733.9 47
734.0 21
734.1 11
734.1 33
734.2 79
734.3 92
734.3 94
734.4 51
734.5 22
734.5 31
734.6 31
734.7 13
734.7 16
734.8 40
734.9 39
734.9 2
735.0 61
735.1 49
735.1 15
735.2 0
735.3 6
735.3 15
735.4 4
735.5 1
735.5 0
735.6 46
735.7 107
735.7 73
735.8 49
735.9 37
735.9 17
736.0 14
736.1 7
736.1 23
736.2 67
736.3 71
736.3 29
736.4 3
736.5 10
736.5 30
736.6 34
736.7 43
736.7 57
736.8 39
736.9 10
736.9 0
737.0 0
737.1 25
737.1 66
737.2 68
737.3 28
737.3 21
737.4 58
737.5 67
737.5 21
737.6 2
737.7 0
737.7 0
737.8 0
737.9 0
737.9 15
738.0 42
738.1 49
738.1 39
738.2 57
738.3 65
738.3 45
738.4 24
738.5 56
738.5 75
738.6 43
738.7 9
738.7 9
738.8 47
738.9 103
738.9 97
739.0 45
739.1 57
739.1 95
739.2 84
739.3 71
739.3 95
739.4 91
739.5 51
739.5 33
739.6 31
739.7 7
739.7 1
739.8 10
739.9 24
739.9 81
740.0 110
740.1 145
740.1 193
740.2 233
740.3 250
740.3 109
740.4 155
740.5 121
740.5 87
740.6 103
740.7 86
740.7 90
740.8 123
740.9 97
740.9 77
741.0 153
741.1 172
741.1 127
741.2 90
741.3 94
741.3 85
741.4 67
741.5 43
741.5 26
741.6 44
741.7 32
741.7 1
741.8 20
741.9 42
741.9 37
742.0 60
742.1 37
742.1 26
742.2 61
742.3 177
742.3 249
742.4 206
742.5 141
742.5 86
742.6 73
742.7 80
742.7 129
742.8 94
742.9 71
742.9 105
743.0 130
743.1 156
743.1 341
743.2 397
743.3 441
743.3 580
743.4 725
743.5 658
743.5 522
743.6 396
743.7 245
743.7 149
743.8 97
743.9 63
743.9 67
744.0 104
744.1 150
744.1 85
744.2 46
744.3 44
744.3 89
744.4 134
744.5 241
744.5 156
744.6 99
744.7 107
744.7 89
744.8 107
744.9 46
744.9 59
745.0 121
745.1 159
745.1 155
745.2 167
745.3 155
745.3 91
745.4 77
745.5 120
745.5 101
745.6 34
745.7 17
745.7 26
745.8 16
745.9 11
745.9 5
746.0 1
746.1 0
746.1 0
746.2 4
746.3 28
746.3 89
746.4 110
746.5 87
746.5 44
746.6 60
746.7 56
746.7 12
746.8 7
746.9 14
746.9 2
747.0 0
747.1 14
747.1 50
747.2 30
747.3 17
747.3 33
747.4 47
747.5 32
747.5 51
747.6 52
747.7 81
747.7 65
747.8 25
747.9 18
747.9 38
748.0 31
748.1 10
748.1 3
748.2 6
748.3 4
748.3 1
748.4 0
748.5 4
748.5 19
748.6 26
748.7 46
748.7 55
748.8 38
748.9 45
748.9 24
749.0 18
749.1 6
749.1 31
749.2 64
749.3 125
749.3 187
749.4 218
749.5 213
749.5 173
749.6 208
749.7 81
749.7 8
749.8 20
749.9 60
749.9 97
750.0 191
750.1 180
750.1 87
750.2 108
750.3 162
750.3 175
750.4 147
750.5 65
750.5 59
750.6 58
750.7 36
750.7 65
750.8 116
750.9 184
750.9 312
751.0 421
751.1 302
751.1 105
751.2 46
751.3 42
751.3 96
751.4 116
751.5 76
751.5 96
751.6 128
751.7 22
751.7 10
751.8 13
751.9 31
751.9 78
752.0 110
752.1 138
752.1 143
752.2 133
752.3 99
752.3 69
752.4 19
752.5 8
752.5 25
752.6 45
752.7 31
752.7 11
752.8 2
752.9 3
752.9 33
753.0 63
753.1 21
753.1 7
753.2 14
753.3 22
753.3 29
753.4 14
753.5 11
753.5 4
753.6 5
753.7 34
753.7 19
753.8 5
753.9 12
753.9 44
754.0 68
754.1 99
754.1 42
754.2 15
754.3 24
754.3 11
754.4 10
754.5 26
754.5 68
754.6 46
754.7 37
754.7 76
754.8 89
754.9 114
754.9 147
755.0 110
755.1 30
755.1 94
755.2 117
755.3 115
755.3 120
755.4 129
755.5 111
755.5 111
755.6 73
755.7 32
755.7 31
755.8 56
755.9 57
755.9 6
756.0 10
756.1 35
756.1 88
756.2 149
756.3 190
756.3 171
756.4 119
756.5 95
756.5 39
756.6 45
756.7 71
756.7 55
756.8 57
756.9 73
756.9 65
757.0 55
757.1 130
757.1 219
757.2 138
757.3 158
757.3 307
757.4 297
757.5 139
757.5 60
757.6 23
757.7 8
757.7 1
757.8 0
757.9 7
757.9 57
758.0 77
758.1 72
758.1 98
758.2 186
758.3 246
758.3 177
758.4 118
758.5 100
758.5 99
758.6 16
758.7 1
758.7 0
758.8 21
758.9 20
758.9 67
759.0 136
759.1 108
759.1 61
759.2 107
759.3 97
759.3 69
759.4 78
759.5 140
759.5 122
759.6 32
759.7 16
759.7 45
759.8 102
759.9 104
759.9 432
760.0 1083
760.1 960
760.1 301
760.2 23
760.3 43
760.3 95
760.4 164
760.5 106
760.5 21
760.6 12
760.7 8
760.7 8
760.8 2
760.9 0
760.9 0
761.0 5
761.1 25
761.1 33
761.2 18
761.3 14
761.3 12
761.4 2
761.5 0
761.5 0
761.6 8
761.7 11
761.7 6
761.8 0
761.9 5
761.9 18
762.0 14
762.1 19
762.1 40
762.2 53
762.3 63
762.3 39
762.4 13
762.5 8
762.5 15
762.6 3
762.7 0
762.7 0
762.8 0
762.9 5
762.9 20
763.0 47
763.1 53
763.1 62
763.2 75
763.3 81
763.3 92
763.4 118
763.5 74
763.5 21
763.6 3
763.7 4
763.7 61
763.8 80
763.9 42
763.9 30
764.0 58
764.1 85
764.1 67
764.2 19
764.3 8
764.3 0
764.4 21
764.5 51
764.5 41
764.6 49
764.7 51
764.7 26
764.8 5
764.9 2
764.9 6
765.0 12
765.1 42
765.1 115
765.2 78
765.3 34
765.3 5
765.4 0
765.5 32
765.5 65
765.6 43
765.7 21
765.7 31
765.8 23
765.9 5
765.9 23
766.0 50
766.1 123
766.1 172
766.2 145
766.3 77
766.3 68
766.4 76
766.5 175
766.5 210
766.6 241
766.7 121
766.7 16
766.8 79
766.9 64
766.9 26
767.0 23
767.1 33
767.1 57
767.2 87
767.3 124
767.3 216
767.4 224
767.5 126
767.5 79
767.6 54
767.7 31
767.7 27
767.8 14
767.9 24
767.9 34
768.0 91
768.1 121
768.1 117
768.2 79
768.3 94
768.3 98
768.4 108
768.5 45
768.5 35
768.6 64
768.7 89
768.7 116
768.8 130
768.9 133
768.9 225
769.0 232
769.1 256
769.1 352
769.2 413
769.3 313
769.3 254
769.4 253
769.5 260
769.5 185
769.6 105
769.7 28
769.7 5
769.8 1
769.9 77
769.9 197
770.0 231
770.1 229
770.1 171
770.2 136
770.3 245
770.3 217
770.4 161
770.5 171
770.5 181
770.6 157
770.7 93
770.7 117
770.8 156
770.9 211
770.9 361
771.0 475
771.1 461
771.1 390
771.2 677
771.3 793
771.3 801
771.4 814
771.5 717
771.5 569
771.6 578
771.7 326
771.7 187
771.8 100
771.9 88
771.9 99
772.0 74
772.1 83
772.1 135
772.2 238
772.3 310
772.3 378
772.4 292
772.5 246
772.5 151
772.6 48
772.7 29
772.7 24
772.8 42
772.9 57
772.9 7
773.0 15
773.1 62
773.1 118
773.2 143
773.3 112
773.3 85
773.4 76
773.5 61
773.5 109
773.6 130
773.7 106
773.7 95
773.8 89
773.9 37
773.9 7
774.0 1
774.1 0
774.1 3
774.2 10
774.3 12
774.3 9
774.4 3
774.5 0
774.5 0
774.6 0
774.7 10
774.7 46
774.8 76
774.9 79
774.9 147
775.0 107
775.1 41
775.1 29
775.2 13
775.3 19
775.3 48
775.4 52
775.5 63
775.5 50
775.6 79
775.7 87
775.7 69
775.8 17
775.9 11
775.9 3
776.0 1
776.1 8
776.1 38
776.2 18
776.3 9
776.3 44
776.4 80
776.5 68
776.5 80
776.6 108
776.7 83
776.7 27
776.8 75
776.9 128
776.9 180
777.0 191
777.1 110
777.1 57
777.2 125
777.3 243
777.3 234
777.4 233
777.5 242
777.5 151
777.6 102
777.7 74
777.7 34
777.8 15
777.9 21
777.9 17
778.0 13
778.1 60
778.1 58
778.2 44
778.3 73
778.3 84
778.4 85
778.5 74
778.5 29
778.6 9
778.7 26
778.7 23
778.8 7
778.9 0
778.9 9
779.0 29
779.1 33
779.1 40
779.2 12
779.3 0
779.3 0
779.4 0
779.5 0
779.5 2
779.6 11
779.7 8
779.7 2
779.8 1
779.9 3
779.9 83
780.0 115
780.1 75
780.1 20
780.2 2
780.3 5
780.3 7
780.4 4
780.5 4
780.5 18
780.6 80
780.7 133
780.7 128
780.8 18
780.9 45
780.9 120
781.0 138
781.1 87
781.1 70
781.2 53
781.3 43
781.3 74
781.4 125
781.5 122
781.5 65
781.6 41
781.7 15
781.7 5
781.8 4
781.9 10
781.9 4
782.0 9
782.1 24
782.1 42
782.2 97
782.3 71
782.3 35
782.4 19
782.5 58
782.5 86
782.6 68
782.7 25
782.7 1
782.8 0
782.9 5
782.9 29
783.0 59
783.1 73
783.1 114
783.2 160
783.3 190
783.3 128
783.4 109
783.5 74
783.5 9
783.6 9
783.7 11
783.7 24
783.8 55
783.9 65
783.9 58
784.0 75
784.1 138
784.1 168
784.2 140
784.3 188
784.3 295
784.4 365
784.5 252
784.5 146
784.6 149
784.7 80
784.7 21
784.8 2
784.9 0
784.9 20
785.0 77
785.1 127
785.1 106
785.2 86
785.3 102
785.3 228
785.4 198
785.5 142
785.5 134
785.6 92
785.7 168
785.7 197
785.8 169
785.9 218
785.9 183
786.0 254
786.1 403
786.1 516
786.2 383
786.3 189
786.3 101
786.4 185
786.5 278
786.5 390
786.6 653
786.7 870
786.7 1163
786.8 1596
786.9 2319
786.9 2947
787.1 3637
787.1 4487
787.1 5499
787.0 5574
787.3 5370
787.3 4758
787.4 3231
787.5 1967
787.5 1012
787.6 548
787.7 348
787.7 145
787.8 60
787.9 24
787.9 30
788.0 81
788.1 139
788.1 93
788.2 35
788.3 7
788.3 11
788.4 13
788.5 1
788.5 7
788.6 7
788.7 0
788.7 0
788.8 0
788.9 0
788.9 0
789.0 0
789.1 0
789.1 0
789.2 0
789.3 0
789.3 0
789.4 0
789.5 0
789.5 0
789.6 0
789.7 0
789.7 0
789.8 0
789.9 0
789.9 0
790.0 0
790.1 0
790.1 7
790.2 22
790.3 22
790.3 16
790.4 9
790.5 3
790.5 4
790.6 8
790.7 4
790.7 1
790.8 0
790.9 0
790.9 8
791.0 30
791.1 36
791.1 17
791.2 9
791.3 31
791.3 53
791.4 9
791.5 12
791.5 27
791.6 8
791.7 0
791.7 0
791.8 0
791.9 4
791.9 15
792.0 5
792.1 5
792.1 23
792.2 51
792.3 42
792.3 18
792.4 7
792.5 8
792.5 11
792.6 24
792.7 6
792.7 2
792.8 17
792.9 34
792.9 6
793.0 0
793.1 3
793.1 16
793.2 46
793.3 56
793.3 43
793.4 22
793.5 41
793.5 43
793.6 22
793.7 5
793.7 0
793.8 7
793.9 42
793.9 104
794.0 105
794.1 107
794.1 111
794.2 71
794.3 100
794.3 174
794.4 136
794.5 154
794.5 194
794.6 125
794.7 237
794.7 270
794.8 240
794.9 322
794.9 307
795.0 351
795.1 574
795.1 618
795.2 594
795.3 781
795.3 754
795.4 466
795.5 205
795.5 167
795.6 161
795.7 67
795.7 30
795.8 73
795.9 114
795.9 120
796.0 148
796.1 92
796.1 84
796.2 123
796.3 185
796.3 138
796.4 93
796.5 76
796.5 78
796.6 45
796.7 9
796.7 4
796.8 16
796.9 19
796.9 41
797.0 56
797.1 42
797.1 16
797.2 28
797.3 67
797.3 159
797.4 273
797.5 242
797.5 168
797.6 206
797.7 272
797.7 408
797.8 531
797.9 766
797.9 967
798.1 1050
798.1 1431
798.1 2211
798.2 2975
798.3 3401
798.3 4076
798.0 4352
798.5 4325
798.5 3884
798.6 2969
798.7 2049
798.7 1354
798.8 1091
798.9 973
798.9 1055
799.0 1266
799.1 1547
799.1 1680
799.2 1956
799.3 2579
799.3 2959
799.4 2916
799.5 2619
799.5 2486
799.6 2307
799.7 1755
799.7 840
799.8 407
799.9 194
799.9 147
800.0 92
800.1 78
800.1 37
800.2 47
800.3 58
800.3 104
800.4 90
800.5 87
800.5 56
800.6 25
800.7 26
800.7 52
800.8 35
800.9 9
800.9 9
801.0 18
801.1 43
801.1 101
801.2 122
801.3 142
801.3 162
801.4 137
801.5 140
801.5 48
801.6 5
801.7 2
801.7 2
801.8 15
801.9 23
801.9 36
802.0 65
802.1 86
802.1 68
802.2 35
802.3 39
802.3 64
802.4 30
802.5 71
802.5 66
802.6 18
802.7 2
802.7 0
802.8 0
802.9 8
802.9 30
803.0 29
803.1 42
803.1 31
803.2 55
803.3 36
803.3 51
803.4 42
803.5 25
803.5 15
803.6 4
803.7 19
803.7 37
803.8 113
803.9 108
803.9 40
804.0 4
804.1 1
804.1 15
804.2 15
804.3 43
804.3 37
804.4 12
804.5 0
804.5 0
804.6 0
804.7 0
804.7 0
804.8 0
804.9 17
804.9 45
805.0 44
805.1 11
805.1 25
805.2 25
805.3 10
805.3 7
805.4 10
805.5 6
805.5 0
805.6 0
805.7 0
805.7 0
805.8 0
805.9 0
805.9 0
806.0 0
806.1 0
806.1 0
806.2 0
806.3 0
806.3 34
806.4 79
806.5 39
806.5 7
806.6 1
806.7 0
806.7 0
806.8 2
806.9 96
806.9 109
807.0 112
807.1 83
807.1 14
807.2 0
807.3 0
807.3 0
807.4 0
807.5 12
807.5 21
807.6 9
807.7 22
807.7 60
807.8 108
807.9 99
807.9 30
808.0 26
808.1 36
808.1 88
808.2 74
808.3 81
808.3 109
808.4 81
808.5 71
808.5 102
808.6 111
808.7 126
808.7 87
808.8 81
808.9 84
808.9 44
809.0 2
809.1 0
809.1 1
809.2 0
809.3 0
809.3 0
809.4 0
809.5 0
809.5 0
809.6 5
809.7 14
809.7 12
809.8 0
809.9 0
809.9 4
810.0 14
810.1 17
810.1 2
810.2 1
810.3 0
810.3 0
810.4 0
810.5 0
810.5 0
810.6 0
810.7 0
810.7 0
810.8 0
810.9 0
810.9 0
811.0 0
811.1 0
811.1 7
811.2 44
811.3 82
811.3 109
811.4 81
811.5 24
811.5 21
811.6 35
811.7 30
811.7 100
811.8 129
811.9 220
811.9 341
812.0 540
812.1 612
812.1 724
812.2 1032
812.3 1331
812.3 1721
812.4 2100
812.5 1856
812.5 1443
812.6 1251
812.7 1191
812.7 1567
812.8 1913
812.9 2172
812.9 2922
813.1 3678
813.1 4822
813.1 5814
813.2 6865
813.0 6969
813.3 6007
813.4 4954
813.5 3639
813.5 2388
813.6 1378
813.7 837
813.7 526
813.8 433
813.9 351
813.9 305
814.0 416
814.1 521
814.1 443
814.2 450
814.3 514
814.3 628
814.4 530
814.5 403
814.5 214
814.6 168
814.7 187
814.7 185
814.8 118
814.9 58
814.9 30
815.0 35
815.1 29
815.1 21
815.2 28
815.3 20
815.3 9
815.4 38
815.5 85
815.5 81
815.6 62
815.7 26
815.7 5
815.8 1
815.9 2
815.9 9
816.0 88
816.1 126
816.1 75
816.2 8
816.3 0
816.3 11
816.4 30
816.5 28
816.5 7
816.6 17
816.7 24
816.7 6
816.8 11
816.9 36
816.9 48
817.0 27
817.1 6
817.1 0
817.2 0
817.3 0
817.3 0
817.4 0
817.5 0
817.5 0
817.6 0
817.7 0
817.7 0
817.8 0
817.9 0
817.9 0
818.0 0
818.1 0
818.1 0
818.2 0
818.3 0
818.3 0
818.4 0
818.5 0
818.5 0
818.6 0
818.7 0
818.7 0
818.8 0
818.9 5
818.9 21
819.0 30
819.1 8
819.1 2
819.2 0
819.3 0
819.3 0
819.4 0
819.5 0
819.5 0
819.6 6
819.7 4
819.7 1
819.8 0
819.9 0
819.9 0
820.0 0
820.1 0
820.1 0
820.2 0
820.3 0
820.3 0
820.4 0
820.5 0
820.5 0
820.6 0
820.7 0
820.7 0
820.8 15
820.9 46
820.9 48
821.0 3
821.1 0
821.1 0
821.2 0
821.3 23
821.3 88
821.4 160
821.5 118
821.5 79
821.6 49
821.7 48
821.7 66
821.8 190
821.9 193
821.9 108
822.0 20
822.1 1
822.1 0
822.2 0
822.3 0
822.3 0
822.4 0
822.5 0
822.5 0
822.6 0
822.7 0
822.7 0
822.8 0
822.9 0
822.9 0
823.0 0
823.1 0
823.1 0
823.2 0
823.3 0
823.3 0
823.4 0
823.5 0
823.5 0
823.6 0
823.7 0
823.7 0
823.8 0
823.9 0
823.9 0
824.0 0
824.1 0
824.1 0
824.2 0
824.3 0
824.3 0
824.4 0
824.5 0
824.5 0
824.6 0
824.7 0
824.7 0
824.8 0
824.9 0
824.9 0
825.0 0
825.1 0
825.1 0
825.2 0
825.3 0
825.3 0
825.4 0
825.5 0
825.5 0
825.6 0
825.7 0
825.7 0
825.8 0
825.9 0
825.9 0
826.0 0
826.1 0
826.1 0
826.2 0
826.3 0
826.3 0
826.4 0
826.5 0
826.5 0
826.6 0
826.7 0
826.7 0
826.8 0
826.9 0
826.9 0
827.0 0
827.1 0
827.1 0
827.2 0
827.3 0
827.3 0
827.4 0
827.5 0
827.5 0
827.6 0
827.7 0
827.7 0
827.8 0
827.9 0
827.9 0
828.0 0
828.1 0
828.1 0
828.2 0
828.3 0
828.3 0
828.4 0
828.5 0
828.5 0
828.6 0
828.7 0
828.7 0
828.8 0
828.9 0
828.9 0
829.0 0
829.1 12
829.1 43
829.2 70
829.3 59
829.3 108
829.4 90
829.5 177
829.5 390
829.6 761
829.7 1342
829.7 2051
829.8 2773
829.9 3503
829.9 4780
830.1 7468
830.1 10896
830.1 14566
830.2 19217
830.3 23879
830.0 24912
830.4 24120
830.5 22180
830.5 18205
830.6 13003
830.7 8632
830.7 6493
830.8 5239
830.9 4757
830.9 5075
831.1 5828
831.1 7117
831.1 8955
831.2 11043
831.3 12921
831.3 14354
831.4 15156
831.0 15225
831.5 14043
831.6 11171
831.7 8028
831.7 5352
831.8 3351
831.9 1992
831.9 970
832.0 476
832.1 444
832.1 543
832.2 555
832.3 520
832.3 689
832.4 939
832.5 953
832.5 1007
832.6 870
832.7 627
832.7 482
832.8 277
832.9 162
832.9 99
833.0 31
833.1 6
833.1 0
833.2 0
833.3 0
833.3 3
833.4 11
833.5 13
833.5 30
833.6 53
833.7 53
833.7 48
833.8 16
833.9 1
833.9 0
834.0 0
834.1 0
834.1 0
834.2 0
834.3 0
834.3 0
834.4 1
834.5 19
834.5 18
834.6 8
834.7 2
834.7 1
834.8 0
834.9 0
834.9 0
835.0 0
835.1 0
835.1 0
835.2 0
835.3 0
835.3 0
835.4 0
835.5 0
835.5 0
835.6 0
835.7 0
835.7 0
835.8 0
835.9 0
835.9 0
836.0 0
836.1 0
836.1 0
836.2 0
836.3 0
836.3 0
836.4 0
836.5 0
836.5 0
836.6 0
836.7 0
836.7 0
836.8 0
836.9 0
836.9 0
837.0 0
837.1 0
837.1 0
837.2 0
837.3 0
837.3 0
837.4 0
837.5 0
837.5 0
837.6 0
837.7 5
837.7 14
837.8 12
837.9 4
837.9 0
838.0 0
838.1 0
838.1 0
838.2 0
838.3 0
838.3 0
838.4 0
838.5 0
838.5 0
838.6 0
838.7 0
838.7 0
838.8 0
838.9 0
838.9 0
839.0 0
839.1 0
839.1 0
839.2 3
839.3 32
839.3 85
839.4 40
839.5 7
839.5 0
839.6 0
839.7 0
839.7 0
839.8 0
839.9 12
839.9 61
840.0 96
840.1 15
840.1 3
840.2 1
840.3 0
840.3 0
840.4 0
840.5 0
840.5 0
840.6 0
840.7 0
840.7 0
840.8 0
840.9 0
840.9 0
841.0 5
841.1 20
841.1 25
841.2 15
841.3 12
841.3 13
841.4 29
841.5 36
841.5 29
841.6 6
841.7 1
841.7 7
841.8 39
841.9 21
841.9 4
842.0 1
842.1 0
842.1 0
842.2 53
842.3 85
842.3 30
842.4 3
842.5 0
842.5 0
842.6 0
842.7 0
842.7 0
842.8 0
842.9 0
842.9 0
843.0 3
843.1 8
843.1 5
843.2 1
843.3 0
843.3 0
843.4 0
843.5 0
843.5 0
843.6 0
843.7 0
843.7 0
843.8 0
843.9 0
843.9 0
844.0 0
844.1 0
844.1 13
844.2 27
844.3 36
844.3 47
844.4 33
844.5 21
844.5 35
844.6 11
844.7 2
844.7 1
844.8 0
844.9 0
844.9 3
845.0 14
845.1 21
845.1 19
845.2 18
845.3 19
845.3 4
845.4 0
845.5 0
845.5 6
845.6 2
845.7 183
845.7 244
845.8 138
845.9 36
845.9 4
846.0 0
846.1 0
846.1 0
846.2 0
846.3 0
846.3 0
846.4 0
846.5 14
846.5 36
846.6 30
846.7 9
846.7 0
846.8 0
846.9 0
846.9 0
847.0 0
847.1 0
847.1 0
847.2 0
847.3 0
847.3 0
847.4 0
847.5 0
847.5 0
847.6 0
847.7 0
847.7 0
847.8 0
847.9 0
847.9 7
848.0 37
848.1 59
848.1 21
848.2 55
848.3 43
848.3 24
848.4 36
848.5 13
848.5 2
848.6 0
848.7 0
848.7 0
848.8 0
848.9 0
848.9 0
849.0 0
849.1 0
849.1 0
849.2 0
849.3 0
849.3 0
849.4 0
849.5 0
849.5 0
849.6 0
849.7 0
849.7 42
849.8 42
849.9 16
849.9 1
850.0 1
