300.1 31
300.1 8
300.2 5
300.3 63
300.3 158
300.4 117
300.5 11
300.5 29
300.6 54
300.7 60
300.7 54
300.8 46
300.9 50
300.9 77
301.0 60
301.1 75
301.1 27
301.2 32
301.3 16
301.3 3
301.4 0
301.5 0
301.5 0
301.6 2
301.7 24
301.7 54
301.8 36
301.9 44
301.9 16
302.0 2
302.1 0
302.1 0
302.2 0
302.3 13
302.3 30
302.4 22
302.5 19
302.5 64
302.6 105
302.7 81
302.7 60
302.8 109
302.9 217
302.9 186
303.0 104
303.1 157
303.1 237
303.2 182
303.3 87
303.3 42
303.4 35
303.5 31
303.5 12
303.6 34
303.7 33
303.7 15
303.8 32
303.9 107
303.9 193
304.0 160
304.1 191
304.1 187
304.2 92
304.3 57
304.3 23
304.4 60
304.5 66
304.5 63
304.6 45
304.7 54
304.7 79
304.8 101
304.9 110
304.9 76
305.0 50
305.1 101
305.1 136
305.2 104
305.3 35
305.3 4
305.4 1
305.5 0
305.5 0
305.6 0
305.7 2
305.7 17
305.8 34
305.9 5
305.9 3
306.0 12
306.1 5
306.1 39
306.2 144
306.3 92
306.3 26
306.4 24
306.5 98
306.5 124
306.6 100
306.7 48
306.7 14
306.8 21
306.9 73
306.9 119
307.0 155
307.1 153
307.1 115
307.2 129
307.3 148
307.3 152
307.4 100
307.5 54
307.5 20
307.6 8
307.7 1
307.7 0
307.8 0
307.9 0
307.9 0
308.0 0
308.1 0
308.1 0
308.2 0
308.3 0
308.3 0
308.4 0
308.5 0
308.5 0
308.6 0
308.7 0
308.7 28
308.8 74
308.9 97
308.9 82
309.0 94
309.1 99
309.1 100
309.2 118
309.3 77
309.3 34
309.4 21
309.5 16
309.5 19
309.6 35
309.7 43
309.7 10
309.8 43
309.9 105
309.9 125
310.0 79
310.1 34
310.1 37
310.2 55
310.3 65
310.3 52
310.4 47
310.5 32
310.5 46
310.6 38
310.7 18
310.7 123
310.8 229
310.9 123
310.9 48
311.0 129
311.1 205
311.1 271
311.2 255
311.3 141
311.3 116
311.4 102
311.5 52
311.5 15
311.6 28
311.7 80
311.7 87
311.8 36
311.9 6
311.9 1
312.0 0
312.1 5
312.1 16
312.2 14
312.3 9
312.3 18
312.4 36
312.5 47
312.5 53
312.6 32
312.7 30
312.7 20
312.8 39
312.9 117
312.9 94
313.0 18
313.1 7
313.1 28
313.2 56
313.3 53
313.3 62
313.4 97
313.5 58
313.5 23
313.6 3
313.7 3
313.7 15
313.8 11
313.9 15
313.9 36
314.0 47
314.1 43
314.1 35
314.2 28
314.3 15
314.3 6
314.4 24
314.5 75
314.5 99
314.6 126
314.7 88
314.7 57
314.8 38
314.9 51
314.9 100
315.0 107
315.1 75
315.1 64
315.2 60
315.3 57
315.3 7
315.4 1
315.5 0
315.5 0
315.6 0
315.7 0
315.7 0
315.8 0
315.9 0
315.9 0
316.0 0
316.1 0
316.1 0
316.2 0
316.3 0
316.3 18
316.4 37
316.5 32
316.5 23
316.6 18
316.7 15
316.7 14
316.8 9
316.9 19
316.9 99
317.0 217
317.1 199
317.1 112
317.2 59
317.3 50
317.3 29
317.4 21
317.5 51
317.5 86
317.6 72
317.7 20
317.7 12
317.8 64
317.9 106
317.9 74
318.0 21
318.1 29
318.1 57
318.2 72
318.3 34
318.3 9
318.4 0
318.5 0
318.5 0
318.6 2
318.7 12
318.7 34
318.8 25
318.9 12
318.9 4
319.0 2
319.1 16
319.1 69
319.2 93
319.3 63
319.3 19
319.4 4
319.5 1
319.5 0
319.6 2
319.7 9
319.7 13
319.8 4
319.9 3
319.9 18
320.0 58
320.1 43
320.1 11
320.2 0
320.3 0
320.3 0
320.4 0
320.5 0
320.5 0
320.6 1
320.7 44
320.7 121
320.8 306
320.9 367
320.9 425
321.0 381
321.1 254
321.1 201
321.2 160
321.3 129
321.3 143
321.4 128
321.5 50
321.5 30
321.6 18
321.7 4
321.7 0
321.8 0
321.9 32
321.9 38
322.0 32
322.1 45
322.1 54
322.2 29
322.3 12
322.3 30
322.4 67
322.5 71
322.5 42
322.6 42
322.7 74
322.7 57
322.8 31
322.9 88
322.9 108
323.0 52
323.1 12
323.1 50
323.2 133
323.3 106
323.3 122
323.4 75
323.5 51
323.5 30
323.6 12
323.7 29
323.7 24
323.8 0
323.9 23
323.9 51
324.0 45
324.1 19
324.1 11
324.2 7
324.3 31
324.3 58
324.4 73
324.5 11
324.5 2
324.6 13
324.7 29
324.7 11
324.8 60
324.9 66
324.9 51
325.0 33
325.1 37
325.1 76
325.2 93
325.3 94
325.3 52
325.4 46
325.5 108
325.5 89
325.6 20
325.7 11
325.7 32
325.8 34
325.9 5
325.9 12
326.0 24
326.1 35
326.1 35
326.2 46
326.3 54
326.3 37
326.4 14
326.5 11
326.5 22
326.6 21
326.7 20
326.7 72
326.8 104
326.9 108
326.9 147
327.0 163
327.1 250
327.1 133
327.2 63
327.3 29
327.3 2
327.4 0
327.5 0
327.5 0
327.6 0
327.7 0
327.7 0
327.8 3
327.9 14
327.9 28
328.0 19
328.1 51
328.1 122
328.2 52
328.3 6
328.3 3
328.4 27
328.5 48
328.5 35
328.6 62
328.7 62
328.7 16
328.8 18
328.9 7
328.9 98
329.0 165
329.1 125
329.1 53
329.2 22
329.3 10
329.3 37
329.4 57
329.5 22
329.5 7
329.6 0
329.7 0
329.7 0
329.8 0
329.9 0
329.9 0
330.0 0
330.1 0
330.1 0
330.2 0
330.3 2
330.3 11
330.4 21
330.5 36
330.5 62
330.6 27
330.7 24
330.7 80
330.8 119
330.9 117
330.9 241
331.0 165
331.1 93
331.1 84
331.2 101
331.3 169
331.3 104
331.4 67
331.5 30
331.5 30
331.6 25
331.7 7
331.7 3
331.8 13
331.9 20
331.9 35
332.0 69
332.1 110
332.1 104
332.2 50
332.3 13
332.3 23
332.4 96
332.5 137
332.5 49
332.6 4
332.7 11
332.7 40
332.8 71
332.9 85
332.9 126
333.0 149
333.1 94
333.1 42
333.2 58
333.3 121
333.3 140
333.4 46
333.5 11
333.5 1
333.6 0
333.7 0
333.7 0
333.8 20
333.9 49
333.9 42
334.0 41
334.1 107
334.1 80
334.2 36
334.3 21
334.3 10
334.4 13
334.5 15
334.5 34
334.6 60
334.7 83
334.7 129
334.8 191
334.9 288
334.9 251
335.0 164
335.1 143
335.1 85
335.2 35
335.3 31
335.3 18
335.4 6
335.5 21
335.5 67
335.6 76
335.7 54
335.7 48
335.8 97
335.9 88
335.9 30
336.0 27
336.1 32
336.1 23
336.2 17
336.3 20
336.3 19
336.4 5
336.5 15
336.5 41
336.6 38
336.7 25
336.7 54
336.8 91
336.9 78
336.9 25
337.0 30
337.1 32
337.1 97
337.2 99
337.3 36
337.3 6
337.4 1
337.5 0
337.5 0
337.6 0
337.7 0
337.7 12
337.8 57
337.9 90
337.9 24
338.0 28
338.1 19
338.1 0
338.2 0
338.3 0
338.3 0
338.4 16
338.5 39
338.5 16
338.6 1
338.7 0
338.7 0
338.8 2
338.9 18
338.9 33
339.0 17
339.1 38
339.1 41
339.2 110
339.3 101
339.3 34
339.4 4
339.5 1
339.5 0
339.6 0
339.7 0
339.7 0
339.8 3
339.9 39
339.9 90
340.0 77
340.1 16
340.1 1
340.2 13
340.3 37
340.3 22
340.4 22
340.5 14
340.5 11
340.6 52
340.7 76
340.7 70
340.8 149
340.9 171
340.9 145
341.0 136
341.1 159
341.1 158
341.2 193
341.3 134
341.3 167
341.4 202
341.5 50
341.5 39
341.6 95
341.7 204
341.7 168
341.8 71
341.9 29
341.9 30
342.0 41
342.1 10
342.1 33
342.2 58
342.3 23
342.3 3
342.4 3
342.5 11
342.5 35
342.6 32
342.7 7
342.7 0
342.8 0
342.9 26
342.9 89
343.0 152
343.1 159
343.1 161
343.2 169
343.3 112
343.3 49
343.4 29
343.5 25
343.5 27
343.6 17
343.7 9
343.7 1
343.8 0
343.9 0
343.9 0
344.0 1
344.1 5
344.1 44
344.2 48
344.3 31
344.3 42
344.4 43
344.5 19
344.5 27
344.6 53
344.7 64
344.7 79
344.8 55
344.9 4
344.9 0
345.0 23
345.1 65
345.1 71
345.2 120
345.3 56
345.3 11
345.4 0
345.5 0
345.5 0
345.6 1
345.7 67
345.7 55
345.8 29
345.9 14
345.9 25
346.0 46
346.1 42
346.1 61
346.2 77
346.3 58
346.3 30
346.4 35
346.5 70
346.5 84
346.6 96
346.7 115
346.7 87
346.8 52
346.9 64
346.9 65
347.0 84
347.1 131
347.1 153
347.2 109
347.3 55
347.3 15
347.4 15
347.5 9
347.5 7
347.6 30
347.7 13
347.7 3
347.8 1
347.9 1
347.9 14
348.0 36
348.1 55
348.1 66
348.2 71
348.3 130
348.3 165
348.4 128
348.5 23
348.5 11
348.6 53
348.7 214
348.7 219
348.8 176
348.9 94
348.9 60
349.0 103
349.1 255
349.1 250
349.2 269
349.3 260
349.3 183
349.4 119
349.5 25
349.5 5
349.6 0
349.7 3
349.7 23
349.8 26
349.9 9
349.9 18
350.0 25
350.1 1
350.1 23
350.2 70
350.3 51
350.3 3
350.4 30
350.5 68
350.5 69
350.6 73
350.7 110
350.7 194
350.8 191
350.9 211
350.9 231
351.0 182
351.1 88
351.1 86
351.2 96
351.3 40
351.3 45
351.4 47
351.5 27
351.5 14
351.6 22
351.7 26
351.7 32
351.8 85
351.9 230
351.9 188
352.0 83
352.1 39
352.1 14
352.2 6
352.3 2
352.3 0
352.4 1
352.5 7
352.5 17
352.6 15
352.7 1
352.7 8
352.8 32
352.9 73
352.9 62
353.0 47
353.1 25
353.1 21
353.2 34
353.3 43
353.3 34
353.4 10
353.5 0
353.5 17
353.6 51
353.7 47
353.7 23
353.8 41
353.9 26
353.9 5
354.0 0
354.1 3
354.1 19
354.2 44
354.3 100
354.3 89
354.4 65
354.5 73
354.5 35
354.6 4
354.7 1
354.7 10
354.8 16
354.9 18
354.9 15
355.0 12
355.1 16
355.1 38
355.2 51
355.3 53
355.3 36
355.4 13
355.5 3
355.5 1
355.6 0
355.7 4
355.7 49
355.8 106
355.9 50
355.9 52
356.0 53
356.1 65
356.1 36
356.2 28
356.3 23
356.3 74
356.4 34
356.5 6
356.5 2
356.6 23
356.7 67
356.7 70
356.8 59
356.9 41
356.9 32
357.0 38
357.1 72
357.1 80
357.2 36
357.3 11
357.3 1
357.4 0
357.5 0
357.5 0
357.6 0
357.7 0
357.7 0
357.8 18
357.9 40
357.9 34
358.0 24
358.1 67
358.1 97
358.2 102
358.3 106
358.3 109
358.4 69
358.5 59
358.5 79
358.6 77
358.7 120
358.7 106
358.8 83
358.9 33
358.9 21
359.0 29
359.1 39
359.1 126
359.2 135
359.3 136
359.3 72
359.4 32
359.5 63
359.5 171
359.6 261
359.7 224
359.7 124
359.8 54
359.9 162
359.9 196
360.0 173
360.1 114
360.1 10
360.2 1
360.3 0
360.3 0
360.4 6
360.5 16
360.5 16
360.6 44
360.7 200
360.7 336
360.8 253
360.9 102
360.9 42
361.0 79
361.1 119
361.1 156
361.2 112
361.3 46
361.3 4
361.4 1
361.5 0
361.5 0
361.6 0
361.7 4
361.7 10
361.8 8
361.9 0
361.9 0
362.0 4
362.1 8
362.1 2
362.2 0
362.3 5
362.3 5
362.4 1
362.5 0
362.5 0
362.6 0
362.7 0
362.7 1
362.8 40
362.9 153
362.9 149
363.0 130
363.1 135
363.1 44
363.2 21
363.3 7
363.3 0
363.4 0
363.5 11
363.5 15
363.6 10
363.7 3
363.7 0
363.8 0
363.9 0
363.9 0
364.0 0
364.1 3
364.1 10
364.2 3
364.3 0
364.3 0
364.4 2
364.5 64
364.5 81
364.6 76
364.7 69
364.7 74
364.8 85
364.9 85
364.9 92
365.0 202
365.1 197
365.1 219
365.2 156
365.3 228
365.3 153
365.4 87
365.5 50
365.5 40
365.6 30
365.7 2
365.7 9
365.8 30
365.9 30
365.9 43
366.0 78
366.1 64
366.1 36
366.2 10
366.3 1
366.3 52
366.4 77
366.5 42
366.5 9
366.6 2
366.7 0
366.7 3
366.8 17
366.9 24
366.9 22
367.0 43
367.1 39
367.1 23
367.2 0
367.3 0
367.3 0
367.4 15
367.5 37
367.5 11
367.6 11
367.7 61
367.7 89
367.8 25
367.9 18
367.9 41
368.0 32
368.1 18
368.1 80
368.2 155
368.3 125
368.3 19
368.4 8
368.5 16
368.5 24
368.6 17
368.7 29
368.7 75
368.8 75
368.9 49
368.9 30
369.0 33
369.1 31
369.1 24
369.2 92
369.3 125
369.3 76
369.4 21
369.5 8
369.5 2
369.6 0
369.7 1
369.7 5
369.8 20
369.9 101
369.9 189
370.0 157
370.1 91
370.1 58
370.2 14
370.3 25
370.3 60
370.4 24
370.5 17
370.5 50
370.6 47
370.7 68
370.7 162
370.8 202
370.9 152
370.9 162
371.0 66
371.1 26
371.1 42
371.2 87
371.3 63
371.3 27
371.4 24
371.5 17
371.5 3
371.6 0
371.7 0
371.7 0
371.8 32
371.9 104
371.9 84
372.0 26
372.1 27
372.1 47
372.2 56
372.3 44
372.3 7
372.4 1
372.5 15
372.5 75
372.6 118
372.7 91
372.7 67
372.8 44
372.9 16
372.9 42
373.0 68
373.1 83
373.1 83
373.2 38
373.3 22
373.3 46
373.4 25
373.5 5
373.5 0
373.6 0
373.7 0
373.7 0
373.8 0
373.9 0
373.9 15
374.0 61
374.1 40
374.1 7
374.2 1
374.3 0
374.3 0
374.4 0
374.5 0
374.5 0
374.6 0
374.7 0
374.7 0
374.8 11
374.9 61
374.9 126
375.0 148
375.1 242
375.1 337
375.2 424
375.3 277
375.3 164
375.4 81
375.5 54
375.5 17
375.6 18
375.7 79
375.7 112
375.8 64
375.9 84
375.9 69
376.0 40
376.1 51
376.1 90
376.2 68
376.3 38
376.3 49
376.4 104
376.5 142
376.5 56
376.6 18
376.7 14
376.7 8
376.8 72
376.9 168
376.9 83
377.0 20
377.1 18
377.1 61
377.2 65
377.3 54
377.3 40
377.4 7
377.5 55
377.5 78
377.6 66
377.7 72
377.7 88
377.8 78
377.9 15
377.9 34
378.0 55
378.1 36
378.1 14
378.2 29
378.3 17
378.3 15
378.4 57
378.5 128
378.5 131
378.6 86
378.7 34
378.7 18
378.8 70
378.9 58
378.9 18
379.0 6
379.1 12
379.1 29
379.2 48
379.3 106
379.3 154
379.4 122
379.5 8
379.5 1
379.6 0
379.7 0
379.7 1
379.8 26
379.9 73
379.9 93
380.0 31
380.1 24
380.1 33
380.2 38
380.3 87
380.3 154
380.4 72
380.5 22
380.5 3
380.6 19
380.7 117
380.7 115
380.8 92
380.9 139
380.9 87
381.0 53
381.1 32
381.1 30
381.2 38
381.3 75
381.3 55
381.4 21
381.5 1
381.5 5
381.6 34
381.7 18
381.7 5
381.8 21
381.9 16
381.9 4
382.0 0
382.1 0
382.1 62
382.2 97
382.3 103
382.3 55
382.4 10
382.5 2
382.5 1
382.6 7
382.7 14
382.7 30
382.8 40
382.9 85
382.9 116
383.0 84
383.1 24
383.1 18
383.2 84
383.3 75
383.3 54
383.4 18
383.5 20
383.5 3
383.6 0
383.7 0
383.7 25
383.8 30
383.9 15
383.9 25
384.0 73
384.1 72
384.1 88
384.2 136
384.3 125
384.3 84
384.4 37
384.5 21
384.5 34
384.6 73
384.7 31
384.7 24
384.8 63
384.9 191
384.9 276
385.0 243
385.1 263
385.1 284
385.2 294
385.3 243
385.3 244
385.4 170
385.5 81
385.5 25
385.6 4
385.7 1
385.7 20
385.8 50
385.9 9
385.9 0
386.0 0
386.1 0
386.1 2
386.2 9
386.3 9
386.3 2
386.4 0
386.5 0
386.5 0
386.6 10
386.7 60
386.7 99
386.8 62
386.9 2
386.9 6
387.0 11
387.1 18
387.1 39
387.2 152
387.3 176
387.3 106
387.4 27
387.5 14
387.5 4
387.6 16
387.7 82
387.7 133
387.8 96
387.9 60
387.9 92
388.0 87
388.1 13
388.1 78
388.2 202
388.3 185
388.3 138
388.4 79
388.5 45
388.5 13
388.6 0
388.7 0
388.7 3
388.8 23
388.9 56
388.9 97
389.0 190
389.1 168
389.1 110
389.2 72
389.3 61
389.3 75
389.4 57
389.5 8
389.5 0
389.6 0
389.7 0
389.7 0
389.8 0
389.9 0
389.9 0
390.0 0
390.1 0
390.1 6
390.2 37
390.3 39
390.3 31
390.4 47
390.5 52
390.5 5
390.6 0
390.7 0
390.7 0
390.8 35
390.9 115
390.9 143
391.0 88
391.1 57
391.1 99
391.2 155
391.3 138
391.3 63
391.4 20
391.5 21
391.5 9
391.6 1
391.7 0
391.7 0
391.8 0
391.9 20
391.9 61
392.0 86
392.1 122
392.1 241
392.2 244
392.3 225
392.3 178
392.4 65
392.5 111
392.5 170
392.6 105
392.7 66
392.7 79
392.8 44
392.9 62
392.9 117
393.0 173
393.1 165
393.1 117
393.2 100
393.3 147
393.3 173
393.4 89
393.5 64
393.5 45
393.6 21
393.7 5
393.7 0
393.8 4
393.9 4
393.9 21
394.0 127
394.1 74
394.1 18
394.2 2
394.3 0
394.3 0
394.4 0
394.5 11
394.5 38
394.6 45
394.7 28
394.7 35
394.8 51
394.9 56
394.9 44
395.0 21
395.1 17
395.1 14
395.2 5
395.3 0
395.3 0
395.4 0
395.5 0
395.5 0
395.6 12
395.7 33
395.7 28
395.8 18
395.9 80
395.9 143
396.0 95
396.1 47
396.1 19
396.2 0
396.3 0
396.3 0
396.4 3
396.5 20
396.5 44
396.6 48
396.7 75
396.7 49
396.8 42
396.9 65
396.9 52
397.0 56
397.1 55
397.1 58
397.2 45
397.3 20
397.3 20
397.4 7
397.5 3
397.5 26
397.6 27
397.7 6
397.7 3
397.8 15
397.9 60
397.9 70
398.0 45
398.1 32
398.1 20
398.2 47
398.3 89
398.3 56
398.4 43
398.5 32
398.5 39
398.6 38
398.7 17
398.7 8
398.8 14
398.9 2
398.9 0
399.0 0
399.1 3
399.1 22
399.2 51
399.3 37
399.3 17
399.4 4
399.5 0
399.5 0
399.6 0
399.7 0
399.7 0
399.8 0
399.9 18
399.9 43
400.0 36
400.1 38
400.1 42
400.2 30
400.3 74
400.3 84
400.4 79
400.5 37
400.5 81
400.6 82
400.7 60
400.7 56
400.8 49
400.9 54
400.9 56
401.0 72
401.1 104
401.1 105
401.2 80
401.3 186
401.3 243
401.4 135
401.5 148
401.5 130
401.6 54
401.7 45
401.7 70
401.8 66
401.9 39
401.9 74
402.0 178
402.1 171
402.1 43
402.2 93
402.3 154
402.3 167
402.4 73
402.5 10
402.5 80
402.6 107
402.7 58
402.7 145
402.8 232
402.9 169
402.9 114
403.0 188
403.1 203
403.1 246
403.2 208
403.3 130
403.3 114
403.4 70
403.5 51
403.5 10
403.6 0
403.7 3
403.7 19
403.8 31
403.9 32
403.9 28
404.0 8
404.1 1
404.1 5
404.2 10
404.3 18
404.3 51
404.4 53
404.5 21
404.5 1
404.6 24
404.7 79
404.7 111
404.8 58
404.9 85
404.9 125
405.0 118
405.1 59
405.1 84
405.2 86
405.3 99
405.3 79
405.4 59
405.5 39
405.5 11
405.6 4
405.7 0
405.7 14
405.8 50
405.9 84
405.9 37
406.0 74
406.1 146
406.1 126
406.2 86
406.3 82
406.3 64
406.4 52
406.5 23
406.5 20
406.6 44
406.7 15
406.7 4
406.8 40
406.9 119
406.9 154
407.0 176
407.1 208
407.1 174
407.2 119
407.3 151
407.3 84
407.4 73
407.5 42
407.5 4
407.6 1
407.7 14
407.7 109
407.8 66
407.9 21
407.9 22
408.0 17
408.1 31
408.1 84
408.2 106
408.3 69
408.3 26
408.4 22
408.5 50
408.5 65
408.6 28
408.7 5
408.7 12
408.8 30
408.9 40
408.9 19
409.0 17
409.1 19
409.1 29
409.2 23
409.3 44
409.3 76
409.4 49
409.5 7
409.5 24
409.6 59
409.7 72
409.7 23
409.8 25
409.9 78
409.9 141
410.0 150
410.1 98
410.1 46
410.2 29
410.3 49
410.3 61
410.4 69
410.5 51
410.5 102
410.6 143
410.7 78
410.7 30
410.8 57
410.9 104
410.9 145
411.0 169
411.1 114
411.1 107
411.2 88
411.3 54
411.3 103
411.4 79
411.5 23
411.5 0
411.6 0
411.7 0
411.7 0
411.8 0
411.9 0
411.9 0
412.0 0
412.1 0
412.1 2
412.2 22
412.3 29
412.3 18
412.4 5
412.5 18
412.5 77
412.6 62
412.7 16
412.7 15
412.8 18
412.9 37
412.9 93
413.0 103
413.1 52
413.1 42
413.2 59
413.3 38
413.3 1
413.4 0
413.5 0
413.5 5
413.6 14
413.7 12
413.7 30
413.8 74
413.9 69
413.9 33
414.0 30
414.1 37
414.1 66
414.2 72
414.3 50
414.3 43
414.4 41
414.5 45
414.5 62
414.6 71
414.7 42
414.7 37
414.8 111
414.9 90
414.9 50
415.0 53
415.1 116
415.1 112
415.2 134
415.3 89
415.3 35
415.4 37
415.5 57
415.5 24
415.6 24
415.7 24
415.7 2
415.8 8
415.9 32
415.9 41
416.0 13
416.1 29
416.1 25
416.2 15
416.3 13
416.3 8
416.4 9
416.5 25
416.5 27
416.6 15
416.7 4
416.7 2
416.8 22
416.9 11
416.9 2
417.0 14
417.1 21
417.1 58
417.2 96
417.3 55
417.3 72
417.4 79
417.5 53
417.5 30
417.6 0
417.7 10
417.7 34
417.8 29
417.9 31
417.9 16
418.0 65
418.1 70
418.1 54
418.2 19
418.3 22
418.3 66
418.4 95
418.5 25
418.5 48
418.6 117
418.7 86
418.7 27
418.8 13
418.9 51
418.9 47
419.0 66
419.1 40
419.1 45
419.2 43
419.3 63
419.3 57
419.4 12
419.5 0
419.5 0
419.6 0
419.7 0
419.7 0
419.8 0
419.9 0
419.9 0
420.0 1
420.1 17
420.1 59
420.2 144
420.3 192
420.3 120
420.4 85
420.5 78
420.5 101
420.6 84
420.7 24
420.7 4
420.8 0
420.9 24
420.9 67
421.0 63
421.1 111
421.1 164
421.2 109
421.3 22
421.3 10
421.4 2
421.5 0
421.5 0
421.6 15
421.7 20
421.7 15
421.8 42
421.9 32
421.9 21
422.0 41
422.1 40
422.1 2
422.2 1
422.3 0
422.3 0
422.4 0
422.5 0
422.5 5
422.6 8
422.7 2
422.7 12
422.8 14
422.9 14
422.9 58
423.0 147
423.1 155
423.1 92
423.2 104
423.3 105
423.3 46
423.4 20
423.5 31
423.5 80
423.6 40
423.7 17
423.7 36
423.8 28
423.9 13
423.9 15
424.0 26
424.1 41
424.1 47
424.2 57
424.3 64
424.3 44
424.4 16
424.5 20
424.5 16
424.6 5
424.7 0
424.7 17
424.8 97
424.9 87
424.9 85
425.0 118
425.1 127
425.1 126
425.2 274
425.3 310
425.3 199
425.4 99
425.5 8
425.5 9
425.6 40
425.7 52
425.7 22
425.8 0
425.9 15
425.9 36
426.0 34
426.1 31
426.1 34
426.2 52
426.3 72
426.3 63
426.4 50
426.5 80
426.5 83
426.6 82
426.7 64
426.7 23
426.8 8
426.9 24
426.9 36
427.0 40
427.1 61
427.1 73
427.2 77
427.3 24
427.3 3
427.4 1
427.5 7
427.5 31
427.6 51
427.7 62
427.7 76
427.8 68
427.9 54
427.9 116
428.0 246
428.1 306
428.1 363
428.2 481
428.3 480
428.3 432
428.4 446
428.5 368
428.5 217
428.6 126
428.7 94
428.7 126
428.8 261
428.9 341
428.9 387
429.0 542
429.1 911
429.1 1036
429.2 813
429.3 478
429.3 486
429.4 464
429.5 361
429.5 271
429.6 204
429.7 176
429.7 152
429.8 141
429.9 182
429.9 221
430.0 224
430.1 141
430.1 155
430.2 151
430.3 91
430.3 68
430.4 85
430.5 80
430.5 41
430.6 19
430.7 27
430.7 84
430.8 174
430.9 179
430.9 124
431.0 118
431.1 138
431.1 126
431.2 168
431.3 178
431.3 165
431.4 126
431.5 79
431.5 29
431.6 58
431.7 19
431.7 0
431.8 0
431.9 11
431.9 32
432.0 13
432.1 16
432.1 38
432.2 54
432.3 49
432.3 42
432.4 24
432.5 25
432.5 125
432.6 237
432.7 177
432.7 91
432.8 39
432.9 31
432.9 113
433.0 103
433.1 43
433.1 17
433.2 21
433.3 26
433.3 41
433.4 36
433.5 19
433.5 4
433.6 29
433.7 76
433.7 66
433.8 23
433.9 14
433.9 17
434.0 3
434.1 0
434.1 0
434.2 0
434.3 0
434.3 0
434.4 0
434.5 0
434.5 0
434.6 0
434.7 0
434.7 0
434.8 0
434.9 15
434.9 41
435.0 38
435.1 24
435.1 98
435.2 186
435.3 254
435.3 177
435.4 66
435.5 18
435.5 12
435.6 10
435.7 3
435.7 5
435.8 37
435.9 38
435.9 23
436.0 46
436.1 50
436.1 27
436.2 28
436.3 32
436.3 16
436.4 13
436.5 33
436.5 10
436.6 52
436.7 155
436.7 172
436.8 131
436.9 104
436.9 43
437.0 30
437.1 25
437.1 47
437.2 102
437.3 94
437.3 34
437.4 12
437.5 8
437.5 12
437.6 10
437.7 2
437.7 0
437.8 0
437.9 0
437.9 5
438.0 19
438.1 21
438.1 9
438.2 15
438.3 3
438.3 0
438.4 21
438.5 52
438.5 16
438.6 2
438.7 1
438.7 33
438.8 75
438.9 93
438.9 70
439.0 32
439.1 7
439.1 8
439.2 64
439.3 132
439.3 113
439.4 46
439.5 8
439.5 0
439.6 0
439.7 0
439.7 0
439.8 10
439.9 31
439.9 40
440.0 27
440.1 8
440.1 0
440.2 19
440.3 54
440.3 47
440.4 14
440.5 0
440.5 0
440.6 0
440.7 0
440.7 27
440.8 95
440.9 116
440.9 109
441.0 84
441.1 62
441.1 169
441.2 103
441.3 51
441.3 66
441.4 99
441.5 76
441.5 11
441.6 52
441.7 57
441.7 27
441.8 53
441.9 163
441.9 204
442.0 124
442.1 103
442.1 196
442.2 246
442.3 290
442.3 232
442.4 255
442.5 251
442.5 138
442.6 66
442.7 25
442.7 60
442.8 110
442.9 82
442.9 37
443.0 125
443.1 170
443.1 202
443.2 188
443.3 136
443.3 127
443.4 199
443.5 179
443.5 102
443.6 38
443.7 6
443.7 13
443.8 68
443.9 86
443.9 37
444.0 19
444.1 31
444.1 25
444.2 8
444.3 30
444.3 144
444.4 227
444.5 171
444.5 115
444.6 55
444.7 18
444.7 2
444.8 21
444.9 60
444.9 69
445.0 61
445.1 74
445.1 36
445.2 16
445.3 9
445.3 2
445.4 0
445.5 1
445.5 58
445.6 137
445.7 59
445.7 16
445.8 18
445.9 43
445.9 32
446.0 36
446.1 76
446.1 183
446.2 397
446.3 391
446.3 278
446.4 219
446.5 274
446.5 206
446.6 72
446.7 19
446.7 78
446.8 78
446.9 109
446.9 178
447.0 147
447.1 88
447.1 78
447.2 122
447.3 115
447.3 92
447.4 158
447.5 126
447.5 129
447.6 274
447.7 186
447.7 57
447.8 38
447.9 58
447.9 26
448.0 7
448.1 0
448.1 15
448.2 12
448.3 4
448.3 1
448.4 0
448.5 93
448.5 79
448.6 23
448.7 0
448.7 15
448.8 52
448.9 42
448.9 19
449.0 22
449.1 25
449.1 25
449.2 33
449.3 42
449.3 63
449.4 20
449.5 3
449.5 1
449.6 0
449.7 0
449.7 0
449.8 0
449.9 0
449.9 11
450.0 25
450.1 30
450.1 50
450.2 41
450.3 75
450.3 52
450.4 18
450.5 3
450.5 0
450.6 0
450.7 6
450.7 30
450.8 54
450.9 83
450.9 79
451.0 92
451.1 73
451.1 82
451.2 61
451.3 0
451.3 0
451.4 0
451.5 0
451.5 5
451.6 53
451.7 182
451.7 255
451.8 159
451.9 9
451.9 22
452.0 78
452.1 94
452.1 67
452.2 21
452.3 27
452.3 89
452.4 68
452.5 28
452.5 3
452.6 0
452.7 0
452.7 1
452.8 72
452.9 157
452.9 192
453.0 162
453.1 111
453.1 93
453.2 138
453.3 201
453.3 239
453.4 157
453.5 45
453.5 6
453.6 0
453.7 0
453.7 2
453.8 14
453.9 20
453.9 19
454.0 47
454.1 87
454.1 45
454.2 11
454.3 35
454.3 104
454.4 65
454.5 57
454.5 66
454.6 7
454.7 3
454.7 15
454.8 18
454.9 15
454.9 47
455.0 47
455.1 11
455.1 2
455.2 1
455.3 0
455.3 7
455.4 21
455.5 21
455.5 10
455.6 12
455.7 37
455.7 107
455.8 106
455.9 87
455.9 88
456.0 108
456.1 83
456.1 68
456.2 154
456.3 249
456.3 218
456.4 151
456.5 40
456.5 14
456.6 3
456.7 74
456.7 90
456.8 46
456.9 8
456.9 2
457.0 37
457.1 112
457.1 98
457.2 101
457.3 222
457.3 339
457.4 338
457.5 161
457.5 45
457.6 4
457.7 7
457.7 21
457.8 31
457.9 98
457.9 115
458.0 102
458.1 58
458.1 77
458.2 72
458.3 30
458.3 31
458.4 63
458.5 114
458.5 47
458.6 32
458.7 26
458.7 19
458.8 3
458.9 0
458.9 57
459.0 135
459.1 135
459.1 67
459.2 67
459.3 162
459.3 115
459.4 82
459.5 36
459.5 15
459.6 10
459.7 36
459.7 51
459.8 75
459.9 94
459.9 69
460.0 74
460.1 161
460.1 308
460.2 319
460.3 254
460.3 171
460.4 148
460.5 105
460.5 39
460.6 50
460.7 57
460.7 21
460.8 20
460.9 34
460.9 76
461.0 176
461.1 159
461.1 115
461.2 109
461.3 203
461.3 196
461.4 166
461.5 59
461.5 10
461.6 7
461.7 36
461.7 62
461.8 141
461.9 123
461.9 62
462.0 8
462.1 20
462.1 105
462.2 50
462.3 21
462.3 27
462.4 4
462.5 11
462.5 86
462.6 215
462.7 185
462.7 127
462.8 57
462.9 9
462.9 27
463.0 94
463.1 155
463.1 175
463.2 206
463.3 222
463.3 209
463.4 134
463.5 37
463.5 11
463.6 12
463.7 9
463.7 10
463.8 18
463.9 13
463.9 17
464.0 55
464.1 81
464.1 137
464.2 63
464.3 12
464.3 1
464.4 16
464.5 56
464.5 74
464.6 36
464.7 3
464.7 10
464.8 36
464.9 139
464.9 147
465.0 72
465.1 55
465.1 74
465.2 306
465.3 198
465.3 47
465.4 2
465.5 0
465.5 1
465.6 0
465.7 0
465.7 0
465.8 0
465.9 0
465.9 16
466.0 52
466.1 59
466.1 22
466.2 6
466.3 7
466.3 25
466.4 12
466.5 25
466.5 45
466.6 9
466.7 17
466.7 130
466.8 145
466.9 185
466.9 237
467.0 180
467.1 95
467.1 92
467.2 94
467.3 83
467.3 30
467.4 4
467.5 0
467.5 7
467.6 30
467.7 16
467.7 1
467.8 0
467.9 0
467.9 0
468.0 2
468.1 37
468.1 137
468.2 176
468.3 94
468.3 14
468.4 27
468.5 44
468.5 26
468.6 7
468.7 0
468.7 0
468.8 4
468.9 23
468.9 44
469.0 22
469.1 24
469.1 108
469.2 106
469.3 65
469.3 41
469.4 35
469.5 28
469.5 9
469.6 2
469.7 0
469.7 0
469.8 0
469.9 0
469.9 0
470.0 0
470.1 12
470.1 77
470.2 115
470.3 74
470.3 48
470.4 45
470.5 32
470.5 20
470.6 28
470.7 43
470.7 14
470.8 0
470.9 2
470.9 50
471.0 32
471.1 28
471.1 57
471.2 77
471.3 35
471.3 36
471.4 99
471.5 119
471.5 20
471.6 3
471.7 21
471.7 73
471.8 76
471.9 35
471.9 43
472.0 83
472.1 79
472.1 143
472.2 206
472.3 106
472.3 28
472.4 39
472.5 41
472.5 36
472.6 95
472.7 66
472.7 38
472.8 24
472.9 68
472.9 134
473.0 128
473.1 73
473.1 113
473.2 264
473.3 373
473.3 266
473.4 127
473.5 70
473.5 74
473.6 67
473.7 19
473.7 3
473.8 2
473.9 0
473.9 6
474.0 18
474.1 40
474.1 69
474.2 71
474.3 155
474.3 153
474.4 122
474.5 103
474.5 84
474.6 108
474.7 149
474.7 155
474.8 120
474.9 35
474.9 20
475.0 23
475.1 130
475.1 152
475.2 71
475.3 13
475.3 65
475.4 165
475.5 160
475.5 31
475.6 1
475.7 0
475.7 0
475.8 0
475.9 0
475.9 0
476.0 0
476.1 0
476.1 31
476.2 84
476.3 79
476.3 30
476.4 38
476.5 32
476.5 12
476.6 1
476.7 0
476.7 0
476.8 0
476.9 0
476.9 0
477.0 23
477.1 70
477.1 44
477.2 29
477.3 0
477.3 9
477.4 47
477.5 74
477.5 21
477.6 22
477.7 23
477.7 102
477.8 125
477.9 45
477.9 8
478.0 6
478.1 22
478.1 65
478.2 59
478.3 60
478.3 48
478.4 44
478.5 62
478.5 40
478.6 67
478.7 181
478.7 96
478.8 93
478.9 87
478.9 79
479.0 131
479.1 166
479.1 191
479.2 198
479.3 74
479.3 22
479.4 1
479.5 0
479.5 1
479.6 8
479.7 34
479.7 51
479.8 20
479.9 27
479.9 36
480.0 27
480.1 22
480.1 50
480.2 26
480.3 6
480.3 1
480.4 0
480.5 2
480.5 38
480.6 56
480.7 43
480.7 78
480.8 90
480.9 65
480.9 42
481.0 4
481.1 40
481.1 131
481.2 216
481.3 154
481.3 155
481.4 113
481.5 119
481.5 85
481.6 29
481.7 4
481.7 1
481.8 18
481.9 56
481.9 79
482.0 107
482.1 152
482.1 199
482.2 104
482.3 37
482.3 3
482.4 40
482.5 85
482.5 28
482.6 9
482.7 1
482.7 11
482.8 23
482.9 13
482.9 49
483.0 29
483.1 45
483.1 128
483.2 152
483.3 111
483.3 65
483.4 48
483.5 59
483.5 43
483.6 14
483.7 1
483.7 0
483.8 0
483.9 0
483.9 0
484.0 0
484.1 56
484.1 81
484.2 54
484.3 55
484.3 32
484.4 5
484.5 0
484.5 0
484.6 0
484.7 0
484.7 3
484.8 35
484.9 95
484.9 73
485.0 62
485.1 90
485.1 112
485.2 144
485.3 171
485.3 100
485.4 39
485.5 18
485.5 4
485.6 9
485.7 12
485.7 4
485.8 0
485.9 11
485.9 59
486.0 99
486.1 76
486.1 108
486.2 195
486.3 153
486.3 44
486.4 21
486.5 56
486.5 63
486.6 31
486.7 5
486.7 20
486.8 62
486.9 93
486.9 77
487.0 90
487.1 71
487.1 92
487.2 81
487.3 80
487.3 45
487.4 31
487.5 29
487.5 14
487.6 3
487.7 0
487.7 11
487.8 31
487.9 33
487.9 11
488.0 113
488.1 153
488.1 71
488.2 46
488.3 66
488.3 51
488.4 32
488.5 23
488.5 29
488.6 36
488.7 38
488.7 72
488.8 80
488.9 112
488.9 168
489.0 152
489.1 257
489.1 283
489.2 104
489.3 15
489.3 0
489.4 0
489.5 15
489.5 39
489.6 9
489.7 0
489.7 0
489.8 0
489.9 8
489.9 21
490.0 3
490.1 0
490.1 33
490.2 53
490.3 60
490.3 112
490.4 99
490.5 26
490.5 1
490.6 0
490.7 4
490.7 20
490.8 41
490.9 135
490.9 215
491.0 139
491.1 81
491.1 78
491.2 99
491.3 44
491.3 177
491.4 261
491.5 212
491.5 49
491.6 53
491.7 13
491.7 1
491.8 6
491.9 18
491.9 25
492.0 29
492.1 14
492.1 19
492.2 16
492.3 5
492.3 0
492.4 0
492.5 0
492.5 39
492.6 104
492.7 62
492.7 67
492.8 65
492.9 18
492.9 32
493.0 89
493.1 65
493.1 13
493.2 1
493.3 8
493.3 62
493.4 116
493.5 108
493.5 59
493.6 23
493.7 55
493.7 142
493.8 141
493.9 5
493.9 16
494.0 29
494.1 29
494.1 20
494.2 37
494.3 57
494.3 47
494.4 20
494.5 0
494.5 0
494.6 0
494.7 4
494.7 53
494.8 123
494.9 119
494.9 61
495.0 57
495.1 121
495.1 110
495.2 75
495.3 58
495.3 51
495.4 40
495.5 41
495.5 20
495.6 10
495.7 15
495.7 13
495.8 4
495.9 0
495.9 27
496.0 114
496.1 153
496.1 122
496.2 243
496.3 171
496.3 90
496.4 144
496.5 132
496.5 82
496.6 68
496.7 67
496.7 21
496.8 21
496.9 17
496.9 43
497.0 54
497.1 111
497.1 141
497.2 126
497.3 189
497.3 183
497.4 134
497.5 53
497.5 26
497.6 78
497.7 165
497.7 155
497.8 48
497.9 4
497.9 0
498.0 23
498.1 122
498.1 73
498.2 15
498.3 3
498.3 0
498.4 0
498.5 52
498.5 45
498.6 13
498.7 6
498.7 14
498.8 57
498.9 54
498.9 78
499.0 161
499.1 89
499.1 27
499.2 18
499.3 30
499.3 28
499.4 12
499.5 3
499.5 12
499.6 31
499.7 28
499.7 8
499.8 0
499.9 0
499.9 20
500.0 143
500.1 137
500.1 85
500.2 80
500.3 71
500.3 60
500.4 17
500.5 4
500.5 48
500.6 162
500.7 215
500.7 192
500.8 120
500.9 3
500.9 22
501.0 154
501.1 216
501.1 129
501.2 94
501.3 59
501.3 50
501.4 112
501.5 122
501.5 48
501.6 27
501.7 70
501.7 69
501.8 67
501.9 107
501.9 108
502.0 74
502.1 50
502.1 76
502.2 47
502.3 15
502.3 11
502.4 4
502.5 5
502.5 19
502.6 42
502.7 49
502.7 94
502.8 67
502.9 46
502.9 48
503.0 49
503.1 57
503.1 46
503.2 64
503.3 60
503.3 78
503.4 78
503.5 60
503.5 40
503.6 45
503.7 54
503.7 62
503.8 45
503.9 44
503.9 23
504.0 33
504.1 61
504.1 77
504.2 86
504.3 98
504.3 166
504.4 134
504.5 67
504.5 51
504.6 127
504.7 210
504.7 183
504.8 332
504.9 289
504.9 211
505.0 383
505.1 438
505.1 264
505.2 251
505.3 255
505.3 149
505.4 67
505.5 69
505.5 73
505.6 77
505.7 76
505.7 66
505.8 48
505.9 23
505.9 23
506.0 44
506.1 37
506.1 41
506.2 104
506.3 93
506.3 53
506.4 54
506.5 68
506.5 33
506.6 8
506.7 111
506.7 160
506.8 213
506.9 239
506.9 132
507.0 93
507.1 157
507.1 88
507.2 83
507.3 119
507.3 124
507.4 105
507.5 46
507.5 3
507.6 8
507.7 43
507.7 44
507.8 22
507.9 19
507.9 41
508.0 84
508.1 93
508.1 51
508.2 11
508.3 7
508.3 21
508.4 15
508.5 4
508.5 1
508.6 62
508.7 97
508.7 62
508.8 21
508.9 15
508.9 14
509.0 30
509.1 51
509.1 36
509.2 37
509.3 40
509.3 70
509.4 28
509.5 32
509.5 64
509.6 49
509.7 2
509.7 0
509.8 0
509.9 0
509.9 0
510.0 5
510.1 25
510.1 114
510.2 197
510.3 213
510.3 63
510.4 64
510.5 34
510.5 0
510.6 0
510.7 0
510.7 0
510.8 29
510.9 64
510.9 28
511.0 23
511.1 75
511.1 141
511.2 93
511.3 14
511.3 4
511.4 16
511.5 48
511.5 36
511.6 57
511.7 87
511.7 31
511.8 3
511.9 0
511.9 0
512.0 30
512.1 77
512.1 112
512.2 202
512.3 257
512.3 142
512.4 39
512.5 8
512.5 1
512.6 0
512.7 11
512.7 33
512.8 30
512.9 17
512.9 22
513.0 19
513.1 20
513.1 62
513.2 77
513.3 115
513.3 118
513.4 66
513.5 46
513.5 53
513.6 29
513.7 15
513.7 28
513.8 21
513.9 0
513.9 0
514.0 0
514.1 0
514.1 33
514.2 103
514.3 149
514.3 166
514.4 132
514.5 99
514.5 225
514.6 235
514.7 142
514.7 77
514.8 69
514.9 24
514.9 3
515.0 6
515.1 26
515.1 57
515.2 111
515.3 91
515.3 140
515.4 159
515.5 92
515.5 61
515.6 70
515.7 37
515.7 7
515.8 0
515.9 0
515.9 0
516.0 3
516.1 30
516.1 101
516.2 95
516.3 85
516.3 39
516.4 71
516.5 91
516.5 54
516.6 52
516.7 53
516.7 52
516.8 92
516.9 144
516.9 296
517.0 343
517.1 294
517.1 283
517.2 424
517.3 571
517.3 457
517.4 293
517.5 125
517.5 118
517.6 111
517.7 13
517.7 13
517.8 29
517.9 25
517.9 132
518.0 165
518.1 131
518.1 90
518.2 102
518.3 12
518.3 0
518.4 0
518.5 0
518.5 11
518.6 30
518.7 30
518.7 12
518.8 8
518.9 44
518.9 82
519.0 67
519.1 34
519.1 12
519.2 6
519.3 18
519.3 22
519.4 14
519.5 6
519.5 2
519.6 5
519.7 17
519.7 15
519.8 5
519.9 16
519.9 46
520.0 57
520.1 93
520.1 101
520.2 100
520.3 98
520.3 53
520.4 54
520.5 50
520.5 55
520.6 69
520.7 152
520.7 147
520.8 42
520.9 27
520.9 31
521.0 30
521.1 96
521.1 178
521.2 214
521.3 292
521.3 335
521.4 347
521.5 224
521.5 77
521.6 48
521.7 20
521.7 1
521.8 28
521.9 166
521.9 187
522.0 83
522.1 66
522.1 115
522.2 76
522.3 87
522.3 140
522.4 201
522.5 264
522.5 285
522.6 351
522.7 259
522.7 216
522.8 453
522.9 806
522.9 986
523.0 777
523.1 653
523.1 758
523.2 748
523.3 558
523.3 368
523.4 307
523.5 292
523.5 133
523.6 67
523.7 70
523.7 40
523.8 77
523.9 156
523.9 130
524.0 61
524.1 14
524.1 11
524.2 35
524.3 56
524.3 42
524.4 34
524.5 44
524.5 47
524.6 28
524.7 83
524.7 76
524.8 38
524.9 46
524.9 48
525.0 40
525.1 97
525.1 163
525.2 205
525.3 181
525.3 95
525.4 28
525.5 0
525.5 0
525.6 0
525.7 7
525.7 21
525.8 19
525.9 0
525.9 12
526.0 31
526.1 24
526.1 7
526.2 23
526.3 71
526.3 92
526.4 47
526.5 8
526.5 1
526.6 0
526.7 0
526.7 3
526.8 28
526.9 68
526.9 69
527.0 52
527.1 98
527.1 78
527.2 50
527.3 75
527.3 103
527.4 56
527.5 10
527.5 37
527.6 125
527.7 181
527.7 90
527.8 34
527.9 31
527.9 86
528.0 52
528.1 13
528.1 8
528.2 19
528.3 45
528.3 77
528.4 108
528.5 172
528.5 125
528.6 44
528.7 12
528.7 33
528.8 109
528.9 149
528.9 88
529.0 17
529.1 1
529.1 0
529.2 15
529.3 49
529.3 95
529.4 155
529.5 178
529.5 52
529.6 39
529.7 25
529.7 4
529.8 18
529.9 46
529.9 32
530.0 24
530.1 53
530.1 38
530.2 31
530.3 49
530.3 59
530.4 13
530.5 0
530.5 0
530.6 1
530.7 5
530.7 27
530.8 58
530.9 89
530.9 109
531.0 32
531.1 14
531.1 14
531.2 5
531.3 25
531.3 101
531.4 127
531.5 80
531.5 13
531.6 0
531.7 0
531.7 12
531.8 67
531.9 38
531.9 10
532.0 62
532.1 141
532.1 103
532.2 70
532.3 78
532.3 131
532.4 208
532.5 184
532.5 83
532.6 29
532.7 15
532.7 21
532.8 81
532.9 53
532.9 38
533.0 50
533.1 97
533.1 127
533.2 152
533.3 96
533.3 74
533.4 58
533.5 68
533.5 20
533.6 1
533.7 0
533.7 0
533.8 9
533.9 20
533.9 5
534.0 28
534.1 55
534.1 43
534.2 28
534.3 49
534.3 96
534.4 70
534.5 18
534.5 40
534.6 32
534.7 58
534.7 59
534.8 27
534.9 62
534.9 179
535.0 247
535.1 155
535.1 73
535.2 75
535.3 130
535.3 107
535.4 30
535.5 3
535.5 7
535.6 20
535.7 28
535.7 24
535.8 10
535.9 39
535.9 97
536.0 145
536.1 95
536.1 20
536.2 18
536.3 20
536.3 9
536.4 9
536.5 23
536.5 4
536.6 0
536.7 0
536.7 0
536.8 0
536.9 0
536.9 19
537.0 29
537.1 17
537.1 10
537.2 35
537.3 59
537.3 82
537.4 53
537.5 14
537.5 1
537.6 0
537.7 0
537.7 0
537.8 0
537.9 29
537.9 72
538.0 82
538.1 57
538.1 41
538.2 81
538.3 124
538.3 94
538.4 51
538.5 15
538.5 20
538.6 55
538.7 47
538.7 13
538.8 4
538.9 6
538.9 19
539.0 149
539.1 301
539.1 289
539.2 195
539.3 219
539.3 278
539.4 165
539.5 74
539.5 38
539.6 20
539.7 0
539.7 0
539.8 11
539.9 28
539.9 23
540.0 19
540.1 50
540.1 37
540.2 8
540.3 1
540.3 11
540.4 32
540.5 38
540.5 52
540.6 68
540.7 123
540.7 120
540.8 48
540.9 0
540.9 8
541.0 27
541.1 17
541.1 13
541.2 11
541.3 16
541.3 19
541.4 23
541.5 94
541.5 117
541.6 30
541.7 4
541.7 55
541.8 45
541.9 12
541.9 2
542.0 46
542.1 91
542.1 16
542.2 41
542.3 65
542.3 57
542.4 55
542.5 36
542.5 33
542.6 75
542.7 129
542.7 112
542.8 44
542.9 17
542.9 123
543.0 106
543.1 45
543.1 99
543.2 218
543.3 217
543.3 261
543.4 193
543.5 88
543.5 17
543.6 4
543.7 3
543.7 12
543.8 40
543.9 125
543.9 183
544.0 236
544.1 99
544.1 13
544.2 1
544.3 9
544.3 33
544.4 168
544.5 231
544.5 135
544.6 120
544.7 60
544.7 15
544.8 1
544.9 0
544.9 0
545.0 0
545.1 6
545.1 114
545.2 157
545.3 94
545.3 50
545.4 44
545.5 34
545.5 74
545.6 71
545.7 43
545.7 46
545.8 138
545.9 112
545.9 58
546.0 29
546.1 54
546.1 130
546.2 155
546.3 116
546.3 48
546.4 40
546.5 33
546.5 12
546.6 1
546.7 1
546.7 9
546.8 45
546.9 25
546.9 5
547.0 4
547.1 35
547.1 132
547.2 152
547.3 187
547.3 188
547.4 130
547.5 55
547.5 103
547.6 100
547.7 43
547.7 16
547.8 16
547.9 74
547.9 108
548.0 60
548.1 73
548.1 125
548.2 85
548.3 10
548.3 33
548.4 116
548.5 309
548.5 161
548.6 25
548.7 1
548.7 25
548.8 58
548.9 25
548.9 57
549.0 61
549.1 65
549.1 56
549.2 23
549.3 62
549.3 72
549.4 42
549.5 71
549.5 40
549.6 6
549.7 0
549.7 0
549.8 2
549.9 18
549.9 48
550.0 42
550.1 16
550.1 29
550.2 81
550.3 143
550.3 162
550.4 164
550.5 87
550.5 20
550.6 65
550.7 98
550.7 161
550.8 206
550.9 114
550.9 90
551.0 74
551.1 76
551.1 149
551.2 137
551.3 43
551.3 47
551.4 83
551.5 91
551.5 44
551.6 0
551.7 0
551.7 0
551.8 0
551.9 0
551.9 0
552.0 0
552.1 17
552.1 96
552.2 104
552.3 56
552.3 32
552.4 92
552.5 191
552.5 142
552.6 73
552.7 8
552.7 7
552.8 17
552.9 4
552.9 15
553.0 39
553.1 109
553.1 149
553.2 83
553.3 145
553.3 198
553.4 165
553.5 84
553.5 25
553.6 42
553.7 30
553.7 0
553.8 0
553.9 0
553.9 1
554.0 15
554.1 14
554.1 80
554.2 96
554.3 63
554.3 10
554.4 3
554.5 21
554.5 22
554.6 35
554.7 16
554.7 15
554.8 56
554.9 95
554.9 152
555.0 98
555.1 96
555.1 78
555.2 83
555.3 77
555.3 90
555.4 82
555.5 7
555.5 0
555.6 0
555.7 0
555.7 26
555.8 91
555.9 124
555.9 97
556.0 112
556.1 272
556.1 312
556.2 183
556.3 115
556.3 121
556.4 144
556.5 91
556.5 132
556.6 99
556.7 21
556.7 2
556.8 0
556.9 6
556.9 40
557.0 137
557.1 150
557.1 95
557.2 53
557.3 104
557.3 78
557.4 30
557.5 14
557.5 4
557.6 24
557.7 46
557.7 113
557.8 73
557.9 36
557.9 122
558.0 186
558.1 121
558.1 34
558.2 28
558.3 69
558.3 76
558.4 25
558.5 1
558.5 0
558.6 0
558.7 0
558.7 6
558.8 17
558.9 4
558.9 7
559.0 23
559.1 73
559.1 125
559.2 92
559.3 138
559.3 121
559.4 74
559.5 56
559.5 29
559.6 34
559.7 27
559.7 47
559.8 43
559.9 32
559.9 34
560.0 7
560.1 1
560.1 2
560.2 24
560.3 47
560.3 18
560.4 32
560.5 57
560.5 37
560.6 60
560.7 110
560.7 180
560.8 238
560.9 256
560.9 362
561.0 574
561.1 951
561.1 1246
561.2 1641
561.3 1912
561.3 1886
561.4 1557
561.5 904
561.5 276
561.6 164
561.7 148
561.7 72
561.8 16
561.9 32
561.9 56
562.0 64
562.1 199
562.1 160
562.2 49
562.3 27
562.3 16
562.4 1
562.5 20
562.5 60
562.6 68
562.7 4
562.7 1
562.8 38
562.9 128
562.9 90
563.0 23
563.1 4
563.1 59
563.2 77
563.3 39
563.3 7
563.4 2
563.5 0
563.5 0
563.6 0
563.7 54
563.7 76
563.8 20
563.9 2
563.9 1
564.0 6
564.1 15
564.1 24
564.2 40
564.3 18
564.3 3
564.4 0
564.5 0
564.5 15
564.6 23
564.7 25
564.7 28
564.8 31
564.9 114
564.9 168
565.0 196
565.1 188
565.1 137
565.2 127
565.3 109
565.3 35
565.4 12
565.5 28
565.5 26
565.6 42
565.7 32
565.7 0
565.8 0
565.9 14
565.9 15
566.0 6
566.1 1
566.1 0
566.2 0
566.3 10
566.3 138
566.4 278
566.5 208
566.5 70
566.6 9
566.7 1
566.7 0
566.8 1
566.9 10
566.9 28
567.0 35
567.1 25
567.1 34
567.2 52
567.3 36
567.3 1
567.4 0
567.5 0
567.5 0
567.6 0
567.7 3
567.7 21
567.8 30
567.9 6
567.9 3
568.0 0
568.1 21
568.1 109
568.2 205
568.3 152
568.3 72
568.4 47
568.5 99
568.5 106
568.6 69
568.7 30
568.7 45
568.8 113
568.9 112
568.9 25
569.0 4
569.1 53
569.1 139
569.2 149
569.3 120
569.3 117
569.4 113
569.5 157
569.5 71
569.6 13
569.7 2
569.7 4
569.8 29
569.9 49
569.9 36
570.0 1
570.1 5
570.1 18
570.2 32
570.3 38
570.3 33
570.4 29
570.5 20
570.5 49
570.6 80
570.7 82
570.7 125
570.8 92
570.9 119
570.9 109
571.0 180
571.1 200
571.1 139
571.2 79
571.3 96
571.3 85
571.4 41
571.5 8
571.5 11
571.6 33
571.7 32
571.7 11
571.8 55
571.9 82
571.9 56
572.0 58
572.1 117
572.1 132
572.2 65
572.3 42
572.3 81
572.4 108
572.5 74
572.5 51
572.6 62
572.7 19
572.7 49
572.8 76
572.9 111
572.9 132
573.0 84
573.1 48
573.1 148
573.2 307
573.3 246
573.3 140
573.4 152
573.5 88
573.5 37
573.6 20
573.7 18
573.7 7
573.8 8
573.9 44
573.9 79
574.0 52
574.1 12
574.1 0
574.2 5
574.3 14
574.3 11
574.4 3
574.5 0
574.5 0
574.6 7
574.7 28
574.7 43
574.8 52
574.9 36
574.9 16
575.0 26
575.1 36
575.1 24
575.2 68
575.3 59
575.3 164
575.4 203
575.5 106
575.5 33
575.6 28
575.7 20
575.7 5
575.8 108
575.9 190
575.9 122
576.0 34
576.1 3
576.1 2
576.2 1
576.3 12
576.3 30
576.4 26
576.5 24
576.5 10
576.6 1
576.7 0
576.7 60
576.8 155
576.9 140
576.9 88
577.0 97
577.1 82
577.1 3
577.2 27
577.3 36
577.3 60
577.4 72
577.5 37
577.5 0
577.6 4
577.7 42
577.7 27
577.8 7
577.9 1
577.9 0
578.0 12
578.1 16
578.1 41
578.2 65
578.3 10
578.3 2
578.4 52
578.5 66
578.5 32
578.6 6
578.7 2
578.7 9
578.8 39
578.9 126
578.9 193
579.0 81
579.1 81
579.1 110
579.2 150
579.3 252
579.3 210
579.4 161
579.5 132
579.5 45
579.6 10
579.7 0
579.7 0
579.8 0
579.9 0
579.9 0
580.0 0
580.1 1
580.1 81
580.2 167
580.3 133
580.3 87
580.4 163
580.5 169
580.5 53
580.6 12
580.7 42
580.7 24
580.8 11
580.9 26
580.9 49
581.0 76
581.1 96
581.1 73
581.2 27
581.3 17
581.3 26
581.4 9
581.5 20
581.5 89
581.6 42
581.7 9
581.7 2
581.8 0
581.9 0
581.9 4
582.0 12
582.1 32
582.1 113
582.2 197
582.3 104
582.3 25
582.4 32
582.5 13
582.5 2
582.6 0
582.7 0
582.7 4
582.8 27
582.9 44
582.9 38
583.0 27
583.1 43
583.1 84
583.2 113
583.3 52
583.3 34
583.4 54
583.5 53
583.5 43
583.6 37
583.7 18
583.7 4
583.8 0
583.9 0
583.9 25
584.0 64
584.1 18
584.1 11
584.2 1
584.3 0
584.3 14
584.4 10
584.5 2
584.5 0
584.6 0
584.7 0
584.7 0
584.8 9
584.9 26
584.9 38
585.0 104
585.1 189
585.1 204
585.2 165
585.3 166
585.3 166
585.4 97
585.5 40
585.5 19
585.6 14
585.7 15
585.7 26
585.8 4
585.9 0
585.9 7
586.0 26
586.1 27
586.1 32
586.2 55
586.3 42
586.3 72
586.4 79
586.5 66
586.5 38
586.6 13
586.7 0
586.7 0
586.8 23
586.9 115
586.9 221
587.0 162
587.1 61
587.1 9
587.2 16
587.3 32
587.3 90
587.4 45
587.5 58
587.5 131
587.6 73
587.7 57
587.7 92
587.8 67
587.9 19
587.9 1
588.0 0
588.1 0
588.1 0
588.2 23
588.3 70
588.3 137
588.4 159
588.5 67
588.5 3
588.6 0
588.7 0
588.7 0
588.8 0
588.9 2
588.9 13
589.0 55
589.1 102
589.1 87
589.2 106
589.3 87
589.3 43
589.4 9
589.5 2
589.5 0
589.6 11
589.7 37
589.7 19
589.8 17
589.9 37
589.9 103
590.0 75
590.1 51
590.1 34
590.2 9
590.3 0
590.3 0
590.4 0
590.5 0
590.5 0
590.6 0
590.7 5
590.7 64
590.8 136
590.9 49
590.9 5
591.0 2
591.1 16
591.1 41
591.2 58
591.3 57
591.3 49
591.4 63
591.5 112
591.5 121
591.6 63
591.7 14
591.7 2
591.8 2
591.9 4
591.9 9
592.0 13
592.1 15
592.1 46
592.2 49
592.3 4
592.3 2
592.4 0
592.5 21
592.5 49
592.6 17
592.7 2
592.7 0
592.8 0
592.9 19
592.9 25
593.0 51
593.1 107
593.1 96
593.2 47
593.3 68
593.3 50
593.4 21
593.5 1
593.5 0
593.6 0
593.7 0
593.7 1
593.8 7
593.9 22
593.9 13
594.0 21
594.1 54
594.1 74
594.2 59
594.3 42
594.3 25
594.4 8
594.5 2
594.5 0
594.6 19
594.7 143
594.7 158
594.8 163
594.9 84
594.9 47
595.0 72
595.1 167
595.1 253
595.2 198
595.3 169
595.3 169
595.4 118
595.5 49
595.5 67
595.6 57
595.7 56
595.7 138
595.8 182
595.9 108
595.9 34
596.0 98
596.1 68
596.1 97
596.2 109
596.3 138
596.3 102
596.4 102
596.5 123
596.5 82
596.6 11
596.7 48
596.7 129
596.8 140
596.9 94
596.9 209
597.0 361
597.1 411
597.1 399
597.2 377
597.3 285
597.3 211
597.4 231
597.5 419
597.5 444
597.6 217
597.7 96
597.7 81
597.8 14
597.9 1
597.9 6
598.0 62
598.1 165
598.1 279
598.2 310
598.3 204
598.3 147
598.4 91
598.5 59
598.5 65
598.6 26
598.7 16
598.7 16
598.8 115
598.9 132
598.9 150
599.0 221
599.1 182
599.1 105
599.2 70
599.3 44
599.3 62
599.4 54
599.5 33
599.5 8
599.6 0
599.7 0
599.7 8
599.8 48
599.9 63
599.9 40
600.0 23
600.1 36
600.1 34
600.2 17
600.3 108
600.3 151
600.4 77
600.5 20
600.5 1
600.6 0
600.7 0
600.7 10
600.8 8
600.9 8
600.9 26
601.0 58
601.1 63
601.1 35
601.2 51
601.3 60
601.3 64
601.4 98
601.5 108
601.5 40
601.6 9
601.7 21
601.7 20
601.8 76
601.9 81
601.9 67
602.0 63
602.1 17
602.1 0
602.2 0
602.3 17
602.3 38
602.4 11
602.5 8
602.5 20
602.6 6
602.7 1
602.7 0
602.8 0
602.9 0
602.9 2
603.0 2
603.1 98
603.1 153
603.2 138
603.3 85
603.3 27
603.4 3
603.5 0
603.5 21
603.6 106
603.7 162
603.7 127
603.8 51
603.9 30
603.9 22
604.0 28
604.1 61
604.1 181
604.2 100
604.3 23
604.3 59
604.4 68
604.5 61
604.5 167
604.6 257
604.7 385
604.7 635
604.8 678
604.9 960
604.9 1801
605.1 3273
605.1 4343
605.1 5178
605.2 5681
605.0 5806
605.3 5450
605.4 4731
605.5 3508
605.5 2171
605.6 1286
605.7 795
605.7 455
605.8 272
605.9 69
605.9 69
606.0 46
606.1 60
606.1 75
606.2 70
606.3 124
606.3 164
606.4 163
606.5 67
606.5 22
606.6 7
606.7 1
606.7 0
606.8 7
606.9 46
606.9 48
607.0 64
607.1 100
607.1 102
607.2 47
607.3 21
607.3 21
607.4 3
607.5 1
607.5 0
607.6 1
607.7 9
607.7 30
607.8 14
607.9 7
607.9 12
608.0 9
608.1 3
608.1 18
608.2 61
608.3 63
608.3 25
608.4 8
608.5 2
608.5 0
608.6 0
608.7 30
608.7 89
608.8 85
608.9 30
608.9 13
609.0 22
609.1 51
609.1 112
609.2 103
609.3 67
609.3 96
609.4 103
609.5 56
609.5 20
609.6 44
609.7 32
609.7 37
609.8 10
609.9 3
609.9 12
610.0 50
610.1 85
610.1 86
610.2 47
610.3 38
610.3 109
610.4 63
610.5 24
610.5 1
610.6 8
610.7 35
610.7 35
610.8 51
610.9 44
610.9 63
611.0 139
611.1 89
611.1 37
611.2 59
611.3 72
611.3 57
611.4 33
611.5 19
611.5 14
611.6 6
611.7 0
611.7 3
611.8 40
611.9 118
611.9 45
612.0 16
612.1 91
612.1 152
612.2 188
612.3 175
612.3 128
612.4 78
612.5 39
612.5 0
612.6 0
612.7 1
612.7 19
612.8 57
612.9 37
612.9 36
613.0 58
613.1 87
613.1 128
613.2 155
613.3 147
613.3 148
613.4 114
613.5 243
613.5 184
613.6 105
613.7 76
613.7 21
613.8 2
613.9 5
613.9 33
614.0 65
614.1 62
614.1 37
614.2 31
614.3 59
614.3 70
614.4 14
614.5 0
614.5 0
614.6 17
614.7 94
614.7 90
614.8 109
614.9 131
614.9 129
615.0 131
615.1 99
615.1 105
615.2 61
615.3 17
615.3 7
615.4 1
615.5 17
615.5 16
615.6 4
615.7 0
615.7 14
615.8 40
615.9 44
615.9 19
616.0 4
616.1 0
616.1 0
616.2 0
616.3 0
616.3 19
616.4 24
616.5 11
616.5 2
616.6 1
616.7 13
616.7 57
616.8 90
616.9 29
616.9 24
617.0 5
617.1 2
617.1 47
617.2 90
617.3 25
617.3 29
617.4 105
617.5 147
617.5 93
617.6 49
617.7 102
617.7 137
617.8 64
617.9 21
617.9 3
618.0 1
618.1 0
618.1 6
618.2 45
618.3 57
618.3 26
618.4 6
618.5 0
618.5 0
618.6 21
618.7 53
618.7 42
618.8 11
618.9 16
618.9 55
619.0 80
619.1 74
619.1 64
619.2 10
619.3 0
619.3 0
619.4 0
619.5 0
619.5 0
619.6 0
619.7 0
619.7 0
619.8 9
619.9 23
619.9 39
620.0 60
620.1 66
620.1 125
620.2 185
620.3 112
620.3 46
620.4 101
620.5 120
620.5 68
620.6 34
620.7 67
620.7 45
620.8 9
620.9 14
620.9 76
621.0 157
621.1 114
621.1 122
621.2 107
621.3 113
621.3 168
621.4 142
621.5 57
621.5 14
621.6 3
621.7 0
621.7 10
621.8 34
621.9 39
621.9 12
622.0 1
622.1 0
622.1 0
622.2 13
622.3 92
622.3 99
622.4 175
622.5 223
622.5 69
622.6 6
622.7 25
622.7 107
622.8 114
622.9 52
622.9 64
623.0 64
623.1 68
623.1 77
623.2 194
623.3 295
623.3 186
623.4 74
623.5 160
623.5 198
623.6 120
623.7 63
623.7 102
623.8 92
623.9 19
623.9 31
624.0 123
624.1 190
624.1 134
624.2 133
624.3 142
624.3 76
624.4 43
624.5 49
624.5 74
624.6 86
624.7 34
624.7 33
624.8 15
624.9 29
624.9 95
625.0 141
625.1 127
625.1 347
625.2 334
625.3 264
625.3 247
625.4 252
625.5 222
625.5 150
625.6 119
625.7 100
625.7 107
625.8 70
625.9 71
625.9 74
626.0 6
626.1 2
626.1 16
626.2 120
626.3 123
626.3 104
626.4 137
626.5 117
626.5 37
626.6 20
626.7 17
626.7 40
626.8 110
626.9 107
626.9 136
627.0 122
627.1 72
627.1 238
627.2 197
627.3 117
627.3 146
627.4 189
627.5 141
627.5 38
627.6 4
627.7 0
627.7 0
627.8 0
627.9 0
627.9 0
628.0 3
628.1 57
628.1 95
628.2 71
628.3 9
628.3 24
628.4 70
628.5 53
628.5 17
628.6 0
628.7 0
628.7 0
628.8 0
628.9 11
628.9 58
629.0 33
629.1 34
629.1 166
629.2 146
629.3 84
629.3 13
629.4 1
629.5 0
629.5 0
629.6 0
629.7 0
629.7 0
629.8 0
629.9 0
629.9 0
630.0 1
630.1 12
630.1 40
630.2 35
630.3 27
630.3 23
630.4 11
630.5 1
630.5 0
630.6 37
630.7 114
630.7 142
630.8 154
630.9 124
630.9 49
631.0 5
631.1 3
631.1 20
631.2 30
631.3 25
631.3 13
631.4 4
631.5 56
631.5 42
631.6 14
631.7 14
631.7 12
631.8 9
631.9 65
631.9 307
632.0 322
632.1 166
632.1 50
632.2 27
632.3 71
632.3 28
632.4 9
632.5 10
632.5 3
632.6 2
632.7 8
632.7 14
632.8 10
632.9 35
632.9 102
633.0 101
633.1 21
633.1 13
633.2 4
633.3 0
633.3 0
633.4 0
633.5 0
633.5 0
633.6 0
633.7 0
633.7 0
633.8 0
633.9 0
633.9 0
634.0 0
634.1 0
634.1 0
634.2 0
634.3 0
634.3 29
634.4 98
634.5 124
634.5 94
634.6 60
634.7 54
634.7 106
634.8 142
634.9 182
634.9 133
635.0 90
635.1 37
635.1 48
635.2 82
635.3 109
635.3 122
635.4 55
635.5 20
635.5 12
635.6 15
635.7 47
635.7 56
635.8 5
635.9 15
635.9 40
636.0 21
636.1 0
636.1 45
636.2 41
636.3 40
636.3 39
636.4 23
636.5 6
636.5 24
636.6 40
636.7 60
636.7 55
636.8 56
636.9 64
636.9 47
637.0 47
637.1 99
637.1 111
637.2 95
637.3 103
637.3 100
637.4 70
637.5 25
637.5 6
637.6 11
637.7 23
637.7 4
637.8 0
637.9 0
637.9 54
638.0 62
638.1 26
638.1 2
638.2 40
638.3 104
638.3 81
638.4 25
638.5 77
638.5 138
638.6 32
638.7 31
638.7 28
638.8 26
638.9 77
638.9 123
639.0 52
639.1 70
639.1 166
639.2 280
639.3 379
639.3 488
639.4 572
639.5 384
639.5 254
639.6 191
639.7 89
639.7 23
639.8 41
639.9 134
639.9 144
640.0 116
640.1 169
640.1 251
640.2 300
640.3 271
640.3 181
640.4 206
640.5 148
640.5 94
640.6 182
640.7 463
640.7 826
640.8 1425
640.9 2080
640.9 2793
641.1 3629
641.1 3976
641.1 3973
641.2 4124
641.0 4134
641.3 3500
641.4 2839
641.5 1812
641.5 860
641.6 322
641.7 132
641.7 42
641.8 21
641.9 22
641.9 21
642.0 10
642.1 3
642.1 24
642.2 67
642.3 39
642.3 29
642.4 58
642.5 36
642.5 17
642.6 4
642.7 1
642.7 0
642.8 0
642.9 33
642.9 94
643.0 91
643.1 34
643.1 4
643.2 20
643.3 24
643.3 10
643.4 32
643.5 25
643.5 6
643.6 0
643.7 0
643.7 0
643.8 0
643.9 0
643.9 0
644.0 0
644.1 0
644.1 0
644.2 0
644.3 0
644.3 0
644.4 0
644.5 0
644.5 0
644.6 0
644.7 0
644.7 0
644.8 0
644.9 0
644.9 0
645.0 0
645.1 0
645.1 0
645.2 1
645.3 27
645.3 79
645.4 88
645.5 27
645.5 4
645.6 1
645.7 0
645.7 0
645.8 0
645.9 9
645.9 57
646.0 112
646.1 69
646.1 45
646.2 41
646.3 109
646.3 194
646.4 163
646.5 190
646.5 155
646.6 67
646.7 10
646.7 1
646.8 1
646.9 0
646.9 0
647.0 6
647.1 19
647.1 40
647.2 55
647.3 62
647.3 73
647.4 52
647.5 199
647.5 167
647.6 70
647.7 12
647.7 8
647.8 13
647.9 41
647.9 41
648.0 28
648.1 67
648.1 186
648.2 345
648.3 336
648.3 287
648.4 260
648.5 164
648.5 105
648.6 107
648.7 29
648.7 5
648.8 25
648.9 95
648.9 139
649.0 283
649.1 336
649.1 252
649.2 292
649.3 340
649.3 457
649.4 451
649.5 252
649.5 143
649.6 84
649.7 63
649.7 55
649.8 88
649.9 121
649.9 118
650.0 56
650.1 83
650.1 152
650.2 115
650.3 22
650.3 60
650.4 145
650.5 67
650.5 74
650.6 62
650.7 23
650.7 51
650.8 92
650.9 99
650.9 89
651.0 152
651.1 322
651.1 369
651.2 282
651.3 218
651.3 304
651.4 350
651.5 315
651.5 305
651.6 336
651.7 515
651.7 818
651.8 1377
651.9 2011
651.9 2920
652.1 4287
652.1 5813
652.1 7455
652.2 8022
652.0 8465
652.3 8035
652.4 6500
652.5 4844
652.5 3128
652.6 2019
652.7 1305
652.7 802
652.8 847
652.9 1351
652.9 2081
653.0 3023
653.1 3748
653.1 4217
653.2 4807
653.3 5724
653.3 5620
653.4 4402
653.5 2864
653.5 1658
653.6 953
653.7 580
653.7 409
653.8 200
653.9 161
653.9 61
654.0 151
654.1 302
654.1 181
654.2 69
654.3 164
654.3 174
654.4 66
654.5 21
654.5 64
654.6 80
654.7 47
654.7 13
654.8 1
654.9 58
654.9 143
655.0 106
655.1 94
655.1 180
655.2 158
655.3 127
655.3 90
655.4 103
655.5 165
655.5 94
655.6 58
655.7 54
655.7 35
655.8 10
655.9 33
655.9 33
656.0 1
656.1 0
656.1 14
656.2 54
656.3 93
656.3 90
656.4 40
656.5 100
656.5 163
656.6 113
656.7 35
656.7 6
656.8 0
656.9 0
656.9 0
657.0 6
657.1 35
657.1 53
657.2 70
657.3 70
657.3 68
657.4 73
657.5 46
657.5 39
657.6 35
657.7 12
657.7 2
657.8 27
657.9 86
657.9 45
658.0 78
658.1 107
658.1 65
658.2 14
658.3 34
658.3 90
658.4 84
658.5 63
658.5 51
658.6 16
658.7 0
658.7 13
658.8 26
658.9 22
658.9 6
659.0 0
659.1 24
659.1 39
659.2 43
659.3 57
659.3 38
659.4 14
659.5 1
659.5 0
659.6 0
659.7 0
659.7 0
659.8 0
659.9 0
659.9 0
660.0 0
660.1 0
660.1 40
660.2 110
660.3 99
660.3 4
660.4 1
660.5 0
660.5 9
660.6 57
660.7 147
660.7 137
660.8 48
660.9 0
660.9 0
661.0 2
661.1 6
661.1 20
661.2 27
661.3 13
661.3 19
661.4 108
661.5 104
661.5 40
661.6 5
661.7 60
661.7 155
661.8 251
661.9 230
661.9 82
662.0 10
662.1 2
662.1 0
662.2 1
662.3 10
662.3 87
662.4 144
662.5 88
662.5 22
662.6 73
662.7 116
662.7 85
662.8 53
662.9 214
662.9 216
663.0 62
663.1 47
663.1 86
663.2 67
663.3 88
663.3 21
663.4 70
663.5 153
663.5 161
663.6 100
663.7 112
663.7 147
663.8 97
663.9 29
663.9 2
664.0 8
664.1 15
664.1 11
664.2 1
664.3 26
664.3 76
664.4 21
664.5 1
664.5 0
664.6 0
664.7 0
664.7 0
664.8 0
664.9 0
664.9 0
665.0 0
665.1 0
665.1 0
665.2 0
665.3 7
665.3 22
665.4 23
665.5 9
665.5 0
665.6 0
665.7 0
665.7 11
665.8 97
665.9 259
665.9 368
666.0 277
666.1 273
666.1 429
666.2 451
666.3 586
666.3 838
666.4 856
666.5 694
666.5 653
666.6 555
666.7 745
666.7 990
666.8 950
666.9 988
666.9 1410
667.1 1672
667.1 2058
667.1 2245
667.2 2368
667.0 2809
667.3 2781
667.4 2358
667.5 2048
667.5 1403
667.6 758
667.7 366
667.7 278
667.8 256
667.9 227
667.9 289
668.0 220
668.1 246
668.1 407
668.2 415
668.3 426
668.3 592
668.4 666
668.5 606
668.5 402
668.6 205
668.7 137
668.7 183
668.8 306
668.9 461
668.9 391
669.0 232
669.1 230
669.1 246
669.2 184
669.3 183
669.3 259
669.4 197
669.5 134
669.5 128
669.6 51
669.7 15
669.7 55
669.8 92
669.9 69
669.9 59
670.0 83
670.1 47
670.1 7
670.2 38
670.3 115
670.3 136
670.4 48
670.5 4
670.5 0
670.6 0
670.7 5
670.7 28
670.8 28
670.9 6
670.9 0
671.0 0
671.1 13
671.1 35
671.2 13
671.3 3
671.3 17
671.4 52
671.5 30
671.5 14
671.6 40
671.7 25
671.7 5
671.8 17
671.9 70
671.9 95
672.0 50
672.1 8
672.1 37
672.2 41
672.3 17
672.3 5
672.4 22
672.5 36
672.5 9
672.6 0
672.7 0
672.7 0
672.8 0
672.9 0
672.9 0
673.0 0
673.1 0
673.1 0
673.2 183
673.3 162
673.3 65
673.4 22
673.5 25
673.5 26
673.6 14
673.7 2
673.7 0
673.8 0
673.9 0
673.9 12
674.0 38
674.1 66
674.1 43
674.2 24
674.3 40
674.3 33
674.4 3
674.5 0
674.5 0
674.6 0
674.7 0
674.7 0
674.8 28
674.9 99
674.9 119
675.0 61
675.1 28
675.1 88
675.2 177
675.3 166
675.3 63
675.4 181
675.5 221
675.5 106
675.6 72
675.7 138
675.7 123
675.8 99
675.9 45
675.9 30
676.0 82
676.1 109
676.1 70
676.2 131
676.3 261
676.3 368
676.4 178
676.5 106
676.5 67
676.6 38
676.7 12
676.7 23
676.8 56
676.9 46
676.9 0
677.0 0
677.1 0
677.1 0
677.2 0
677.3 0
677.3 0
677.4 0
677.5 1
677.5 73
677.6 71
677.7 26
677.7 2
677.8 0
677.9 0
677.9 0
678.0 0
678.1 0
678.1 0
678.2 0
678.3 0
678.3 0
678.4 0
678.5 0
678.5 0
678.6 0
678.7 0
678.7 0
678.8 0
678.9 0
678.9 11
679.0 54
679.1 65
679.1 5
679.2 0
679.3 0
679.3 0
679.4 0
679.5 0
679.5 0
679.6 0
679.7 0
679.7 0
679.8 0
679.9 0
679.9 0
680.0 0
680.1 0
680.1 0
680.2 0
680.3 0
680.3 1
680.4 12
680.5 30
680.5 28
680.6 10
680.7 1
680.7 0
680.8 0
680.9 0
680.9 0
681.0 0
681.1 0
681.1 0
681.2 0
681.3 1
681.3 21
681.4 122
681.5 168
681.5 83
681.6 0
681.7 0
681.7 1
681.8 1
681.9 0
681.9 0
682.0 0
682.1 0
682.1 0
682.2 0
682.3 0
682.3 0
682.4 0
682.5 0
682.5 0
682.6 0
682.7 0
682.7 0
682.8 0
682.9 0
682.9 0
683.0 0
683.1 0
683.1 0
683.2 0
683.3 0
683.3 15
683.4 107
683.5 175
683.5 198
683.6 305
683.7 747
683.7 1024
683.8 1429
683.9 2128
683.9 3619
684.0 6089
684.1 7956
684.1 9833
684.2 11435
684.3 13111
684.3 14075
684.4 12876
684.5 11628
684.5 9316
684.6 7172
684.7 5633
684.7 5283
684.8 5085
684.9 5802
684.9 7466
685.1 10550
685.1 13908
685.1 15644
685.2 17127
685.0 18451
685.3 18219
685.4 16004
685.5 12749
685.5 10445
685.6 7956
685.7 4371
685.7 2499
685.8 1895
685.9 1190
685.9 647
686.0 347
686.1 205
686.1 78
686.2 70
686.3 39
686.3 70
686.4 100
686.5 67
686.5 19
686.6 9
686.7 86
686.7 71
686.8 16
686.9 8
686.9 15
687.0 5
687.1 8
687.1 14
687.2 10
687.3 7
687.3 32
687.4 48
687.5 35
687.5 23
687.6 7
687.7 0
687.7 0
687.8 0
687.9 0
687.9 0
688.0 0
688.1 0
688.1 0
688.2 0
688.3 0
688.3 0
688.4 0
688.5 0
688.5 0
688.6 0
688.7 0
688.7 8
688.8 26
688.9 7
688.9 0
689.0 7
689.1 60
689.1 35
689.2 9
689.3 2
689.3 0
689.4 0
689.5 0
689.5 0
689.6 0
689.7 0
689.7 0
689.8 0
689.9 0
689.9 0
690.0 12
690.1 31
690.1 24
690.2 6
690.3 0
690.3 47
690.4 119
690.5 30
690.5 3
690.6 29
690.7 85
690.7 84
690.8 2
690.9 0
690.9 0
691.0 5
691.1 10
691.1 2
691.2 0
691.3 0
691.3 0
691.4 0
691.5 0
691.5 0
691.6 0
691.7 0
691.7 0
691.8 0
691.9 0
691.9 0
692.0 0
692.1 0
692.1 0
692.2 0
692.3 0
692.3 0
692.4 0
692.5 0
692.5 0
692.6 0
692.7 0
692.7 0
692.8 0
692.9 0
692.9 0
693.0 0
693.1 0
693.1 0
693.2 0
693.3 0
693.3 0
693.4 0
693.5 0
693.5 0
693.6 0
693.7 0
693.7 0
693.8 0
693.9 0
693.9 0
694.0 0
694.1 0
694.1 0
694.2 0
694.3 0
694.3 4
694.4 19
694.5 28
694.5 16
694.6 0
694.7 0
694.7 0
694.8 0
694.9 0
694.9 0
695.0 0
695.1 0
695.1 0
695.2 0
695.3 0
695.3 0
695.4 0
695.5 0
695.5 0
695.6 0
695.7 0
695.7 0
695.8 0
695.9 0
695.9 0
696.0 0
696.1 0
696.1 0
696.2 0
696.3 0
696.3 3
696.4 13
696.5 7
696.5 2
696.6 0
696.7 0
696.7 0
696.8 0
696.9 0
696.9 0
697.0 0
697.1 0
697.1 0
697.2 0
697.3 0
697.3 0
697.4 0
697.5 0
697.5 0
697.6 0
697.7 0
697.7 0
697.8 0
697.9 0
697.9 0
698.0 0
698.1 6
698.1 39
698.2 62
698.3 36
698.3 8
698.4 51
698.5 111
698.5 80
698.6 20
698.7 0
698.7 0
698.8 0
698.9 0
698.9 0
699.0 0
699.1 0
699.1 0
699.2 0
699.3 18
699.3 45
699.4 36
699.5 9
699.5 0
699.6 0
699.7 0
699.7 0
699.8 0
699.9 0
699.9 0
700.0 0
700.1 0
700.1 0
700.2 18
700.3 55
700.3 62
700.4 29
700.5 6
700.5 0
700.6 32
700.7 87
700.7 23
700.8 1
700.9 0
700.9 1
701.0 15
701.1 69
701.1 130
701.2 59
701.3 26
701.3 32
701.4 8
701.5 2
701.5 12
701.6 21
701.7 3
701.7 0
701.8 0
701.9 0
701.9 0
702.0 0
702.1 0
702.1 0
702.2 2
702.3 11
702.3 33
702.4 50
702.5 56
702.5 89
702.6 78
702.7 5
702.7 1
702.8 0
702.9 0
702.9 0
703.0 0
703.1 0
703.1 57
703.2 112
703.3 77
703.3 18
703.4 1
703.5 0
703.5 0
703.6 0
703.7 0
703.7 0
703.8 0
703.9 0
703.9 0
704.0 0
704.1 0
704.1 0
704.2 0
704.3 0
704.3 0
704.4 0
704.5 0
704.5 0
704.6 0
704.7 0
704.7 0
704.8 0
704.9 0
704.9 0
705.0 0
705.1 0
705.1 0
705.2 0
705.3 0
705.3 0
705.4 0
705.5 0
705.5 0
705.6 0
705.7 0
705.7 0
705.8 0
705.9 0
705.9 0
706.0 0
706.1 0
706.1 0
706.2 0
706.3 0
706.3 0
706.4 0
706.5 0
706.5 0
706.6 0
706.7 0
706.7 0
706.8 0
706.9 0
706.9 0
707.0 0
707.1 16
707.1 48
707.2 13
707.3 0
707.3 0
707.4 0
707.5 0
707.5 0
707.6 0
707.7 0
707.7 0
707.8 0
707.9 0
707.9 0
708.0 28
708.1 40
708.1 20
708.2 3
708.3 0
708.3 0
708.4 0
708.5 0
708.5 0
708.6 0
708.7 0
708.7 0
708.8 0
708.9 0
708.9 0
709.0 0
709.1 0
709.1 0
709.2 0
709.3 0
709.3 0
709.4 0
709.5 0
709.5 0
709.6 0
709.7 0
709.7 0
709.8 0
709.9 0
709.9 0
710.0 0
710.1 0
710.1 0
710.2 0
710.3 0
710.3 0
710.4 0
710.5 0
710.5 0
710.6 0
710.7 0
710.7 0
710.8 0
710.9 2
710.9 12
711.0 8
711.1 2
711.1 0
711.2 0
711.3 0
711.3 0
711.4 0
711.5 0
711.5 0
711.6 0
711.7 0
711.7 0
711.8 0
711.9 0
711.9 0
712.0 0
712.1 0
712.1 0
712.2 0
712.3 0
712.3 0
712.4 0
712.5 0
712.5 0
712.6 0
712.7 0
712.7 0
712.8 0
712.9 0
712.9 0
713.0 0
713.1 0
713.1 19
713.2 81
713.3 37
713.3 6
713.4 0
713.5 0
713.5 0
713.6 0
713.7 0
713.7 0
713.8 0
713.9 0
713.9 0
714.0 0
714.1 0
714.1 0
714.2 0
714.3 25
714.3 78
714.4 85
714.5 36
714.5 5
714.6 5
714.7 23
714.7 10
714.8 2
714.9 1
714.9 0
715.0 0
715.1 0
715.1 8
715.2 24
715.3 20
715.3 6
715.4 1
715.5 7
715.5 31
715.6 38
715.7 2
715.7 1
715.8 0
715.9 0
715.9 0
716.0 0
716.1 0
716.1 0
716.2 0
716.3 0
716.3 0
716.4 0
716.5 0
716.5 0
716.6 0
716.7 0
716.7 0
716.8 0
716.9 0
716.9 0
717.0 7
717.1 12
717.1 7
717.2 2
717.3 0
717.3 0
717.4 0
717.5 20
717.5 64
717.6 71
717.7 31
717.7 7
717.8 0
717.9 0
717.9 0
718.0 7
718.1 23
718.1 11
718.2 23
718.3 106
718.3 156
718.4 145
718.5 70
718.5 2
718.6 0
718.7 0
718.7 0
718.8 0
718.9 0
718.9 0
719.0 1
719.1 9
719.1 30
719.2 23
719.3 12
719.3 25
719.4 33
719.5 18
719.5 4
719.6 0
719.7 0
719.7 0
719.8 0
719.9 0
719.9 0
720.0 0
720.1 0
720.1 0
720.2 0
720.3 0
720.3 5
720.4 15
720.5 12
720.5 1
720.6 0
720.7 0
720.7 0
720.8 0
720.9 0
720.9 0
721.0 0
721.1 0
721.1 0
721.2 7
721.3 3
721.3 131
721.4 175
721.5 82
721.5 7
721.6 0
721.7 2
721.7 1
721.8 0
721.9 0
721.9 0
722.0 1
722.1 15
722.1 35
722.2 7
722.3 0
722.3 0
722.4 0
722.5 0
722.5 0
722.6 0
722.7 0
722.7 0
722.8 0
722.9 0
722.9 0
723.0 0
723.1 0
723.1 0
723.2 0
723.3 0
723.3 15
723.4 45
723.5 45
723.5 17
723.6 2
723.7 0
723.7 0
723.8 58
723.9 153
723.9 140
724.0 48
724.1 4
724.1 0
724.2 0
724.3 0
724.3 0
724.4 0
724.5 0
724.5 0
724.6 0
724.7 1
724.7 9
724.8 23
724.9 22
724.9 1
725.0 1
725.1 0
725.1 0
725.2 0
725.3 0
725.3 0
725.4 0
725.5 0
725.5 0
725.6 0
725.7 0
725.7 0
725.8 0
725.9 0
725.9 0
726.0 0
726.1 0
726.1 0
726.2 0
726.3 0
726.3 0
726.4 0
726.5 0
726.5 0
726.6 0
726.7 0
726.7 12
726.8 35
726.9 13
726.9 7
727.0 16
727.1 3
727.1 1
727.2 0
727.3 1
727.3 7
727.4 17
727.5 3
727.5 0
727.6 0
727.7 0
727.7 0
727.8 4
727.9 13
727.9 10
728.0 3
728.1 1
728.1 0
728.2 0
728.3 0
728.3 0
728.4 0
728.5 0
728.5 0
728.6 0
728.7 0
728.7 0
728.8 0
728.9 0
728.9 36
729.0 31
729.1 9
729.1 0
729.2 0
729.3 0
729.3 0
729.4 0
729.5 0
729.5 0
729.6 0
729.7 0
729.7 0
729.8 0
729.9 0
729.9 0
730.0 0
730.1 0
730.1 0
730.2 0
730.3 0
730.3 0
730.4 0
730.5 0
730.5 0
730.6 0
730.7 0
730.7 0
730.8 0
730.9 0
730.9 0
731.0 0
731.1 0
731.1 0
731.2 0
731.3 0
731.3 0
731.4 0
731.5 0
731.5 0
731.6 0
731.7 9
731.7 27
731.8 24
731.9 7
731.9 0
732.0 0
732.1 0
732.1 0
732.2 0
732.3 0
732.3 0
732.4 0
732.5 0
732.5 0
732.6 0
732.7 0
732.7 0
732.8 0
732.9 0
732.9 0
733.0 0
733.1 0
733.1 0
733.2 0
733.3 0
733.3 0
733.4 0
733.5 0
733.5 0
733.6 0
733.7 0
733.7 0
733.8 0
733.9 0
733.9 0
734.0 0
734.1 0
734.1 0
734.2 0
734.3 0
734.3 0
734.4 1
734.5 22
734.5 26
734.6 13
734.7 3
734.7 1
734.8 0
734.9 0
734.9 0
735.0 0
735.1 0
735.1 13
735.2 33
735.3 39
735.3 48
735.4 55
735.5 4
735.5 0
735.6 0
735.7 0
735.7 0
735.8 0
735.9 0
735.9 0
736.0 0
736.1 0
736.1 0
736.2 0
736.3 0
736.3 0
736.4 0
736.5 0
736.5 0
736.6 0
736.7 0
736.7 0
736.8 0
736.9 0
736.9 0
737.0 0
737.1 0
737.1 1
737.2 102
737.3 82
737.3 29
737.4 25
737.5 43
737.5 56
737.6 17
737.7 3
737.7 8
737.8 36
737.9 58
737.9 7
738.0 0
738.1 0
738.1 0
738.2 0
738.3 8
738.3 5
738.4 7
738.5 0
738.5 0
738.6 282
738.7 2056
738.7 3371
738.8 2102
738.9 84
738.9 66
739.0 38
739.1 21
739.1 55
739.2 27
739.3 7
739.3 2
739.4 16
739.5 59
739.5 75
739.6 36
739.7 1
739.7 0
739.8 0
739.9 0
739.9 0
740.0 0
740.1 3
740.1 13
740.2 18
740.3 9
740.3 0
740.4 0
740.5 0
740.5 0
740.6 0
740.7 0
740.7 0
740.8 0
740.9 0
740.9 8
741.0 66
741.1 107
741.1 108
741.2 49
741.3 1
741.3 0
741.4 0
741.5 0
741.5 0
741.6 5
741.7 28
741.7 45
741.8 5
741.9 0
741.9 0
742.0 0
742.1 0
742.1 0
742.2 0
742.3 0
742.3 0
742.4 0
742.5 0
742.5 0
742.6 0
742.7 0
742.7 0
742.8 0
742.9 0
742.9 0
743.0 0
743.1 0
743.1 0
743.2 0
743.3 0
743.3 0
743.4 0
743.5 0
743.5 0
743.6 0
743.7 0
743.7 0
743.8 0
743.9 0
743.9 0
744.0 0
744.1 0
744.1 0
744.2 0
744.3 0
744.3 0
744.4 0
744.5 0
744.5 0
744.6 0
744.7 0
744.7 0
744.8 0
744.9 0
744.9 0
745.0 0
745.1 0
745.1 0
745.2 0
745.3 0
745.3 0
745.4 0
745.5 1
745.5 24
745.6 72
745.7 30
745.7 5
745.8 0
745.9 0
745.9 0
746.0 0
746.1 0
746.1 0
746.2 4
746.3 14
746.3 7
746.4 0
746.5 27
746.5 96
746.6 69
746.7 45
746.7 18
746.8 3
746.9 1
746.9 0
747.0 0
747.1 0
747.1 0
747.2 0
747.3 0
747.3 0
747.4 0
747.5 0
747.5 0
747.6 0
747.7 0
747.7 0
747.8 0
747.9 0
747.9 0
748.0 0
748.1 0
748.1 1
748.2 8
748.3 30
748.3 50
748.4 38
748.5 3
748.5 1
748.6 0
748.7 0
748.7 0
748.8 0
748.9 0
748.9 0
749.0 0
749.1 0
749.1 0
749.2 0
749.3 0
749.3 0
749.4 0
749.5 0
749.5 0
749.6 0
749.7 0
749.7 0
749.8 0
749.9 0
749.9 1
750.0 15
750.1 15
750.1 6
750.2 1
750.3 0
750.3 0
750.4 0
750.5 0
750.5 0
750.6 0
750.7 0
750.7 0
750.8 0
750.9 0
750.9 0
751.0 0
751.1 0
751.1 0
751.2 0
751.3 0
751.3 0
751.4 0
751.5 0
751.5 0
751.6 0
751.7 0
751.7 20
751.8 53
751.9 16
751.9 0
752.0 0
752.1 0
752.1 0
752.2 0
752.3 0
752.3 0
752.4 0
752.5 0
752.5 0
752.6 0
752.7 0
752.7 0
752.8 3
752.9 25
752.9 46
753.0 34
753.1 6
753.1 14
753.2 33
753.3 68
753.3 29
753.4 8
753.5 1
753.5 0
753.6 30
753.7 145
753.7 180
753.8 80
753.9 0
753.9 0
754.0 3
754.1 3
754.1 21
754.2 24
754.3 12
754.3 1
754.4 14
754.5 36
754.5 30
754.6 8
754.7 0
754.7 0
754.8 0
754.9 0
754.9 4
755.0 2
755.1 79
755.1 112
755.2 56
755.3 10
755.3 2
755.4 3
755.5 1
755.5 0
755.6 0
755.7 0
755.7 0
755.8 0
755.9 0
755.9 0
756.0 0
756.1 0
756.1 0
756.2 2
756.3 12
756.3 25
756.4 6
756.5 0
756.5 0
756.6 0
756.7 0
756.7 0
756.8 0
756.9 0
756.9 0
757.0 0
757.1 0
757.1 0
757.2 0
757.3 0
757.3 0
757.4 0
757.5 0
757.5 0
757.6 0
757.7 0
757.7 0
757.8 0
757.9 7
757.9 28
758.0 17
758.1 4
758.1 19
758.2 15
758.3 4
758.3 2
758.4 0
758.5 0
758.5 0
758.6 0
758.7 0
758.7 0
758.8 0
758.9 0
758.9 0
759.0 0
759.1 0
759.1 0
759.2 0
759.3 0
759.3 1
759.4 10
759.5 19
759.5 13
759.6 4
759.7 0
759.7 0
759.8 0
759.9 0
759.9 0
760.0 0
760.1 0
760.1 0
760.2 0
760.3 0
760.3 0
760.4 0
760.5 0
760.5 0
760.6 0
760.7 0
760.7 0
760.8 6
760.9 41
760.9 105
761.0 69
761.1 17
761.1 0
761.2 4
761.3 15
761.3 25
761.4 23
761.5 13
761.5 36
761.6 45
761.7 23
761.7 4
761.8 0
761.9 0
761.9 41
762.0 54
762.1 29
762.1 7
762.2 2
762.3 0
762.3 0
762.4 0
762.5 0
762.5 0
762.6 0
762.7 0
762.7 0
762.8 0
762.9 0
762.9 0
763.0 0
763.1 0
763.1 0
763.2 0
763.3 27
763.3 79
763.4 72
763.5 3
763.5 1
763.6 0
763.7 0
763.7 0
763.8 0
763.9 0
763.9 0
764.0 0
764.1 0
764.1 0
764.2 0
764.3 0
764.3 9
764.4 24
764.5 21
764.5 7
764.6 0
764.7 0
764.7 0
764.8 0
764.9 0
764.9 0
765.0 0
765.1 0
765.1 0
765.2 0
765.3 0
765.3 0
765.4 0
765.5 0
765.5 0
765.6 0
765.7 0
765.7 0
765.8 0
765.9 0
765.9 0
766.0 0
766.1 0
766.1 0
766.2 0
766.3 0
766.3 0
766.4 0
766.5 0
766.5 0
766.6 0
766.7 0
766.7 0
766.8 0
766.9 0
766.9 0
767.0 0
767.1 0
767.1 0
767.2 0
767.3 0
767.3 11
767.4 23
767.5 7
767.5 0
767.6 0
767.7 0
767.7 0
767.8 0
767.9 0
767.9 0
768.0 0
768.1 0
768.1 0
768.2 3
768.3 14
768.3 8
768.4 4
768.5 15
768.5 29
768.6 23
768.7 0
768.7 0
768.8 0
768.9 0
768.9 0
769.0 0
769.1 0
769.1 0
769.2 0
769.3 19
769.3 45
769.4 7
769.5 45
769.5 121
769.6 116
769.7 53
769.7 14
769.8 0
769.9 0
769.9 0
770.0 0
770.1 0
770.1 0
770.2 0
770.3 0
770.3 0
770.4 0
770.5 0
770.5 0
770.6 0
770.7 5
770.7 12
770.8 7
770.9 0
770.9 0
771.0 0
771.1 0
771.1 0
771.2 39
771.3 78
771.3 53
771.4 12
771.5 33
771.5 92
771.6 86
771.7 30
771.7 3
771.8 0
771.9 0
771.9 6
772.0 15
772.1 13
772.1 12
772.2 28
772.3 20
772.3 4
772.4 0
772.5 0
772.5 0
772.6 0
772.7 0
772.7 0
772.8 0
772.9 0
772.9 0
773.0 0
773.1 0
773.1 0
773.2 0
773.3 0
773.3 0
773.4 0
773.5 0
773.5 0
773.6 0
773.7 0
773.7 0
773.8 0
773.9 0
773.9 0
774.0 1
774.1 7
774.1 13
774.2 4
774.3 2
774.3 8
774.4 34
774.5 53
774.5 30
774.6 7
774.7 0
774.7 0
774.8 0
774.9 0
774.9 0
775.0 0
775.1 0
775.1 0
775.2 0
775.3 0
775.3 0
775.4 0
775.5 0
775.5 0
775.6 0
775.7 0
775.7 15
775.8 36
775.9 27
775.9 0
776.0 0
776.1 0
776.1 0
776.2 4
776.3 9
776.3 7
776.4 2
776.5 17
776.5 26
776.6 13
776.7 14
776.7 26
776.8 3
776.9 0
776.9 0
777.0 0
777.1 0
777.1 0
777.2 0
777.3 0
777.3 0
777.4 0
777.5 0
777.5 0
777.6 0
777.7 0
777.7 0
777.8 0
777.9 0
777.9 0
778.0 0
778.1 0
778.1 0
778.2 0
778.3 2
778.3 8
778.4 5
778.5 0
778.5 0
778.6 0
778.7 0
778.7 0
778.8 0
778.9 0
778.9 0
779.0 0
779.1 0
779.1 0
779.2 0
779.3 0
779.3 0
779.4 0
779.5 0
779.5 0
779.6 0
779.7 0
779.7 0
779.8 0
779.9 0
779.9 0
780.0 0
780.1 0
780.1 0
780.2 0
780.3 0
780.3 0
780.4 0
780.5 0
780.5 0
780.6 0
780.7 0
780.7 0
780.8 0
780.9 0
780.9 0
781.0 0
781.1 0
781.1 0
781.2 10
781.3 36
781.3 52
781.4 30
781.5 5
781.5 0
781.6 0
781.7 0
781.7 0
781.8 0
781.9 0
781.9 0
782.0 0
782.1 0
782.1 0
782.2 0
782.3 0
782.3 0
782.4 0
782.5 0
782.5 0
782.6 0
782.7 0
782.7 0
782.8 0
782.9 0
782.9 0
783.0 0
783.1 0
783.1 0
783.2 0
783.3 0
783.3 0
783.4 0
783.5 0
783.5 0
783.6 0
783.7 0
783.7 0
783.8 0
783.9 0
783.9 0
784.0 0
784.1 0
784.1 20
784.2 28
784.3 15
784.3 5
784.4 2
784.5 0
784.5 0
784.6 0
784.7 0
784.7 0
784.8 0
784.9 0
784.9 0
785.0 0
785.1 0
785.1 0
785.2 46
785.3 116
785.3 100
785.4 46
785.5 7
785.5 0
785.6 0
785.7 0
785.7 0
785.8 0
785.9 0
785.9 0
786.0 0
786.1 0
786.1 0
786.2 0
786.3 0
786.3 0
786.4 0
786.5 0
786.5 0
786.6 0
786.7 0
786.7 0
786.8 0
786.9 0
786.9 0
787.0 0
787.1 0
787.1 0
787.2 0
787.3 0
787.3 0
787.4 62
787.5 72
787.5 40
787.6 28
787.7 104
787.7 178
787.8 111
787.9 22
787.9 0
788.0 2
788.1 1
788.1 0
788.2 0
788.3 0
788.3 0
788.4 0
788.5 0
788.5 0
788.6 0
788.7 0
788.7 0
788.8 0
788.9 0
788.9 0
789.0 0
789.1 0
789.1 2
789.2 21
789.3 40
789.3 28
789.4 7
789.5 0
789.5 0
789.6 0
789.7 0
789.7 0
789.8 0
789.9 0
789.9 0
790.0 0
790.1 0
790.1 0
790.2 0
790.3 0
790.3 0
790.4 0
790.5 0
790.5 0
790.6 3
790.7 19
790.7 26
790.8 3
790.9 1
790.9 0
791.0 0
791.1 0
791.1 0
791.2 0
791.3 0
791.3 0
791.4 0
791.5 6
791.5 49
791.6 29
791.7 7
791.7 3
791.8 9
791.9 9
791.9 5
792.0 0
792.1 0
792.1 13
792.2 48
792.3 102
792.3 59
792.4 12
792.5 0
792.5 0
792.6 0
792.7 0
792.7 0
792.8 0
792.9 0
792.9 0
793.0 0
793.1 0
793.1 1
793.2 30
793.3 28
793.3 11
793.4 3
793.5 2
793.5 0
793.6 0
793.7 0
793.7 0
793.8 0
793.9 0
793.9 0
794.0 0
794.1 0
794.1 17
794.2 42
794.3 34
794.3 11
794.4 0
794.5 0
794.5 0
794.6 0
794.7 0
794.7 0
794.8 0
794.9 0
794.9 0
795.0 0
795.1 0
795.1 0
795.2 0
795.3 0
795.3 0
795.4 0
795.5 0
795.5 0
795.6 0
795.7 0
795.7 0
795.8 0
795.9 0
795.9 0
796.0 0
796.1 9
796.1 20
796.2 48
796.3 95
796.3 81
796.4 40
796.5 34
796.5 24
796.6 7
796.7 1
796.7 0
796.8 0
796.9 0
796.9 0
797.0 0
797.1 0
797.1 0
797.2 0
797.3 6
797.3 15
797.4 19
797.5 38
797.5 45
797.6 3
797.7 0
797.7 0
797.8 0
797.9 0
797.9 0
798.0 0
798.1 0
798.1 0
798.2 0
798.3 0
798.3 0
798.4 0
798.5 0
798.5 0
798.6 0
798.7 0
798.7 0
798.8 0
798.9 0
798.9 0
799.0 0
799.1 0
799.1 0
799.2 0
799.3 0
799.3 0
799.4 0
799.5 0
799.5 0
799.6 0
799.7 0
799.7 0
799.8 0
799.9 0
799.9 0
800.0 0
800.1 0
800.1 0
800.2 0
800.3 0
800.3 0
800.4 0
800.5 0
800.5 0
800.6 0
800.7 0
800.7 0
800.8 0
800.9 0
800.9 0
801.0 0
801.1 0
801.1 0
801.2 0
801.3 11
801.3 22
801.4 7
801.5 30
801.5 71
801.6 54
801.7 0
801.7 0
801.8 0
801.9 0
801.9 0
802.0 0
802.1 0
802.1 0
802.2 0
802.3 0
802.3 0
802.4 0
802.5 0
802.5 0
802.6 0
802.7 0
802.7 0
802.8 0
802.9 0
802.9 0
803.0 0
803.1 0
803.1 0
803.2 0
803.3 15
803.3 27
803.4 7
803.5 0
803.5 0
803.6 0
803.7 0
803.7 0
803.8 0
803.9 0
803.9 0
804.0 0
804.1 0
804.1 0
804.2 0
804.3 0
804.3 0
804.4 0
804.5 0
804.5 0
804.6 0
804.7 0
804.7 0
804.8 8
804.9 35
804.9 53
805.0 49
805.1 63
805.1 59
805.2 36
805.3 30
805.3 120
805.4 197
805.5 45
805.5 1
805.6 0
805.7 0
805.7 0
805.8 0
805.9 0
805.9 49
806.0 60
806.1 29
806.1 25
806.2 32
806.3 18
806.3 4
806.4 0
806.5 0
806.5 0
806.6 0
806.7 0
806.7 0
806.8 0
806.9 0
806.9 0
807.0 0
807.1 0
807.1 0
807.2 0
807.3 0
807.3 0
807.4 0
807.5 0
807.5 0
807.6 15
807.7 42
807.7 15
807.8 1
807.9 0
807.9 0
808.0 4
808.1 18
808.1 24
808.2 13
808.3 0
808.3 0
808.4 0
808.5 0
808.5 0
808.6 0
808.7 0
808.7 0
808.8 0
808.9 0
808.9 0
809.0 0
809.1 0
809.1 0
809.2 0
809.3 0
809.3 0
809.4 0
809.5 0
809.5 0
809.6 0
809.7 0
809.7 0
809.8 0
809.9 0
809.9 8
810.0 20
810.1 4
810.1 0
810.2 0
810.3 0
810.3 0
810.4 0
810.5 0
810.5 0
810.6 0
810.7 0
810.7 0
810.8 0
810.9 0
810.9 14
811.0 92
811.1 50
811.1 10
811.2 6
811.3 15
811.3 18
811.4 10
811.5 3
811.5 0
811.6 0
811.7 0
811.7 0
811.8 0
811.9 0
811.9 0
812.0 0
812.1 0
812.1 0
812.2 1
812.3 85
812.3 209
812.4 168
812.5 25
812.5 116
812.6 56
812.7 9
812.7 0
812.8 0
812.9 0
812.9 0
813.0 0
813.1 0
813.1 2
813.2 2
813.3 23
813.3 87
813.4 235
813.5 131
813.5 17
813.6 0
813.7 0
813.7 3
813.8 0
813.9 0
813.9 0
814.0 0
814.1 0
814.1 0
814.2 8
814.3 37
814.3 29
814.4 8
814.5 2
814.5 0
814.6 3
814.7 22
814.7 26
814.8 3
814.9 2
814.9 0
815.0 0
815.1 0
815.1 0
815.2 0
815.3 0
815.3 0
815.4 0
815.5 0
815.5 0
815.6 0
815.7 0
815.7 0
815.8 0
815.9 0
815.9 0
816.0 0
816.1 0
816.1 0
816.2 0
816.3 0
816.3 0
816.4 0
816.5 0
816.5 0
816.6 0
816.7 0
816.7 0
816.8 0
816.9 5
816.9 31
817.0 17
817.1 3
817.1 1
817.2 0
817.3 0
817.3 0
817.4 0
817.5 5
817.5 43
817.6 74
817.7 46
817.7 0
817.8 0
817.9 0
817.9 0
818.0 0
818.1 25
818.1 18
818.2 6
818.3 1
818.3 0
818.4 0
818.5 0
818.5 0
818.6 0
818.7 0
818.7 0
818.8 0
818.9 0
818.9 0
819.0 0
819.1 0
819.1 0
819.2 0
819.3 0
819.3 0
819.4 0
819.5 0
819.5 0
819.6 0
819.7 0
819.7 0
819.8 0
819.9 0
819.9 0
820.0 0
820.1 0
820.1 0
820.2 0
820.3 0
820.3 0
820.4 0
820.5 0
820.5 0
820.6 0
820.7 0
820.7 0
820.8 0
820.9 0
820.9 0
821.0 0
821.1 0
821.1 0
821.2 0
821.3 0
821.3 0
821.4 0
821.5 0
821.5 19
821.6 48
821.7 36
821.7 8
821.8 0
821.9 0
821.9 0
822.0 0
822.1 0
822.1 0
822.2 1
822.3 9
822.3 16
822.4 9
822.5 8
822.5 3
822.6 50
822.7 860
822.7 813
822.8 387
822.9 79
822.9 0
823.0 0
823.1 0
823.1 0
823.2 0
823.3 0
823.3 0
823.4 0
823.5 0
823.5 0
823.6 0
823.7 0
823.7 0
823.8 0
823.9 0
823.9 0
824.0 0
824.1 0
824.1 0
824.2 0
824.3 0
824.3 0
824.4 0
824.5 0
824.5 0
824.6 0
824.7 0
824.7 0
824.8 0
824.9 0
824.9 0
825.0 0
825.1 0
825.1 0
825.2 0
825.3 0
825.3 0
825.4 0
825.5 0
825.5 0
825.6 0
825.7 14
825.7 98
825.8 104
825.9 43
825.9 5
826.0 2
826.1 0
826.1 0
826.2 0
826.3 0
826.3 0
826.4 0
826.5 0
826.5 0
826.6 0
826.7 0
826.7 0
826.8 0
826.9 0
826.9 42
827.0 78
827.1 21
827.1 0
827.2 0
827.3 0
827.3 0
827.4 0
827.5 0
827.5 0
827.6 0
827.7 0
827.7 0
827.8 0
827.9 0
827.9 0
828.0 0
828.1 0
828.1 0
828.2 0
828.3 0
828.3 0
828.4 0
828.5 0
828.5 0
828.6 0
828.7 0
828.7 0
828.8 0
828.9 0
828.9 0
829.0 0
829.1 0
829.1 0
829.2 0
829.3 0
829.3 0
829.4 0
829.5 0
829.5 0
829.6 0
829.7 0
829.7 0
829.8 0
829.9 0
829.9 0
830.0 0
830.1 19
830.1 67
830.2 83
830.3 36
830.3 70
830.4 52
830.5 13
830.5 0
830.6 0
830.7 0
830.7 0
830.8 0
830.9 0
830.9 0
831.0 0
831.1 0
831.1 0
831.2 14
831.3 70
831.3 35
831.4 7
831.5 0
831.5 0
831.6 0
831.7 0
831.7 0
831.8 0
831.9 0
831.9 0
832.0 0
832.1 0
832.1 0
832.2 3
832.3 86
832.3 66
832.4 19
832.5 0
832.5 0
832.6 1
832.7 6
832.7 10
832.8 6
832.9 0
832.9 0
833.0 0
833.1 0
833.1 0
833.2 0
833.3 0
833.3 0
833.4 0
833.5 0
833.5 0
833.6 0
833.7 3
833.7 5
833.8 1
833.9 0
833.9 0
834.0 0
834.1 0
834.1 0
834.2 0
834.3 0
834.3 0
834.4 0
834.5 0
834.5 0
834.6 0
834.7 0
834.7 0
834.8 0
834.9 0
834.9 0
835.0 0
835.1 0
835.1 0
835.2 0
835.3 0
835.3 0
835.4 0
835.5 0
835.5 0
835.6 0
835.7 0
835.7 0
835.8 0
835.9 0
835.9 0
836.0 0
836.1 1
836.1 8
836.2 56
836.3 31
836.3 5
836.4 0
836.5 0
836.5 0
836.6 0
836.7 0
836.7 0
836.8 0
836.9 0
836.9 0
837.0 0
837.1 0
837.1 0
837.2 0
837.3 0
837.3 0
837.4 0
837.5 0
837.5 27
837.6 60
837.7 37
837.7 22
837.8 7
837.9 0
837.9 0
838.0 0
838.1 7
838.1 10
838.2 2
838.3 0
838.3 0
838.4 0
838.5 0
838.5 0
838.6 0
838.7 0
838.7 0
838.8 0
838.9 0
838.9 0
839.0 0
839.1 0
839.1 0
839.2 0
839.3 0
839.3 0
839.4 0
839.5 0
839.5 0
839.6 0
839.7 0
839.7 0
839.8 0
839.9 0
839.9 0
840.0 0
840.1 0
840.1 0
840.2 0
840.3 0
840.3 0
840.4 0
840.5 0
840.5 0
840.6 0
840.7 0
840.7 0
840.8 0
840.9 0
840.9 0
841.0 0
841.1 0
841.1 0
841.2 0
841.3 0
841.3 0
841.4 0
841.5 0
841.5 0
841.6 0
841.7 0
841.7 0
841.8 0
841.9 0
841.9 0
842.0 0
842.1 0
842.1 0
842.2 0
842.3 0
842.3 0
842.4 0
842.5 0
842.5 0
842.6 0
842.7 0
842.7 0
842.8 0
842.9 0
842.9 0
843.0 0
843.1 0
843.1 0
843.2 0
843.3 0
843.3 5
843.4 16
843.5 16
843.5 0
843.6 0
843.7 0
843.7 0
843.8 0
843.9 0
843.9 0
844.0 0
844.1 0
844.1 0
844.2 0
844.3 0
844.3 0
844.4 0
844.5 0
844.5 0
844.6 0
844.7 0
844.7 0
844.8 0
844.9 0
844.9 0
845.0 1
845.1 49
845.1 76
845.2 44
845.3 9
845.3 1
845.4 0
845.5 0
845.5 0
845.6 0
845.7 0
845.7 0
845.8 0
845.9 0
845.9 0
846.0 0
846.1 0
846.1 0
846.2 0
846.3 3
846.3 15
846.4 37
846.5 35
846.5 15
846.6 2
846.7 0
846.7 0
846.8 0
846.9 3
846.9 19
847.0 23
847.1 1
847.1 6
847.2 20
847.3 26
847.3 19
847.4 11
847.5 13
847.5 4
847.6 0
847.7 0
847.7 0
847.8 0
847.9 16
847.9 49
848.0 46
848.1 1
848.1 0
848.2 0
848.3 0
848.3 0
848.4 0
848.5 0
848.5 0
848.6 0
848.7 0
848.7 0
848.8 0
848.9 0
848.9 0
849.0 5
849.1 13
849.1 3
849.2 4
849.3 40
849.3 69
849.4 40
849.5 12
849.5 0
849.6 0
849.7 0
849.7 46
849.8 116
849.9 23
849.9 15
850.0 28
