311.2 19
311.2 28
311.2 28
311.2 19
311.1 12
311.1 213
311.1 1292
311.1 3292
311.0 4891
311.1 4825
311.1 3174
311.1 1272
311.1 273
311.1 49
312.1 20
312.1 189
312.1 1035
312.1 2709
312.1 4190
312.1 4283
312.1 2903
312.1 1155
312.2 197
312.2 17
312.2 29
312.2 33
312.2 24
312.4 22
312.4 26
312.5 25
312.5 19
312.8 19
312.8 22
312.8 23
312.8 20
452.2 40
452.2 193
452.2 773
452.2 1867
452.2 2825
452.0 2879
452.2 1958
452.2 782
452.2 125
453.2 13
453.2 23
453.2 28
453.2 24
453.2 13
453.2 31
575.1 18
575.1 21
575.1 20
575.1 18
575.1 12
575.2 15
575.3 19
575.3 30
575.3 686
575.3 4806
575.3 14498
575.3 25108
575.0 28727
575.3 22275
575.3 11011
575.3 2717
575.3 69
575.5 19
575.5 24
575.5 23
575.5 15
576.5 12
576.5 19
576.5 22
576.5 18
576.6 12
576.6 22
576.6 25
576.6 18
577.3 20
600.2 11
600.2 20
600.3 22
600.3 16
600.4 13
600.4 20
600.4 21
600.4 18
600.4 12
600.8 12
600.8 20
600.8 24
600.8 21
600.8 11
600.9 18
600.9 23
600.9 22
601.0 18
601.0 11
601.2 11
601.2 27
601.2 341
601.2 2550
601.3 8198
601.3 14638
601.0 17093
601.3 13464
601.3 6721
601.3 1616
601.3 52
601.8 15
601.8 19
601.8 20
601.8 18
601.8 11
603.0 14
603.0 18
603.0 20
603.0 18
603.0 11
603.7 15
603.7 21
603.7 22
603.7 20
603.7 13
618.7 18
618.7 10
619.2 41
619.2 252
619.2 680
619.2 1022
619.2 1158
619.3 2129
619.3 5599
619.3 9837
619.0 11472
619.3 9047
619.3 4553
619.3 1145
619.3 16
619.3 48
619.3 19
619.3 24
619.5 12
619.5 19
619.5 22
619.5 18
619.6 14
619.6 20
619.6 21
619.6 17
619.6 10
