287.1 76
287.1 1356
287.1 5854
287.1 11258
287.0 13512
287.1 10682
287.1 5179
287.1 999
287.1 49
331.0 3
331.0 5
331.0 6
331.0 5
331.0 3
331.0 0
331.0 3
331.0 5
331.0 6
331.0 5
331.1 4
331.1 3
331.1 7
331.1 9
331.1 10
331.1 9
331.1 7
331.1 4
331.1 5
331.1 5
331.1 4
331.1 2
331.2 3
331.2 5
331.2 6
331.2 5
331.2 2
331.2 4
331.2 5
331.2 6
331.3 6
331.3 5
331.3 2
331.3 4
331.3 8
331.3 10
331.0 11
331.3 9
331.3 3
331.3 4
331.3 5
331.3 5
331.3 5
331.3 4
331.4 2
331.4 5
331.4 6
331.4 6
331.4 4
331.4 4
331.4 5
331.4 5
331.4 5
331.4 5
331.4 4
331.5 2
331.5 5
331.5 6
331.5 5
331.5 3
331.7 2
331.7 5
331.7 6
331.7 6
331.7 5
331.7 4
331.7 2
331.7 5
331.7 7
331.7 7
331.7 5
331.7 2
332.2 4
332.2 6
332.2 7
332.2 5
332.2 2
332.2 3
332.2 4
332.2 5
332.2 5
332.2 4
332.3 4
332.3 5
332.3 5
332.3 5
332.3 3
332.3 2
332.3 5
332.3 6
332.3 5
332.3 4
332.4 2
332.4 5
332.4 6
332.4 5
332.4 3
332.4 4
332.4 6
332.4 6
332.4 5
332.4 2
332.4 0
332.4 3
332.4 5
332.4 5
332.4 7
332.4 8
332.4 6
332.4 5
332.4 4
332.4 0
332.5 7
332.5 10
332.5 12
332.5 10
332.5 6
332.5 3
332.5 8
332.5 11
332.5 11
332.5 10
332.5 7
332.6 4
332.6 5
332.6 5
332.6 6
332.6 6
332.6 5
332.6 3
332.8 2
332.9 5
332.9 6
332.9 6
332.9 4
332.9 2
332.9 4
332.9 5
332.9 5
332.9 3
333.0 4
333.0 5
333.0 8
432.2 148
432.2 1050
432.2 3022
432.0 4625
432.2 4504
432.2 2758
432.2 820
432.2 69
432.7 21
433.2 21
433.2 132
433.2 270
433.2 324
433.2 233
433.2 80
433.2 24
433.3 22
434.2 21
434.2 47
434.2 62
434.2 52
434.2 25
555.2 118
555.3 374
555.3 613
555.0 636
555.3 428
555.3 155
573.2 163
573.3 1791
573.3 12093
573.3 28461
573.0 40031
573.3 37156
573.3 22367
573.3 7387
573.3 419
574.7 24
574.7 37
574.7 43
574.7 43
574.7 66
574.7 103
574.8 153
574.8 248
574.8 352
574.8 447
574.8 519
574.8 586
574.8 638
574.8 690
574.8 771
574.8 919
574.8 1046
574.8 1091
574.8 1097
574.8 1075
574.8 999
574.8 916
574.8 887
574.8 839
574.8 746
574.9 634
574.9 466
574.9 313
574.9 250
574.9 200
574.9 164
574.9 167
574.9 147
574.9 134
574.9 116
574.9 87
574.9 54
574.9 47
574.9 23
599.2 345
599.2 2285
599.2 5313
599.0 7217
599.3 6371
599.3 3509
599.3 890
599.3 66
599.4 37
599.4 87
599.4 127
599.4 145
599.4 113
599.4 51
617.2 309
617.2 1181
617.3 2207
617.0 2602
617.3 2027
617.3 975
617.3 211
617.8 22
617.8 27
617.8 31
617.8 29
